"ID","Choice0","Choice1"
1,0,1
2,1,0
3,0,1
4,0.52,0.48
5,0,1
6,1,0
7,0.01,0.99
8,0.05,0.95
9,0,1
10,0.3,0.7
11,0.04,0.96
12,0.99,0.01
13,1,0
14,0.98,0.02
15,0.89,0.11
16,0.23,0.77
17,0,1
18,0.51,0.49
19,0.96,0.04
20,0.89,0.11
21,1,0
22,1,0
23,1,0
24,0,1
25,0.48,0.52
26,0.58,0.42
27,0.02,0.98
28,0.52,0.48
29,0,1
30,0.21,0.79
31,0.98,0.02
32,0.36,0.64
33,0.45,0.55
34,0.93,0.07
35,1,0
36,0.89,0.11
37,0,1
38,1,0
39,0.22,0.78
40,0.98,0.02
41,0.6,0.4
42,0.99,0.01
43,0.79,0.21
44,1,0
45,0.39,0.61
46,0.74,0.26
47,0.71,0.29
48,0.13,0.87
49,1,0
50,0.08,0.92
51,1,0
52,1,0
53,0.97,0.03
54,0,1
55,1,0
56,0.99,0.01
57,0,1
58,1,0
59,1,0
60,0.03,0.97
61,0.01,0.99
62,1,0
63,0.24,0.76
64,0.14,0.86
65,1,0
66,1,0
67,0.45,0.55
68,0.05,0.95
69,0,1
70,0.69,0.31
71,0,1
72,0.04,0.96
73,0.77,0.23
74,0.87,0.13
75,0.25,0.75
76,0.82,0.18
77,0,1
78,1,0
79,0.97,0.03
80,0.42,0.58
81,0,1
82,0.97,0.03
83,0.18,0.82
84,0.21,0.79
85,0.72,0.28
86,0.98,0.02
87,1,0
88,0.32,0.68
89,0.56,0.44
90,0.13,0.87
91,1,0
92,0.44,0.56
93,0,1
94,0.36,0.64
95,0.97,0.03
96,0,1
97,0.49,0.51
98,0.56,0.44
99,1,0
100,1,0
101,0.82,0.18
102,0.77,0.23
103,0,1
104,0,1
105,1,0
106,0.35,0.65
107,0.35,0.65
108,0.02,0.98
109,0.03,0.97
110,0,1
111,0.04,0.96
112,0.99,0.01
113,0.02,0.98
114,1,0
115,0.62,0.38
116,0.97,0.03
117,1,0
118,0,1
119,0.46,0.54
120,0.91,0.09
121,0,1
122,1,0
123,0.05,0.95
124,0.53,0.47
125,1,0
126,0.9,0.1
127,1,0
128,0.94,0.06
129,1,0
130,0.29,0.71
131,0.01,0.99
132,0.65,0.35
133,0.34,0.66
134,1,0
135,0,1
136,0.63,0.37
137,1,0
138,0,1
139,0,1
140,0,1
141,0.53,0.47
142,0,1
143,0,1
144,0.03,0.97
145,0.25,0.75
146,0.74,0.26
147,0.68,0.32
148,1,0
149,0,1
150,0,1
151,0.65,0.35
152,0.04,0.96
153,0,1
154,1,0
155,1,0
156,1,0
157,0.46,0.54
158,0,1
159,0.01,0.99
160,0.97,0.03
161,0.2,0.8
162,1,0
163,0,1
164,1,0
165,0,1
166,0.62,0.38
167,0.26,0.74
168,0.74,0.26
169,0,1
170,0.15,0.85
171,0.08,0.92
172,0,1
173,0.73,0.27
174,0.71,0.29
175,0,1
176,0,1
177,0,1
178,0.9,0.1
179,0.95,0.05
180,0.24,0.76
181,0.75,0.25
182,1,0
183,0,1
184,0,1
185,0.83,0.17
186,1,0
187,0,1
188,0.99,0.01
189,0.15,0.85
190,1,0
191,0,1
192,0.06,0.94
193,0.57,0.43
194,0.02,0.98
195,0,1
196,0.53,0.47
197,0,1
198,0,1
199,0.32,0.68
200,1,0
201,0.72,0.28
202,0.26,0.74
203,0.99,0.01
204,0,1
205,1,0
206,1,0
207,0.24,0.76
208,0.73,0.27
209,0.19,0.81
210,0.32,0.68
211,0,1
212,1,0
213,0.47,0.53
214,0.74,0.26
215,0,1
216,1,0
217,1,0
218,0,1
219,0,1
220,0.01,0.99
221,0.11,0.89
222,1,0
223,0,1
224,0,1
225,0.86,0.14
226,0.89,0.11
227,0.95,0.05
228,1,0
229,0.09,0.91
230,1,0
231,0,1
232,1,0
233,1,0
234,0.75,0.25
235,0.72,0.28
236,0.42,0.58
237,0.72,0.28
238,0,1
239,0,1
240,0,1
241,0.35,0.65
242,1,0
243,0.86,0.14
244,0.99,0.01
245,0.23,0.77
246,0.05,0.95
247,0,1
248,1,0
249,0.7,0.3
250,0.31,0.69
251,0.46,0.54
252,0.2,0.8
253,1,0
254,0,1
255,0.01,0.99
256,0.24,0.76
257,0.97,0.03
258,0.47,0.53
259,0.01,0.99
260,1,0
261,1,0
262,0.4,0.6
263,0,1
264,1,0
265,0.19,0.81
266,0.03,0.97
267,0.12,0.88
268,0,1
269,0.01,0.99
270,0.87,0.13
271,1,0
272,0.5,0.5
273,0.6,0.4
274,0.02,0.98
275,0.65,0.35
276,0.5,0.5
277,0.19,0.81
278,0,1
279,0.99,0.01
280,0.13,0.87
281,0.84,0.16
282,0.02,0.98
283,0,1
284,0,1
285,0.1,0.9
286,0.74,0.26
287,0.04,0.96
288,0.47,0.53
289,0.18,0.82
290,0.37,0.63
291,0,1
292,0,1
293,0.59,0.41
294,1,0
295,0,1
296,0.39,0.61
297,0.05,0.95
298,0.53,0.47
299,0.19,0.81
300,0.63,0.37
301,1,0
302,0,1
303,0.99,0.01
304,1,0
305,0.94,0.06
306,1,0
307,0,1
308,1,0
309,0.04,0.96
310,0.31,0.69
311,0,1
312,1,0
313,0.26,0.74
314,0,1
315,0,1
316,0.9,0.1
317,0,1
318,0.95,0.05
319,1,0
320,0.15,0.85
321,0.94,0.06
322,0.47,0.53
323,1,0
324,1,0
325,0,1
326,1,0
327,0.84,0.16
328,0.63,0.37
329,0.56,0.44
330,0,1
331,1,0
332,0.04,0.96
333,1,0
334,1,0
335,0.24,0.76
336,0.52,0.48
337,0.91,0.09
338,0.59,0.41
339,0,1
340,0.88,0.12
341,0.83,0.17
342,0.99,0.01
343,0,1
344,0.85,0.15
345,0.36,0.64
346,0.73,0.27
347,0.01,0.99
348,1,0
349,0.98,0.02
350,0.46,0.54
351,1,0
352,0.09,0.91
353,0,1
354,0.74,0.26
355,1,0
356,0.72,0.28
357,0.31,0.69
358,0,1
359,0,1
360,0.53,0.47
361,0.8,0.2
362,0,1
363,0.33,0.67
364,0,1
365,0,1
366,0.48,0.52
367,0,1
368,1,0
369,0,1
370,0.93,0.07
371,0,1
372,0,1
373,1,0
374,0.04,0.96
375,0.01,0.99
376,0,1
377,1,0
378,1,0
379,0.35,0.65
380,0.2,0.8
381,0.66,0.34
382,0.04,0.96
383,0.72,0.28
384,0,1
385,0.85,0.15
386,1,0
387,1,0
388,0,1
389,0.65,0.35
390,0.02,0.98
391,0.63,0.37
392,0.27,0.73
393,0.99,0.01
394,0.17,0.83
395,0,1
396,0,1
397,0.49,0.51
398,0.27,0.73
399,0.85,0.15
400,0.38,0.62
401,0,1
402,1,0
403,0.22,0.78
404,0.35,0.65
405,0.98,0.02
406,0.64,0.36
407,1,0
408,0.57,0.43
409,0.02,0.98
410,0.48,0.52
411,0.05,0.95
412,0,1
413,0.79,0.21
414,1,0
415,0,1
416,0,1
417,0.69,0.31
418,0,1
419,0.02,0.98
420,0,1
421,0.36,0.64
422,1,0
423,0,1
424,0,1
425,1,0
426,0.87,0.13
427,0.97,0.03
428,0.69,0.31
429,0.17,0.83
430,0,1
431,0.44,0.56
432,0,1
433,0.19,0.81
434,1,0
435,0.01,0.99
436,0,1
437,0.69,0.31
438,0.95,0.05
439,0.22,0.78
440,1,0
441,0.44,0.56
442,0,1
443,0.95,0.05
444,0,1
445,1,0
446,0.63,0.37
447,1,0
448,0,1
449,0,1
450,0.25,0.75
451,0,1
452,0.99,0.01
453,0.15,0.85
454,0.66,0.34
455,1,0
456,1,0
457,0.87,0.13
458,0,1
459,0,1
460,0.08,0.92
461,0.79,0.21
462,0.29,0.71
463,0.86,0.14
464,0.12,0.88
465,0.71,0.29
466,0.28,0.72
467,1,0
468,0.23,0.77
469,0,1
470,0,1
471,0.66,0.34
472,1,0
473,0.7,0.3
474,0.99,0.01
475,0.69,0.31
476,0.97,0.03
477,0,1
478,1,0
479,0.01,0.99
480,0.44,0.56
481,0.47,0.53
482,0.99,0.01
483,0.02,0.98
484,0.9,0.1
485,0.37,0.63
486,0,1
487,0,1
488,1,0
489,0,1
490,0,1
491,1,0
492,0.73,0.27
493,0.73,0.27
494,1,0
495,0.57,0.43
496,0.09,0.91
497,0.95,0.05
498,0.93,0.07
499,0.06,0.94
500,0.93,0.07
501,1,0
502,0.8,0.2
503,0,1
504,0.19,0.81
505,0.1,0.9
506,1,0
507,0,1
508,1,0
509,0.61,0.39
510,1,0
511,0.31,0.69
512,0.89,0.11
513,0,1
514,0,1
515,0.02,0.98
516,0.04,0.96
517,0.43,0.57
518,0.97,0.03
519,0.46,0.54
520,0.15,0.85
521,0.05,0.95
522,0,1
523,0,1
524,0,1
525,1,0
526,0.03,0.97
527,0.17,0.83
528,0.91,0.09
529,0.24,0.76
530,1,0
531,0.94,0.06
532,0,1
533,0.56,0.44
534,0.27,0.73
535,0.02,0.98
536,0,1
537,0,1
538,1,0
539,0,1
540,0.44,0.56
541,0.02,0.98
542,0.42,0.58
543,0,1
544,0.24,0.76
545,0,1
546,0.59,0.41
547,0.23,0.77
548,0.11,0.89
549,0.96,0.04
550,0,1
551,0.54,0.46
552,0,1
553,0,1
554,0.02,0.98
555,1,0
556,0,1
557,0.01,0.99
558,0.99,0.01
559,0,1
560,0,1
561,0.99,0.01
562,0.98,0.02
563,0,1
564,0.12,0.88
565,1,0
566,0,1
567,0,1
568,0.3,0.7
569,0.93,0.07
570,1,0
571,0.71,0.29
572,1,0
573,0.86,0.14
574,0,1
575,0,1
576,0.16,0.84
577,0.19,0.81
578,0.95,0.05
579,0,1
580,0.02,0.98
581,0.65,0.35
582,0.97,0.03
583,0.17,0.83
584,0.68,0.32
585,0.49,0.51
586,0.64,0.36
587,0,1
588,0,1
589,0.8,0.2
590,0.27,0.73
591,0.78,0.22
592,0,1
593,0.18,0.82
594,1,0
595,0.2,0.8
596,0.01,0.99
597,1,0
598,0.21,0.79
599,0.63,0.37
600,0,1
601,0,1
602,0.31,0.69
603,0.03,0.97
604,0.98,0.02
605,1,0
606,0,1
607,0.5,0.5
608,0.27,0.73
609,1,0
610,0.85,0.15
611,1,0
612,0.57,0.43
613,0,1
614,0.31,0.69
615,0,1
616,0.2,0.8
617,0.22,0.78
618,0.01,0.99
619,1,0
620,0.31,0.69
621,0.07,0.93
622,1,0
623,0,1
624,0.97,0.03
625,0.25,0.75
626,0,1
627,0,1
628,0,1
629,0.07,0.93
630,0,1
631,0.18,0.82
632,0.96,0.04
633,0.03,0.97
634,0.95,0.05
635,0,1
636,1,0
637,0.2,0.8
638,0,1
639,1,0
640,1,0
641,0.97,0.03
642,0,1
643,0.96,0.04
644,1,0
645,0.97,0.03
646,0.49,0.51
647,0.02,0.98
648,0.2,0.8
649,0,1
650,0.99,0.01
651,1,0
652,0.69,0.31
653,0.97,0.03
654,0.89,0.11
655,0.01,0.99
656,0,1
657,0,1
658,0.38,0.62
659,1,0
660,0.96,0.04
661,0,1
662,0.72,0.28
663,0,1
664,0.96,0.04
665,0,1
666,1,0
667,0.32,0.68
668,0.34,0.66
669,0.19,0.81
670,1,0
671,0.95,0.05
672,0.7,0.3
673,1,0
674,0.2,0.8
675,0.69,0.31
676,1,0
677,1,0
678,1,0
679,0.44,0.56
680,0.11,0.89
681,0.92,0.08
682,0.67,0.33
683,0,1
684,1,0
685,1,0
686,0.02,0.98
687,0,1
688,1,0
689,0,1
690,0.88,0.12
691,0,1
692,0.98,0.02
693,0.93,0.07
694,0.25,0.75
695,0.62,0.38
696,0.98,0.02
697,0.05,0.95
698,0.98,0.02
699,0.99,0.01
700,0.77,0.23
701,0,1
702,0.23,0.77
703,0.36,0.64
704,0,1
705,1,0
706,0,1
707,0,1
708,0.68,0.32
709,0.27,0.73
710,0.63,0.37
711,0.19,0.81
712,1,0
713,0,1
714,0.71,0.29
715,0.67,0.33
716,1,0
717,0,1
718,0,1
719,1,0
720,1,0
721,1,0
722,1,0
723,0,1
724,1,0
725,1,0
726,0.17,0.83
727,0.1,0.9
728,0,1
729,0,1
730,0.98,0.02
731,0,1
732,1,0
733,0.02,0.98
734,0,1
735,0.61,0.39
736,0.71,0.29
737,0.52,0.48
738,0.21,0.79
739,1,0
740,1,0
741,1,0
742,0.26,0.74
743,0,1
744,0.03,0.97
745,0,1
746,0.22,0.78
747,0.99,0.01
748,1,0
749,0,1
750,0,1
751,0.32,0.68
752,0.36,0.64
753,0.73,0.27
754,0,1
755,0.9,0.1
756,0.98,0.02
757,0.52,0.48
758,0,1
759,0.32,0.68
760,0.94,0.06
761,0,1
762,0,1
763,0.75,0.25
764,1,0
765,0,1
766,0.93,0.07
767,0.85,0.15
768,0.93,0.07
769,1,0
770,0.99,0.01
771,0.17,0.83
772,0,1
773,0.34,0.66
774,0.46,0.54
775,0.86,0.14
776,0.03,0.97
777,0.35,0.65
778,0.44,0.56
779,1,0
780,0,1
781,0.53,0.47
782,0.21,0.79
783,0.9,0.1
784,1,0
785,0.99,0.01
786,0.92,0.08
787,0.72,0.28
788,0.71,0.29
789,0.41,0.59
790,0.92,0.08
791,0.44,0.56
792,1,0
793,1,0
794,0.18,0.82
795,0,1
796,1,0
797,0.34,0.66
798,0.93,0.07
799,0.26,0.74
800,0.88,0.12
801,0.06,0.94
802,0,1
803,1,0
804,0,1
805,0,1
806,0.02,0.98
807,0,1
808,1,0
809,0,1
810,1,0
811,0.31,0.69
812,1,0
813,0,1
814,0.77,0.23
815,0.97,0.03
816,1,0
817,0.04,0.96
818,0.98,0.02
819,0.13,0.87
820,0,1
821,0.5,0.5
822,0,1
823,0.24,0.76
824,0,1
825,0,1
826,1,0
827,0,1
828,0.1,0.9
829,0.06,0.94
830,0.47,0.53
831,1,0
832,0,1
833,0.95,0.05
834,0,1
835,0,1
836,0.77,0.23
837,0.19,0.81
838,0.03,0.97
839,0.33,0.67
840,1,0
841,0.01,0.99
842,0.11,0.89
843,0,1
844,1,0
845,0,1
846,0.37,0.63
847,0.04,0.96
848,0.97,0.03
849,0,1
850,0.01,0.99
851,0.74,0.26
852,0,1
853,0.99,0.01
854,1,0
855,0.04,0.96
856,0,1
857,0.24,0.76
858,0.68,0.32
859,1,0
860,1,0
861,0.32,0.68
862,0.38,0.62
863,1,0
864,0.63,0.37
865,1,0
866,1,0
867,0.15,0.85
868,1,0
869,0,1
870,1,0
871,0.06,0.94
872,1,0
873,1,0
874,0,1
875,0.88,0.12
876,0.93,0.07
877,0.98,0.02
878,0,1
879,0,1
880,0.65,0.35
881,0.69,0.31
882,0.32,0.68
883,0.95,0.05
884,0.04,0.96
885,1,0
886,0.03,0.97
887,0,1
888,0,1
889,1,0
890,0.5,0.5
891,0.82,0.18
892,0.16,0.84
893,0.81,0.19
894,0.05,0.95
895,0.87,0.13
896,1,0
897,0.99,0.01
898,0.22,0.78
899,0.75,0.25
900,0.02,0.98
901,0.46,0.54
902,1,0
903,0,1
904,0.26,0.74
905,0.5,0.5
906,0,1
907,0.28,0.72
908,0,1
909,0.05,0.95
910,0.94,0.06
911,0.78,0.22
912,0.84,0.16
913,1,0
914,0.25,0.75
915,0,1
916,1,0
917,1,0
918,0.63,0.37
919,1,0
920,0.94,0.06
921,1,0
922,0.29,0.71
923,0,1
924,1,0
925,1,0
926,0,1
927,0.06,0.94
928,0,1
929,0.27,0.73
930,0.37,0.63
931,1,0
932,0.22,0.78
933,1,0
934,0.92,0.08
935,0,1
936,0.99,0.01
937,1,0
938,0.72,0.28
939,0,1
940,0.52,0.48
941,0.04,0.96
942,0.57,0.43
943,1,0
944,0.21,0.79
945,1,0
946,0,1
947,0.09,0.91
948,0,1
949,1,0
950,1,0
951,0.76,0.24
952,1,0
953,0,1
954,0.84,0.16
955,0.11,0.89
956,0,1
957,0,1
958,0.13,0.87
959,1,0
960,1,0
961,0.58,0.42
962,0.3,0.7
963,0.44,0.56
964,0,1
965,0.3,0.7
966,0.33,0.67
967,0.38,0.62
968,0,1
969,0.35,0.65
970,1,0
971,1,0
972,0.71,0.29
973,0,1
974,0.17,0.83
975,0.05,0.95
976,0.06,0.94
977,0,1
978,0.97,0.03
979,0,1
980,0.98,0.02
981,0.59,0.41
982,0.29,0.71
983,0.01,0.99
984,0.95,0.05
985,0.04,0.96
986,0.73,0.27
987,1,0
988,1,0
989,0.01,0.99
990,1,0
991,1,0
992,0,1
993,0.72,0.28
994,0.1,0.9
995,0,1
996,0.04,0.96
997,0.91,0.09
998,0.03,0.97
999,0.2,0.8
1000,0.76,0.24
1001,0.04,0.96
1002,0,1
