"ID","Choice0","Choice1"
1,0.394043901138926,0.605956098861074
2,0.900234909476206,0.0997650905237938
3,0.395559284371898,0.604440715628102
4,0.639742509122813,0.360257490877187
5,0.0973615373657093,0.902638462634291
6,0.657894114069755,0.342105885930245
7,0.266786325797161,0.733213674202839
8,0.331673233848576,0.668326766151424
9,0.0949133618754514,0.905086638124549
10,0.501525208273906,0.498474791726094
11,0.379994814839775,0.620005185160225
12,0.7001368000451,0.2998631999549
13,0.814926296466465,0.185073703533535
14,0.785522020625203,0.214477979374797
15,0.545272375439606,0.454727624560394
16,0.32308547043661,0.67691452956339
17,0.340990209428823,0.659009790571177
18,0.483220100501597,0.516779899498403
19,0.676207273910572,0.323792726089428
20,0.735037540720885,0.264962459279115
21,0.751599498346904,0.248400501653096
22,0.869008293969294,0.130991706030706
23,0.749999159100934,0.250000840899066
24,0.171958128368677,0.828041871631323
25,0.502354530226537,0.497645469773463
26,0.632797770266975,0.367202229733025
27,0.276598583462187,0.723401416537813
28,0.56989888693278,0.43010111306722
29,0.112654666159282,0.887345333840718
30,0.335577649111883,0.664422350888117
31,0.707363071528366,0.292636928471634
32,0.473224335182509,0.526775664817491
33,0.562545433449931,0.437454566550069
34,0.677412648189347,0.322587351810653
35,0.74566546463644,0.25433453536356
36,0.638645341124171,0.361354658875829
37,0.093692527826032,0.906307472173968
38,0.747095514571649,0.252904485428351
39,0.48158842838084,0.518411571619161
40,0.684318697612669,0.315681302387331
41,0.446056739454742,0.553943260545258
42,0.715619271746528,0.284380728253472
43,0.515809637093685,0.484190362906315
44,0.785651084409386,0.214348915590614
45,0.395049650225247,0.604950349774753
46,0.513619328084188,0.486380671915812
47,0.601854978196608,0.398145021803392
48,0.487877180024186,0.512122819975814
49,0.900082818481666,0.0999171815183339
50,0.468623530774281,0.531376469225719
51,0.70216550736438,0.29783449263562
52,0.73938814591122,0.26061185408878
53,0.521073242963211,0.478926757036789
54,0.152761688866128,0.847238311133872
55,0.818918661319468,0.181081338680533
56,0.650124643025054,0.349875356974946
57,0.0805886669968944,0.919411333003106
58,0.862642793357198,0.137357206642802
59,0.735605459457602,0.264394540542398
60,0.336525994705409,0.663474005294591
61,0.268336851278518,0.731663148721483
62,0.697220934426126,0.302779065573874
63,0.461111148340013,0.538888851659987
64,0.394651084106276,0.605348915893724
65,0.838052684433738,0.161947315566262
66,0.842458353769448,0.157541646230553
67,0.569044338617781,0.430955661382219
68,0.400576125229993,0.599423874770007
69,0.201868841365096,0.798131158634904
70,0.439437877628989,0.560562122371011
71,0.138483192908377,0.861516807091623
72,0.312509334955961,0.687490665044039
73,0.563682980487355,0.436317019512645
74,0.772641850381222,0.227358149618778
75,0.440847461749418,0.559152538250582
76,0.575682830895969,0.424317169104031
77,0.404691627901107,0.595308372098893
78,0.908519954070053,0.0914800459299473
79,0.643555689237049,0.356444310762951
80,0.562530669041565,0.437469330958435
81,0.383327529651641,0.616672470348359
82,0.66616916424418,0.33383083575582
83,0.372374393892671,0.627625606107329
84,0.527359918791149,0.472640081208851
85,0.497643951972206,0.502356048027794
86,0.51880393849173,0.48119606150827
87,0.708463321867801,0.291536678132199
88,0.433388362794298,0.566611637205702
89,0.458014014135514,0.541985985864486
90,0.353516106337707,0.646483893662293
91,0.685031786182755,0.314968213817245
92,0.531751214765429,0.468248785234571
93,0.0766538631531534,0.923346136846847
94,0.577674318855103,0.422325681144897
95,0.605423705586892,0.394576294413108
96,0.116168319329699,0.883831680670301
97,0.609537753794111,0.390462246205889
98,0.384122198797099,0.615877801202901
99,0.644233282456178,0.355766717543822
100,0.890597731470445,0.109402268529555
101,0.490233531204913,0.509766468795087
102,0.771963372626432,0.228036627373568
103,0.349829362581367,0.650170637418633
104,0.141831145558756,0.858168854441244
105,0.732902690688241,0.267097309311759
106,0.51640995859854,0.48359004140146
107,0.508729285919458,0.491270714080542
108,0.242519923604148,0.757480076395852
109,0.285532629177792,0.714467370822208
110,0.124639161909928,0.875360838090072
111,0.515245489358066,0.484754510641934
112,0.699173345715445,0.300826654284555
113,0.360871837639158,0.639128162360842
114,0.899378509121855,0.100621490878145
115,0.600509760663133,0.399490239336867
116,0.639492442268954,0.360507557731046
117,0.720845161716429,0.279154838283571
118,0.20860284876701,0.79139715123299
119,0.41534725610659,0.58465274389341
120,0.635994454788013,0.364005545211987
121,0.196949217031122,0.803050782968878
122,0.891634487248032,0.108365512751968
123,0.388092853496268,0.611907146503732
124,0.611975701969833,0.388024298030167
125,0.85977144330104,0.14022855669896
126,0.545378322317302,0.454621677682698
127,0.667040836027984,0.332959163972016
128,0.508339570550337,0.491660429449663
129,0.673478317052896,0.326521682947104
130,0.60608889913149,0.39391110086851
131,0.275079672939211,0.724920327060789
132,0.475990875962549,0.524009124037451
133,0.566765823975925,0.433234176024075
134,0.777398724672716,0.222601275327284
135,0.0447165503469554,0.955283449653045
136,0.361395438941897,0.638604561058103
137,0.734685988707891,0.265314011292109
138,0.341266290873445,0.658733709126555
139,0.089605953724576,0.910394046275424
140,0.293602006931085,0.706397993068914
141,0.523795303241684,0.476204696758316
142,0.488571572361401,0.511428427638599
143,0.238572869890957,0.761427130109043
144,0.429248671250439,0.570751328749561
145,0.469091569909001,0.530908430090999
146,0.559865705044553,0.440134294955447
147,0.621859686801378,0.378140313198622
148,0.801932140760579,0.198067859239421
149,0.390417871013913,0.609582128986087
150,0.141943444093542,0.858056555906458
151,0.417914642233792,0.582085357766208
152,0.356062406459503,0.643937593540497
153,0.296596670844652,0.703403329155348
154,0.770369506682806,0.229630493317194
155,0.725799810627843,0.274200189372157
156,0.652118340225785,0.347881659774215
157,0.602239276833606,0.397760723166394
158,0.161591441531825,0.838408558468175
159,0.323113695413888,0.676886304586112
160,0.675775058321553,0.324224941678447
161,0.425734403805613,0.574265596194387
162,0.887250568706457,0.112749431293543
163,0.294242919126831,0.705757080873168
164,0.8398189804089,0.1601810195911
165,0.174802735351049,0.825197264648951
166,0.503178670292142,0.496821329707858
167,0.511595887170486,0.488404112829514
168,0.609452314160264,0.390547685839736
169,0.275980923766465,0.724019076233535
170,0.440400613833852,0.559599386166148
171,0.479781679180888,0.520218320819112
172,0.313003660734189,0.686996339265811
173,0.511014471101241,0.488985528898759
174,0.55228568770451,0.44771431229549
175,0.17209738856535,0.82790261143465
176,0.237621866071759,0.762378133928241
177,0.251441630346214,0.748558369653786
178,0.584742643543588,0.415257356456412
179,0.625896069582336,0.374103930417664
180,0.436136214971335,0.563863785028665
181,0.515053001549716,0.484946998450284
182,0.762906304031173,0.237093695968827
183,0.178745207154245,0.821254792845755
184,0.246997435899607,0.753002564100393
185,0.702443969427831,0.297556030572169
186,0.755873346854959,0.244126653145041
187,0.145518808462978,0.854481191537022
188,0.583862952343777,0.416137047656223
189,0.459464626789236,0.540535373210764
190,0.776367602123031,0.223632397876969
191,0.309008663804059,0.690991336195941
192,0.384333811888361,0.615666188111639
193,0.5082518974679,0.4917481025321
194,0.451217481632163,0.548782518367838
195,0.260403509040405,0.739596490959595
196,0.602269138119182,0.397730861880818
197,0.314569160364276,0.685430839635724
198,0.255229358656836,0.744770641343164
199,0.377422209197423,0.622577790802577
200,0.645074825691195,0.354925174308805
201,0.544697649027759,0.455302350972241
202,0.516862155526715,0.483137844473285
203,0.595680818446269,0.404319181553731
204,0.152743877698289,0.847256122301711
205,0.897439657976326,0.102560342023674
206,0.864320492349693,0.135679507650307
207,0.402091964791655,0.597908035208345
208,0.491249518026855,0.508750481973145
209,0.510346391186758,0.489653608813242
210,0.438464199720208,0.561535800279792
211,0.0862897925342289,0.913710207465771
212,0.754407591952449,0.245592408047552
213,0.508435565431648,0.491564434568352
214,0.506538477858598,0.493461522141402
215,0.249480167483322,0.750519832516678
216,0.877090172899145,0.122909827100855
217,0.703394684120745,0.296605315879255
218,0.140177947185349,0.859822052814651
219,0.158178126904731,0.841821873095269
220,0.0899622203040996,0.9100377796959
221,0.363260486296552,0.636739513703448
222,0.742359210396051,0.257640789603949
223,0.110739754201925,0.889260245798075
224,0.0996479645699605,0.900352035430039
225,0.496719469777793,0.503280530222207
226,0.521473537454549,0.478526462545451
227,0.605937828555403,0.394062171444597
228,0.713904363056355,0.286095636943645
229,0.37705850960323,0.62294149039677
230,0.754585712419892,0.245414287580108
231,0.0706472109044008,0.929352789095599
232,0.809210367217628,0.190789632782372
233,0.707612368612673,0.292387631387327
234,0.583816415501134,0.416183584498866
235,0.544123176178098,0.455876823821902
236,0.519891976283495,0.480108023716505
237,0.503761460255593,0.496238539744407
238,0.127538419078243,0.872461580921757
239,0.19424886727221,0.80575113272779
240,0.151750080732897,0.848249919267103
241,0.572485521622295,0.427514478377705
242,0.909570707501075,0.0904292924989247
243,0.563262737399738,0.436737262600262
244,0.733025484196977,0.266974515803023
245,0.4991688767104,0.500831123289601
246,0.411054077925632,0.588945922074368
247,0.363970485786139,0.636029514213861
248,0.879220971215419,0.120779028784581
249,0.664068706932074,0.335931293067926
250,0.502719738622051,0.497280261377949
251,0.455759381452267,0.544240618547733
252,0.412707331916577,0.587292668083423
253,0.748459353744885,0.251540646255115
254,0.382902664692346,0.617097335307654
255,0.244871298362916,0.755128701637084
256,0.449726769777365,0.550273230222635
257,0.736475726782659,0.263524273217341
258,0.555816308135342,0.444183691864658
259,0.259149417827853,0.740850582172147
260,0.845794861572313,0.154205138427687
261,0.788128491253018,0.211871508746982
262,0.452011972295914,0.547988027704086
263,0.188685419569729,0.811314580430271
264,0.67922525553595,0.320774744464051
265,0.25477397777152,0.74522602222848
266,0.322300776451447,0.677699223548553
267,0.409850698540291,0.590149301459709
268,0.0884253548708494,0.911574645129151
269,0.312754107505436,0.687245892494564
270,0.62892788781485,0.37107211218515
271,0.901366780416085,0.0986332195839147
272,0.514122934649562,0.485877065350438
273,0.4395963338414,0.5604036661586
274,0.441010062429064,0.558989937570936
275,0.669126243648773,0.330873756351227
276,0.585703001972848,0.414296998027152
277,0.485786753554242,0.514213246445758
278,0.171845367299666,0.828154632700334
279,0.870402754439305,0.129597245560695
280,0.443667334567114,0.556332665432886
281,0.600360642572042,0.399639357427958
282,0.309411561770687,0.690588438229313
283,0.248062069835204,0.751937930164796
284,0.303040031707161,0.696959968292839
285,0.496734276779802,0.503265723220198
286,0.451270104892779,0.548729895107221
287,0.380817171732139,0.619182828267861
288,0.497200953825298,0.502799046174702
289,0.458902805879054,0.541097194120946
290,0.456143871009083,0.543856128990917
291,0.25049858589311,0.74950141410689
292,0.190658763457174,0.809341236542826
293,0.573972889522085,0.426027110477915
294,0.895140854617313,0.104859145382687
295,0.357879784621956,0.642120215378044
296,0.518243778443026,0.481756221556974
297,0.60182164232393,0.39817835767607
298,0.55520135641066,0.44479864358934
299,0.451417660853942,0.548582339146058
300,0.522516020685442,0.477483979314558
301,0.608058903348477,0.391941096651523
302,0.28303312880841,0.71696687119159
303,0.76903758792378,0.23096241207622
304,0.737840010478006,0.262159989521994
305,0.547633201916018,0.452366798083981
306,0.76104028623151,0.23895971376849
307,0.184814326749094,0.815185673250906
308,0.952675314958766,0.047324685041234
309,0.427640037913032,0.572359962086968
310,0.449122491425073,0.550877508574927
311,0.0882411904095858,0.911758809590414
312,0.638705359804098,0.361294640195902
313,0.551571553934449,0.448428446065551
314,0.246243796422381,0.753756203577619
315,0.0764488223128149,0.923551177687185
316,0.652884216471321,0.347115783528679
317,0.216499065254967,0.783500934745033
318,0.679272447079342,0.320727552920658
319,0.756406981961399,0.243593018038601
320,0.410616215503995,0.589383784496005
321,0.744724753204256,0.255275246795744
322,0.460942778887167,0.539057221112832
323,0.795903129388999,0.204096870611001
324,0.844982479567328,0.155017520432672
325,0.0461814315376205,0.953818568462379
326,0.701641523370117,0.298358476629883
327,0.582533289176287,0.417466710823713
328,0.571710431272182,0.428289568727818
329,0.446158807572894,0.553841192427106
330,0.268044059702786,0.731955940297214
331,0.567305467911426,0.432694532088574
332,0.2750362665095,0.7249637334905
333,0.725780736883231,0.274219263116769
334,0.598773947368575,0.401226052631425
335,0.449251668487491,0.550748331512509
336,0.684856974130258,0.315143025869742
337,0.571000270699508,0.428999729300492
338,0.519794817014652,0.480205182985347
339,0.213499219407471,0.786500780592529
340,0.591710770963919,0.408289229036081
341,0.610522218003591,0.389477781996409
342,0.614209434243044,0.385790565756956
343,0.256256291967786,0.743743708032214
344,0.703396874189418,0.296603125810582
345,0.446708867799166,0.553291132200834
346,0.727925282506191,0.272074717493809
347,0.273062628380545,0.726937371619455
348,0.741231639141456,0.258768360858544
349,0.659246227581076,0.340753772418924
350,0.439334939073503,0.560665060926497
351,0.662678009438582,0.337321990561418
352,0.375281340896688,0.624718659103312
353,0.0622088030294206,0.937791196970579
354,0.626163857513897,0.373836142486103
355,0.952141220935473,0.0478587790645274
356,0.511784308510181,0.48821569148982
357,0.546066255002522,0.453933744997478
358,0.0981921976110247,0.901807802388975
359,0.187480371207338,0.812519628792662
360,0.588821123658088,0.411178876341912
361,0.655454985235906,0.344545014764094
362,0.070823738332131,0.929176261667869
363,0.410741415403215,0.589258584596785
364,0.108506456413386,0.891493543586614
365,0.112303330387576,0.887696669612424
366,0.658025352546658,0.341974647453343
367,0.0983982535311633,0.901601746468837
368,0.907732950947609,0.0922670490523912
369,0.217768152859951,0.782231847140049
370,0.582733956135919,0.417266043864081
371,0.0540560240188241,0.945943975981176
372,0.236312890673959,0.763687109326041
373,0.908200328394058,0.0917996716059423
374,0.42053215858535,0.57946784141465
375,0.38408340913397,0.61591659086603
376,0.421949682875508,0.578050317124492
377,0.737427339734049,0.262572660265952
378,0.873261968171605,0.126738031828395
379,0.511615467263093,0.488384532736907
380,0.480609661965283,0.519390338034717
381,0.630454523853824,0.369545476146176
382,0.311437074870682,0.688562925129318
383,0.576985515331511,0.423014484668489
384,0.170605067920318,0.829394932079683
385,0.576240773170827,0.423759226829173
386,0.932980354671126,0.0670196453288735
387,0.867392213156911,0.132607786843089
388,0.136424011418837,0.863575988581163
389,0.508432890265727,0.491567109734273
390,0.444380201890371,0.555619798109629
391,0.53629550225234,0.46370449774766
392,0.408758501843972,0.591241498156028
393,0.600810529530785,0.399189470469215
394,0.391214593299015,0.608785406700985
395,0.192106471578461,0.807893528421539
396,0.297528339422777,0.702471660577223
397,0.606197072119395,0.393802927880605
398,0.386495610708236,0.613504389291764
399,0.54366000930111,0.45633999069889
400,0.56097839762322,0.43902160237678
401,0.101437109634777,0.898562890365223
402,0.899867988553507,0.100132011446493
403,0.566706384090282,0.433293615909718
404,0.385900898935868,0.614099101064132
405,0.900431484080496,0.0995685159195036
406,0.525129955380354,0.474870044619646
407,0.899137087931193,0.100862912068807
408,0.602503788048775,0.397496211951225
409,0.351090306164753,0.648909693835247
410,0.54816155731554,0.45183844268446
411,0.506755552056228,0.493244447943772
412,0.109856201445333,0.890143798554667
413,0.599839481555947,0.400160518444052
414,0.904230896690612,0.0957691033093877
415,0.28696438767763,0.71303561232237
416,0.0812516360208787,0.918748363979121
417,0.628516676438742,0.371483323561258
418,0.148938290537762,0.851061709462238
419,0.410470119249928,0.589529880750072
420,0.254026493655115,0.745973506344885
421,0.489124300764755,0.510875699235245
422,0.723786679314224,0.276213320685776
423,0.159176430323233,0.840823569676767
424,0.270471005749655,0.729528994250345
425,0.844404016317485,0.155595983682515
426,0.565846878962926,0.434153121037075
427,0.654924482286568,0.345075517713432
428,0.480605664071884,0.519394335928116
429,0.492574246182394,0.507425753817606
430,0.228657443249552,0.771342556750448
431,0.50242926770568,0.49757073229432
432,0.177862581635246,0.822137418364754
433,0.503641789398339,0.496358210601661
434,0.783505087787059,0.216494912212941
435,0.313152277788194,0.686847722211806
436,0.138002955312637,0.861997044687363
437,0.454430412747356,0.545569587252644
438,0.671185749171226,0.328814250828774
439,0.515206536625131,0.484793463374869
440,0.654855652830953,0.345144347169047
441,0.503944148000764,0.496055851999236
442,0.347447269178472,0.652552730821528
443,0.573454746587331,0.426545253412669
444,0.13826259114234,0.861737408857659
445,0.850762415356712,0.149237584643288
446,0.57173227305866,0.42826772694134
447,0.915233653312075,0.0847663466879252
448,0.272096928920806,0.727903071079193
449,0.118070010090634,0.881929989909366
450,0.45133247315453,0.54866752684547
451,0.217643400945443,0.782356599054557
452,0.54228180681245,0.45771819318755
453,0.395625442580363,0.604374557419637
454,0.52887848635797,0.47112151364203
455,0.764057059837016,0.235942940162984
456,0.906762333789858,0.0932376662101415
457,0.55428360316605,0.445716396833951
458,0.145571032081051,0.854428967918949
459,0.133881986607442,0.866118013392558
460,0.429060966290767,0.570939033709233
461,0.525206094564632,0.474793905435368
462,0.456719567536585,0.543280432463415
463,0.548230721391752,0.451769278608249
464,0.416168409270545,0.583831590729455
465,0.469297879438413,0.530702120561587
466,0.450124525609775,0.549875474390225
467,0.948268840585639,0.0517311594143609
468,0.545660494579613,0.454339505420387
469,0.0782315430459468,0.921768456954053
470,0.338210497351366,0.661789502648634
471,0.540512937097012,0.459487062902988
472,0.773196435698367,0.226803564301633
473,0.584856843210078,0.415143156789922
474,0.603086392867697,0.396913607132303
475,0.5032598643194,0.4967401356806
476,0.654924482286568,0.345075517713432
477,0.354752829998118,0.645247170001882
478,0.807818623608352,0.192181376391648
479,0.453047096931289,0.546952903068711
480,0.535520985503355,0.464479014496645
481,0.499919704569078,0.500080295430922
482,0.772756426838114,0.227243573161886
483,0.241789969388341,0.758210030611659
484,0.652884216471321,0.347115783528679
485,0.369945604124862,0.630054395875138
486,0.184966541076105,0.815033458923895
487,0.07852677512982,0.92147322487018
488,0.879409015691561,0.120590984308439
489,0.323950427609655,0.676049572390345
490,0.249166966275694,0.750833033724306
491,0.634029559236236,0.365970440763764
492,0.478087814992286,0.521912185007714
493,0.5382158433847,0.4617841566153
494,0.944176419732935,0.0558235802670652
495,0.52447508941091,0.47552491058909
496,0.444063960235616,0.555936039764384
497,0.663174194714605,0.336825805285395
498,0.49231879051846,0.50768120948154
499,0.401511641557271,0.598488358442729
500,0.617975821300031,0.382024178699969
501,0.826291025589823,0.173708974410177
502,0.529277570452819,0.470722429547181
503,0.0810458614812601,0.91895413851874
504,0.619251964547503,0.380748035452497
505,0.424661130917116,0.575338869082883
506,0.86061945639435,0.13938054360565
507,0.290635600126608,0.709364399873392
508,0.708488997590113,0.291511002409887
509,0.698135385867798,0.301864614132201
510,0.896558887438591,0.103441112561409
511,0.44391112880126,0.55608887119874
512,0.645787081982676,0.354212918017324
513,0.262801675069006,0.737198324930994
514,0.159450513007922,0.840549486992078
515,0.227623219662227,0.772376780337773
516,0.428901352150021,0.571098647849979
517,0.634584124061144,0.365415875938856
518,0.672580636173181,0.327419363826819
519,0.473912601854938,0.526087398145062
520,0.3546761982184,0.6453238017816
521,0.25669193815774,0.743308061842261
522,0.192199444528777,0.807800555471223
523,0.117955868509096,0.882044131490904
524,0.237183902065702,0.762816097934298
525,0.797395462809691,0.202604537190309
526,0.401486769412381,0.598513230587619
527,0.43651231449269,0.56348768550731
528,0.758751908595756,0.241248091404244
529,0.449726769777365,0.550273230222635
530,0.842932539456487,0.157067460543513
531,0.643807604651384,0.356192395348616
532,0.353510189461245,0.646489810538755
533,0.520102262471488,0.479897737528512
534,0.474984596176239,0.525015403823762
535,0.361393434875418,0.638606565124582
536,0.208150449172963,0.791849550827037
537,0.394010148745515,0.605989851254485
538,0.899137087931193,0.100862912068807
539,0.21331158993049,0.78668841006951
540,0.497206235339005,0.502793764660995
541,0.324623048182623,0.675376951817377
542,0.554055504192942,0.445944495807058
543,0.267363105945367,0.732636894054633
544,0.447958865021178,0.552041134978823
545,0.203850854085444,0.796149145914556
546,0.676240094100782,0.323759905899218
547,0.480609803425822,0.519390196574178
548,0.365606202096433,0.634393797903567
549,0.587832486914625,0.412167513085376
550,0.130905821876067,0.869094178123933
551,0.472803665914062,0.527196334085938
552,0.291357828068192,0.708642171931808
553,0.240491134502264,0.759508865497736
554,0.458785512051839,0.541214487948161
555,0.816740165952717,0.183259834047283
556,0.19098282601931,0.80901717398069
557,0.333459088100564,0.666540911899436
558,0.903049610740373,0.0969503892596267
559,0.108848952883034,0.891151047116966
560,0.31580032721917,0.68419967278083
561,0.69554737692306,0.30445262307694
562,0.753871727630921,0.246128272369079
563,0.294954667932597,0.705045332067403
564,0.510754354197949,0.489245645802051
565,0.590852128987499,0.409147871012501
566,0.121028665435093,0.878971334564907
567,0.16810281692533,0.83189718307467
568,0.435283897262194,0.564716102737806
569,0.62444082028252,0.37555917971748
570,0.805967592905706,0.194032407094294
571,0.55936396071225,0.44063603928775
572,0.826922726709425,0.173077273290575
573,0.662394432334488,0.337605567665512
574,0.429451341375406,0.570548658624594
575,0.236133792237232,0.763866207762768
576,0.565281034428152,0.434718965571848
577,0.503063715855223,0.496936284144777
578,0.583124188018348,0.416875811981652
579,0.0873573620703531,0.912642637929647
580,0.271349290698605,0.728650709301395
581,0.484320550779845,0.515679449220155
582,0.665330140251901,0.334669859748099
583,0.306286534415452,0.693713465584548
584,0.602610506000724,0.397389493999276
585,0.514153016178836,0.485846983821164
586,0.47432853287578,0.52567146712422
587,0.441566561810778,0.558433438189222
588,0.277004150906684,0.722995849093316
589,0.527298567529104,0.472701432470896
590,0.489959814668275,0.510040185331725
591,0.617466248543854,0.382533751456146
592,0.242351375081222,0.757648624918778
593,0.458124215338622,0.541875784661378
594,0.909134734502096,0.0908652654979042
595,0.462922978367428,0.537077021632572
596,0.421677331019604,0.578322668980396
597,0.855824163759612,0.144175836240388
598,0.42656206957918,0.57343793042082
599,0.795727258485867,0.204272741514133
600,0.344054414420264,0.655945585579736
601,0.0760969272575636,0.923903072742436
602,0.466801884640874,0.533198115359126
603,0.20618524647659,0.79381475352341
604,0.711284078951768,0.288715921048232
605,0.83976549339967,0.16023450660033
606,0.208457062538528,0.791542937461472
607,0.533981986527997,0.466018013472003
608,0.534588521314102,0.465411478685898
609,0.742550443476731,0.257449556523269
610,0.733524626095485,0.266475373904515
611,0.824567625028118,0.175432374971882
612,0.49170323771271,0.50829676228729
613,0.289496349107754,0.710503650892246
614,0.664461739526848,0.335538260473152
615,0.0790392454073732,0.920960754592627
616,0.487364638448235,0.512635361551765
617,0.37783970080051,0.62216029919949
618,0.289030851869719,0.710969148130281
619,0.759006062149649,0.240993937850351
620,0.579179988206504,0.420820011793496
621,0.383881551515823,0.616118448484177
622,0.780129223743746,0.219870776256254
623,0.133598633985955,0.866401366014045
624,0.607189915299953,0.392810084700047
625,0.403159361509784,0.596840638490216
626,0.125078788438825,0.874921211561175
627,0.455799176586308,0.544200823413692
628,0.311740155345581,0.688259844654419
629,0.478988231832238,0.521011768167762
630,0.343134398845636,0.656865601154364
631,0.460461543325685,0.539538456674315
632,0.742081578316206,0.257918421683794
633,0.453868884382142,0.546131115617858
634,0.442812884153418,0.557187115846582
635,0.240108556887789,0.759891443112211
636,0.962416268928151,0.0375837310718493
637,0.594460089988238,0.405539910011762
638,0.184983924563502,0.815016075436498
639,0.608613492157251,0.391386507842749
640,0.875809107431681,0.124190892568319
641,0.690711985848646,0.309288014151354
642,0.485078675381518,0.514921324618482
643,0.539702405388118,0.460297594611882
644,0.701667621123028,0.298332378876972
645,0.612102025211031,0.387897974788969
646,0.576558200854727,0.423441799145273
647,0.415340559578631,0.584659440421369
648,0.307609959912578,0.692390040087422
649,0.179348489582956,0.820651510417044
650,0.63817123298767,0.36182876701233
651,0.844582402809492,0.155417597190508
652,0.577755572676625,0.422244427323375
653,0.649355667142591,0.350644332857409
654,0.717035869170469,0.28296413082953
655,0.296964391134221,0.703035608865779
656,0.333918404468942,0.666081595531058
657,0.332820840614291,0.667179159385709
658,0.40794583282598,0.59205416717402
659,0.807245693951251,0.192754306048749
660,0.659082045383733,0.340917954616268
661,0.312839959108981,0.687160040891019
662,0.50823904661033,0.49176095338967
663,0.100024143464576,0.899975856535424
664,0.714665756688209,0.285334243311791
665,0.185929083746047,0.814070916253953
666,0.782572849084561,0.217427150915439
667,0.537204623053646,0.462795376946354
668,0.476174827000722,0.523825172999278
669,0.442240569903157,0.557759430096843
670,0.717184897159228,0.282815102840772
671,0.624691963886478,0.375308036113522
672,0.538453654549082,0.461546345450918
673,0.715628345763608,0.284371654236392
674,0.460339514170333,0.539660485829667
675,0.42765382470641,0.57234617529359
676,0.865675124626724,0.134324875373276
677,0.728029253118288,0.271970746881712
678,0.710658783852139,0.289341216147861
679,0.372953046581463,0.627046953418537
680,0.381324800324182,0.618675199675818
681,0.511540789255772,0.488459210744228
682,0.443798053465706,0.556201946534294
683,0.235647330082362,0.764352669917638
684,0.766798712864656,0.233201287135344
685,0.762926961437692,0.237073038562308
686,0.38309666397589,0.61690333602411
687,0.230470829048627,0.769529170951373
688,0.876038603247856,0.123961396752144
689,0.388293302073215,0.611706697926785
690,0.574352793381836,0.425647206618164
691,0.208424577182907,0.791575422817093
692,0.690051286452524,0.309948713547476
693,0.606673519765789,0.393326480234211
694,0.524175033669403,0.475824966330597
695,0.599137715278547,0.400862284721453
696,0.662106501145314,0.337893498854686
697,0.41735017225073,0.582649827749269
698,0.691162441116537,0.308837558883463
699,0.790774331222063,0.209225668777937
700,0.619966160126466,0.380033839873534
701,0.349861494025639,0.650138505974361
702,0.507602348646574,0.492397651353426
703,0.49355395581258,0.50644604418742
704,0.358837125832573,0.641162874167426
705,0.847857434949371,0.152142565050629
706,0.0807843736764031,0.919215626323597
707,0.130735899990482,0.869264100009518
708,0.614484929488351,0.385515070511649
709,0.508944575193136,0.491055424806864
710,0.474951957053508,0.525048042946492
711,0.482202156616152,0.517797843383848
712,0.882725700046294,0.117274299953706
713,0.246850729812468,0.753149270187533
714,0.491215941692683,0.508784058307317
715,0.546251567553566,0.453748432446434
716,0.741311246633797,0.258688753366203
717,0.10168292959217,0.89831707040783
718,0.254183408237034,0.745816591762966
719,0.875337962869784,0.124662037130216
720,0.829336600233755,0.170663399766245
721,0.907728628493241,0.0922713715067588
722,0.717704001218319,0.282295998781681
723,0.215054848175228,0.784945151824772
724,0.862480230487253,0.137519769512747
725,0.853779935855675,0.146220064144325
726,0.51929418000889,0.48070581999111
727,0.473109157931368,0.526890842068632
728,0.407091977075934,0.592908022924066
729,0.260869632405412,0.739130367594588
730,0.638676981465678,0.361323018534322
731,0.222385078435676,0.777614921564324
732,0.936904785782761,0.0630952142172385
733,0.184083830637926,0.815916169362074
734,0.277596752677944,0.722403247322056
735,0.438550035349265,0.561449964650735
736,0.465418481602591,0.534581518397409
737,0.521516282389621,0.478483717610379
738,0.488291370089754,0.511708629910246
739,0.864218519183591,0.13578148081641
740,0.805963879849604,0.194036120150396
741,0.842259778189834,0.157740221810166
742,0.442387989423906,0.557612010576094
743,0.10469029056257,0.89530970943743
744,0.455536584501616,0.544463415498384
745,0.238690408191618,0.761309591808382
746,0.51967359953671,0.48032640046329
747,0.54457406118719,0.45542593881281
748,0.619578018721012,0.380421981278988
749,0.100935621514469,0.899064378485531
750,0.373408820627532,0.626591179372468
751,0.499216893025051,0.500783106974949
752,0.511324655475437,0.488675344524563
753,0.615662805913567,0.384337194086433
754,0.244056275658507,0.755943724341493
755,0.671517535265003,0.328482464734997
756,0.75865313941279,0.24134686058721
757,0.56989888693278,0.43010111306722
758,0.295357490539696,0.704642509460304
759,0.409377061467587,0.590622938532413
760,0.746025549123469,0.253974450876531
761,0.150767706618221,0.84923229338178
762,0.217243656378372,0.782756343621628
763,0.593789417705822,0.406210582294178
764,0.800496858532128,0.199503141467872
765,0.281143486611091,0.71885651338891
766,0.667298647952905,0.332701352047095
767,0.704617573142246,0.295382426857754
768,0.643936779493078,0.356063220506922
769,0.916561598774396,0.0834384012256043
770,0.76344211416779,0.23655788583221
771,0.39798571062058,0.60201428937942
772,0.0827150600917378,0.917284939908262
773,0.512931510028717,0.487068489971283
774,0.508931311572047,0.491068688427953
775,0.534981602133163,0.465018397866837
776,0.329988175588302,0.670011824411698
777,0.385900898935868,0.614099101064132
778,0.492753871033719,0.507246128966281
779,0.829333121413052,0.170666878586948
780,0.166753475880954,0.833246524119046
781,0.58668579561338,0.41331420438662
782,0.395627000980815,0.604372999019185
783,0.689208593266973,0.310791406733027
784,0.762183661126314,0.237816338873686
785,0.721893193981289,0.278106806018712
786,0.553125233096039,0.446874766903961
787,0.526443349627301,0.473556650372699
788,0.664744770750962,0.335255229249038
789,0.517120996052997,0.482879003947003
790,0.517342684127978,0.482657315872022
791,0.515601340845116,0.484398659154885
792,0.730848891516999,0.269151108483002
793,0.799882067200862,0.200117932799138
794,0.426525112414067,0.573474887585932
795,0.0977123675849525,0.902287632415047
796,0.676403221350977,0.323596778649023
797,0.487845710842306,0.512154289157694
798,0.441833945100933,0.558166054899067
799,0.427761377175021,0.572238622824979
800,0.569251674300258,0.430748325699742
801,0.433779797862556,0.566220202137444
802,0.337110180448088,0.662889819551912
803,0.716218109309925,0.283781890690075
804,0.244901926516627,0.755098073483373
805,0.242632560143469,0.757367439856531
806,0.395438786064275,0.604561213935725
807,0.222375512669536,0.777624487330464
808,0.78597591721229,0.21402408278771
809,0.059654510309393,0.940345489690607
810,0.620654429874509,0.379345570125491
811,0.542947403250175,0.457052596749825
812,0.939255641821678,0.0607443581783219
813,0.341350660142132,0.658649339857868
814,0.395437933002751,0.604562066997248
815,0.762321604838939,0.237678395161061
816,0.952141220935473,0.0478587790645274
817,0.388935424739487,0.611064575260513
818,0.755535230100165,0.244464769899835
819,0.302274999566426,0.697725000433574
820,0.208539630602849,0.791460369397151
821,0.586122240516183,0.413877759483817
822,0.21956794147832,0.78043205852168
823,0.478727955342965,0.521272044657035
824,0.169852120243829,0.830147879756171
825,0.123080125584398,0.876919874415602
826,0.909558002020763,0.0904419979792374
827,0.320513296274968,0.679486703725032
828,0.431654419820169,0.568345580179831
829,0.443074179767537,0.556925820232463
830,0.520071033427651,0.479928966572349
831,0.73749724141642,0.26250275858358
832,0.408069367153299,0.591930632846701
833,0.707649743635046,0.292350256364954
834,0.253447280782335,0.746552719217665
835,0.351093604925528,0.648906395074472
836,0.57929586638878,0.42070413361122
837,0.394445232935146,0.605554767064854
838,0.383487462085992,0.616512537914008
839,0.481438904186298,0.518561095813702
840,0.772856663288425,0.227143336711575
841,0.394619788925545,0.605380211074455
842,0.412896763073389,0.587103236926611
843,0.40205062501786,0.597949374982141
844,0.73725340123528,0.26274659876472
845,0.343531720362984,0.656468279637016
846,0.5186551928662,0.4813448071338
847,0.327276589364544,0.672723410635456
848,0.742472619339117,0.257527380660883
849,0.238576454747795,0.761423545252205
850,0.28026473244737,0.71973526755263
851,0.613717511284639,0.386282488715361
852,0.256782177113922,0.743217822886078
853,0.573239922401082,0.426760077598918
854,0.915409954762901,0.0845900452370986
855,0.361782695078543,0.638217304921457
856,0.0616096652345108,0.938390334765489
857,0.440652271087056,0.559347728912944
858,0.494718035701869,0.505281964298131
859,0.911479551477716,0.0885204485222836
860,0.83544709712838,0.16455290287162
861,0.435407794258085,0.564592205741915
862,0.449053756601918,0.550946243398082
863,0.907691005756091,0.0923089942439087
864,0.57801023807398,0.42198976192602
865,0.869864388125054,0.130135611874946
866,0.93010301895557,0.0698969810444299
867,0.269293739064405,0.730706260935595
868,0.94479774365521,0.0552022563447899
869,0.0542933970251128,0.945706602974887
870,0.739565111664346,0.260434888335654
871,0.372370936623916,0.627629063376083
872,0.928625544859701,0.0713744551402992
873,0.713859987071377,0.286140012928623
874,0.1210459993545,0.8789540006455
875,0.60825043712676,0.39174956287324
876,0.65810229570849,0.34189770429151
877,0.524858729196186,0.475141270803814
878,0.246447988688229,0.753552011311771
879,0.149148939187864,0.850851060812136
880,0.500027759236118,0.499972240763883
881,0.590222428087758,0.409777571912242
882,0.331474957370579,0.668525042629421
883,0.642589982896014,0.357410017103986
884,0.40379758015834,0.59620241984166
885,0.80621209835481,0.19378790164519
886,0.432387576370953,0.567612423629048
887,0.0601250592099303,0.93987494079007
888,0.117364212613541,0.882635787386459
889,0.867927142261841,0.132072857738159
890,0.520786364179776,0.479213635820224
891,0.553999853936231,0.446000146063769
892,0.432416734613775,0.567583265386226
893,0.606913081240468,0.393086918759532
894,0.4305550457184,0.5694449542816
895,0.530369920232433,0.469630079767567
896,0.791716390588928,0.208283609411072
897,0.678317501948319,0.321682498051681
898,0.408070866421343,0.591929133578657
899,0.547088042314144,0.452911957685857
900,0.406278891277046,0.593721108722954
901,0.490437737395126,0.509562262604875
902,0.910852247064018,0.0891477529359821
903,0.080822616645558,0.919177383354442
904,0.479108594308476,0.520891405691524
905,0.585703001972848,0.414296998027152
906,0.0941976120362354,0.905802387963765
907,0.495088923817715,0.504911076182285
908,0.093692527826032,0.906307472173968
909,0.353043643754744,0.646956356245256
910,0.663083861289394,0.336916138710606
911,0.496764370003237,0.503235629996763
912,0.532422532277965,0.467577467722036
913,0.883949743866082,0.116050256133918
914,0.406323116329693,0.593676883670307
915,0.0836862351738022,0.916313764826198
916,0.733558441497297,0.266441558502703
917,0.901598192238196,0.0984018077618035
918,0.391360054344348,0.608639945655652
919,0.843960772135389,0.156039227864611
920,0.581477555640791,0.418522444359209
921,0.737548989819698,0.262451010180302
922,0.528155603093919,0.471844396906081
923,0.262317021446719,0.73768297855328
924,0.792465544308173,0.207534455691827
925,0.729155250692384,0.270844749307616
926,0.12673295155514,0.87326704844486
927,0.388041540261019,0.611958459738981
928,0.29842801803881,0.70157198196119
929,0.486972365091803,0.513027634908197
930,0.513237369291321,0.486762630708679
931,0.79827925889276,0.20172074110724
932,0.575884349272973,0.424115650727027
933,0.772635190679719,0.227364809320281
934,0.486992757782927,0.513007242217073
935,0.237697860945202,0.762302139054798
936,0.656472027857735,0.343527972142265
937,0.89055183891218,0.10944816108782
938,0.586747125297211,0.413252874702789
939,0.38745239473028,0.61254760526972
940,0.503751867449822,0.496248132550178
941,0.355824846526601,0.644175153473399
942,0.563674406717146,0.436325593282855
943,0.664908083646224,0.335091916353776
944,0.441000824619219,0.558999175380781
945,0.850762415356712,0.149237584643288
946,0.13826259114234,0.861737408857659
947,0.504118243247505,0.495881756752495
948,0.096465192739095,0.903534807260905
949,0.731189423522206,0.268810576477794
950,0.859138341836814,0.140861658163186
951,0.482495356356071,0.517504643643929
952,0.80371684633645,0.19628315366355
953,0.430373942374528,0.569626057625472
954,0.653268197138431,0.346731802861569
955,0.423868082560512,0.576131917439488
956,0.243208848881776,0.756791151118224
957,0.057557569542718,0.942442430457282
958,0.42775402473246,0.57224597526754
959,0.853650548969248,0.146349451030752
960,0.853259856575258,0.146740143424742
961,0.602110349091646,0.397889650908354
962,0.491763922551376,0.508236077448624
963,0.522474098159499,0.477525901840501
964,0.402586106029855,0.597413893970145
965,0.640484924375122,0.359515075624878
966,0.549422575534719,0.450577424465281
967,0.584779091374961,0.415220908625039
968,0.050898811615043,0.949101188384957
969,0.473467517505648,0.526532482494352
970,0.943925903703155,0.056074096296845
971,0.655160129220038,0.344839870779962
972,0.426408111590582,0.573591888409418
973,0.274320609589775,0.725679390410225
974,0.342197846522455,0.657802153477545
975,0.395629557163555,0.604370442836445
976,0.442218181194986,0.557781818805014
977,0.29842801803881,0.70157198196119
978,0.704854939613904,0.295145060386096
979,0.191932783122368,0.808067216877632
980,0.571770623863847,0.428229376136153
981,0.46358049980904,0.53641950019096
982,0.506401765611801,0.493598234388199
983,0.214498497375827,0.785501502624173
984,0.70666181458739,0.29333818541261
985,0.388935424739487,0.611064575260513
986,0.652294634554808,0.347705365445192
987,0.800855010589716,0.199144989410284
988,0.91112620912773,0.0888737908722699
989,0.209200651349575,0.790799348650425
990,0.696285724626585,0.303714275373415
991,0.744153353996649,0.255846646003351
992,0.328055098102255,0.671944901897745
993,0.479132674566726,0.520867325433274
994,0.414704217988027,0.585295782011973
995,0.0607516176933594,0.939248382306641
996,0.439064967131313,0.560935032868687
997,0.578124442243511,0.421875557756489
998,0.324584815908011,0.67541518409199
999,0.428335527521542,0.571664472478458
1000,0.58352426323578,0.416475736764221
1001,0.32962445901659,0.67037554098341
1002,0.125610409382438,0.874389590617562
