"ID","Choice0","Choice1"
1,0.207547169811321,0.792452830188679
2,0.979955456570156,0.0200445434298441
3,0.143790849673203,0.856209150326797
4,0.409195402298851,0.590804597701149
5,0.0565805658056581,0.943419434194342
6,0.876865671641791,0.123134328358209
7,0.143790849673203,0.856209150326797
8,0.409195402298851,0.590804597701149
9,0.0565805658056581,0.943419434194342
10,0.409195402298851,0.590804597701149
11,0.0565805658056581,0.943419434194342
12,0.651063829787234,0.348936170212766
13,0.899696048632219,0.100303951367781
14,0.895652173913044,0.104347826086957
15,0.634980988593156,0.365019011406844
16,0.409195402298851,0.590804597701149
17,0.207547169811321,0.792452830188679
18,0.401869158878505,0.598130841121495
19,0.895652173913044,0.104347826086957
20,0.979955456570156,0.0200445434298441
21,0.899696048632219,0.100303951367781
22,0.899696048632219,0.100303951367781
23,0.979955456570156,0.0200445434298441
24,0.0565805658056581,0.943419434194342
25,0.692857142857143,0.307142857142857
26,0.472972972972973,0.527027027027027
27,0.0565805658056581,0.943419434194342
28,0.409195402298851,0.590804597701149
29,0.0565805658056581,0.943419434194342
30,0.143790849673203,0.856209150326797
31,0.979955456570156,0.0200445434298441
32,0.158415841584158,0.841584158415842
33,0.472972972972973,0.527027027027027
34,0.895652173913044,0.104347826086957
35,0.899696048632219,0.100303951367781
36,0.899696048632219,0.100303951367781
37,0.0565805658056581,0.943419434194342
38,0.651063829787234,0.348936170212766
39,0.409195402298851,0.590804597701149
40,0.899696048632219,0.100303951367781
41,0.41025641025641,0.58974358974359
42,0.651063829787234,0.348936170212766
43,0.683982683982684,0.316017316017316
44,0.979955456570156,0.0200445434298441
45,0.158415841584158,0.841584158415842
46,0.683982683982684,0.316017316017316
47,0.612903225806452,0.387096774193548
48,0.41025641025641,0.58974358974359
49,0.899696048632219,0.100303951367781
50,0.634980988593156,0.365019011406844
51,0.899696048632219,0.100303951367781
52,0.876865671641791,0.123134328358209
53,0.692857142857143,0.307142857142857
54,0.0565805658056581,0.943419434194342
55,0.979955456570156,0.0200445434298441
56,0.683982683982684,0.316017316017316
57,0.0565805658056581,0.943419434194342
58,0.979955456570156,0.0200445434298441
59,0.876865671641791,0.123134328358209
60,0.526315789473684,0.473684210526316
61,0.409195402298851,0.590804597701149
62,0.899696048632219,0.100303951367781
63,0.692857142857143,0.307142857142857
64,0.41025641025641,0.58974358974359
65,0.979955456570156,0.0200445434298441
66,0.979955456570156,0.0200445434298441
67,0.409195402298851,0.590804597701149
68,0.158415841584158,0.841584158415842
69,0.0565805658056581,0.943419434194342
70,0.683982683982684,0.316017316017316
71,0.0565805658056581,0.943419434194342
72,0.207547169811321,0.792452830188679
73,0.41025641025641,0.58974358974359
74,0.634980988593156,0.365019011406844
75,0.41025641025641,0.58974358974359
76,0.692857142857143,0.307142857142857
77,0.207547169811321,0.792452830188679
78,0.899696048632219,0.100303951367781
79,0.895652173913044,0.104347826086957
80,0.41025641025641,0.58974358974359
81,0.41025641025641,0.58974358974359
82,0.895652173913044,0.104347826086957
83,0.651063829787234,0.348936170212766
84,0.472972972972973,0.527027027027027
85,0.41025641025641,0.58974358974359
86,0.876865671641791,0.123134328358209
87,0.899696048632219,0.100303951367781
88,0.409195402298851,0.590804597701149
89,0.472972972972973,0.527027027027027
90,0.143790849673203,0.856209150326797
91,0.692857142857143,0.307142857142857
92,0.634980988593156,0.365019011406844
93,0.0565805658056581,0.943419434194342
94,0.41025641025641,0.58974358974359
95,0.876865671641791,0.123134328358209
96,0.0565805658056581,0.943419434194342
97,0.409195402298851,0.590804597701149
98,0.402439024390244,0.597560975609756
99,0.651063829787234,0.348936170212766
100,0.979955456570156,0.0200445434298441
101,0.651063829787234,0.348936170212766
102,0.979955456570156,0.0200445434298441
103,0.41025641025641,0.58974358974359
104,0.0565805658056581,0.943419434194342
105,0.876865671641791,0.123134328358209
106,0.651063829787234,0.348936170212766
107,0.472972972972973,0.527027027027027
108,0.41025641025641,0.58974358974359
109,0.472972972972973,0.527027027027027
110,0.0565805658056581,0.943419434194342
111,0.409195402298851,0.590804597701149
112,0.895652173913044,0.104347826086957
113,0.41025641025641,0.58974358974359
114,0.979955456570156,0.0200445434298441
115,0.472972972972973,0.527027027027027
116,0.794117647058823,0.205882352941176
117,0.876865671641791,0.123134328358209
118,0.143790849673203,0.856209150326797
119,0.409195402298851,0.590804597701149
120,0.472972972972973,0.527027027027027
121,0.0565805658056581,0.943419434194342
122,0.899696048632219,0.100303951367781
123,0.158415841584158,0.841584158415842
124,0.409195402298851,0.590804597701149
125,0.979955456570156,0.0200445434298441
126,0.634980988593156,0.365019011406844
127,0.899696048632219,0.100303951367781
128,0.476190476190476,0.523809523809524
129,0.876865671641791,0.123134328358209
130,0.472972972972973,0.527027027027027
131,0,1
132,0.634980988593156,0.365019011406844
133,0.41025641025641,0.58974358974359
134,0.876865671641791,0.123134328358209
135,0.0565805658056581,0.943419434194342
136,0.634980988593156,0.365019011406844
137,0.979955456570156,0.0200445434298441
138,0.143790849673203,0.856209150326797
139,0.0565805658056581,0.943419434194342
140,0.143790849673203,0.856209150326797
141,0.692857142857143,0.307142857142857
142,0.143790849673203,0.856209150326797
143,0.472972972972973,0.527027027027027
144,0,1
145,0.409195402298851,0.590804597701149
146,0.634980988593156,0.365019011406844
147,0.876865671641791,0.123134328358209
148,0.899696048632219,0.100303951367781
149,0.207547169811321,0.792452830188679
150,0.0565805658056581,0.943419434194342
151,0.683982683982684,0.316017316017316
152,0.41025641025641,0.58974358974359
153,0.41025641025641,0.58974358974359
154,0.899696048632219,0.100303951367781
155,0.876865671641791,0.123134328358209
156,0.476190476190476,0.523809523809524
157,0.472972972972973,0.527027027027027
158,0.0565805658056581,0.943419434194342
159,0.207547169811321,0.792452830188679
160,0.634980988593156,0.365019011406844
161,0.409195402298851,0.590804597701149
162,0.979955456570156,0.0200445434298441
163,0.207547169811321,0.792452830188679
164,0.979955456570156,0.0200445434298441
165,0.0565805658056581,0.943419434194342
166,0.472972972972973,0.527027027027027
167,0.409195402298851,0.590804597701149
168,0.683982683982684,0.316017316017316
169,0.0565805658056581,0.943419434194342
170,0.158415841584158,0.841584158415842
171,0.472972972972973,0.527027027027027
172,0.143790849673203,0.856209150326797
173,0.683982683982684,0.316017316017316
174,0.683982683982684,0.316017316017316
175,0.0565805658056581,0.943419434194342
176,0.472972972972973,0.527027027027027
177,0.143790849673203,0.856209150326797
178,0.402439024390244,0.597560975609756
179,0.472972972972973,0.527027027027027
180,0.41025641025641,0.58974358974359
181,0.683982683982684,0.316017316017316
182,0.979955456570156,0.0200445434298441
183,0.158415841584158,0.841584158415842
184,0.0565805658056581,0.943419434194342
185,0.899696048632219,0.100303951367781
186,0.899696048632219,0.100303951367781
187,0.0565805658056581,0.943419434194342
188,0.876865671641791,0.123134328358209
189,0.41025641025641,0.58974358974359
190,0.899696048632219,0.100303951367781
191,0.0565805658056581,0.943419434194342
192,0.401869158878505,0.598130841121495
193,0.409195402298851,0.590804597701149
194,0.409195402298851,0.590804597701149
195,0.0565805658056581,0.943419434194342
196,0.651063829787234,0.348936170212766
197,0.0565805658056581,0.943419434194342
198,0.41025641025641,0.58974358974359
199,0.409195402298851,0.590804597701149
200,0.876865671641791,0.123134328358209
201,0.143790849673203,0.856209150326797
202,0.409195402298851,0.590804597701149
203,0.651063829787234,0.348936170212766
204,0.0565805658056581,0.943419434194342
205,0.979955456570156,0.0200445434298441
206,0.979955456570156,0.0200445434298441
207,0.158415841584158,0.841584158415842
208,0.683982683982684,0.316017316017316
209,0.207547169811321,0.792452830188679
210,0.41025641025641,0.58974358974359
211,0.0565805658056581,0.943419434194342
212,0.899696048632219,0.100303951367781
213,0.402439024390244,0.597560975609756
214,0.41025641025641,0.58974358974359
215,0.143790849673203,0.856209150326797
216,0.979955456570156,0.0200445434298441
217,0.692857142857143,0.307142857142857
218,0.0565805658056581,0.943419434194342
219,0.0565805658056581,0.943419434194342
220,0.0565805658056581,0.943419434194342
221,0.402439024390244,0.597560975609756
222,0.979955456570156,0.0200445434298441
223,0.0565805658056581,0.943419434194342
224,0.0565805658056581,0.943419434194342
225,0.634980988593156,0.365019011406844
226,0.651063829787234,0.348936170212766
227,0.651063829787234,0.348936170212766
228,0.876865671641791,0.123134328358209
229,0.158415841584158,0.841584158415842
230,0.899696048632219,0.100303951367781
231,0.0565805658056581,0.943419434194342
232,0.979955456570156,0.0200445434298441
233,0.899696048632219,0.100303951367781
234,0.683982683982684,0.316017316017316
235,0.683982683982684,0.316017316017316
236,0.651063829787234,0.348936170212766
237,0.683982683982684,0.316017316017316
238,0.0565805658056581,0.943419434194342
239,0.0565805658056581,0.943419434194342
240,0.0565805658056581,0.943419434194342
241,0.409195402298851,0.590804597701149
242,0.979955456570156,0.0200445434298441
243,0.683982683982684,0.316017316017316
244,0.899696048632219,0.100303951367781
245,0.472972972972973,0.527027027027027
246,0.401869158878505,0.598130841121495
247,0.207547169811321,0.792452830188679
248,0.979955456570156,0.0200445434298441
249,0.41025641025641,0.58974358974359
250,0.472972972972973,0.527027027027027
251,0.158415841584158,0.841584158415842
252,0.0565805658056581,0.943419434194342
253,0.876865671641791,0.123134328358209
254,0.207547169811321,0.792452830188679
255,0.472972972972973,0.527027027027027
256,0.409195402298851,0.590804597701149
257,0.899696048632219,0.100303951367781
258,0.409195402298851,0.590804597701149
259,0.409195402298851,0.590804597701149
260,0.979955456570156,0.0200445434298441
261,0.899696048632219,0.100303951367781
262,0.526315789473684,0.473684210526316
263,0.0565805658056581,0.943419434194342
264,0.899696048632219,0.100303951367781
265,0.158415841584158,0.841584158415842
266,0.472972972972973,0.527027027027027
267,0.401869158878505,0.598130841121495
268,0.0565805658056581,0.943419434194342
269,0.0565805658056581,0.943419434194342
270,0.651063829787234,0.348936170212766
271,0.979955456570156,0.0200445434298441
272,0.472972972972973,0.527027027027027
273,0.651063829787234,0.348936170212766
274,0.207547169811321,0.792452830188679
275,0.41025641025641,0.58974358974359
276,0.651063829787234,0.348936170212766
277,0.41025641025641,0.58974358974359
278,0.143790849673203,0.856209150326797
279,0.895652173913044,0.104347826086957
280,0.472972972972973,0.527027027027027
281,0.683982683982684,0.316017316017316
282,0.0565805658056581,0.943419434194342
283,0.143790849673203,0.856209150326797
284,0.0565805658056581,0.943419434194342
285,0.158415841584158,0.841584158415842
286,0.683982683982684,0.316017316017316
287,0.207547169811321,0.792452830188679
288,0.692857142857143,0.307142857142857
289,0.476190476190476,0.523809523809524
290,0.472972972972973,0.527027027027027
291,0.0565805658056581,0.943419434194342
292,0.0565805658056581,0.943419434194342
293,0.409195402298851,0.590804597701149
294,0.979955456570156,0.0200445434298441
295,0.0565805658056581,0.943419434194342
296,0.472972972972973,0.527027027027027
297,0.41025641025641,0.58974358974359
298,0.409195402298851,0.590804597701149
299,0.401869158878505,0.598130841121495
300,0.651063829787234,0.348936170212766
301,0.899696048632219,0.100303951367781
302,0.207547169811321,0.792452830188679
303,0.612903225806452,0.387096774193548
304,0.899696048632219,0.100303951367781
305,0.651063829787234,0.348936170212766
306,0.899696048632219,0.100303951367781
307,0.0565805658056581,0.943419434194342
308,0.979955456570156,0.0200445434298441
309,0.207547169811321,0.792452830188679
310,0.409195402298851,0.590804597701149
311,0.0565805658056581,0.943419434194342
312,0.876865671641791,0.123134328358209
313,0.409195402298851,0.590804597701149
314,0.143790849673203,0.856209150326797
315,0.0565805658056581,0.943419434194342
316,0.899696048632219,0.100303951367781
317,0.143790849673203,0.856209150326797
318,0.651063829787234,0.348936170212766
319,0.979955456570156,0.0200445434298441
320,0.409195402298851,0.590804597701149
321,0.979955456570156,0.0200445434298441
322,0.472972972972973,0.527027027027027
323,0.899696048632219,0.100303951367781
324,0.979955456570156,0.0200445434298441
325,0.0565805658056581,0.943419434194342
326,0.899696048632219,0.100303951367781
327,0.683982683982684,0.316017316017316
328,0.41025641025641,0.58974358974359
329,0.683982683982684,0.316017316017316
330,0.0565805658056581,0.943419434194342
331,0.876865671641791,0.123134328358209
332,0.207547169811321,0.792452830188679
333,0.683982683982684,0.316017316017316
334,0.876865671641791,0.123134328358209
335,0.409195402298851,0.590804597701149
336,0.409195402298851,0.590804597701149
337,0.651063829787234,0.348936170212766
338,0.651063829787234,0.348936170212766
339,0.0565805658056581,0.943419434194342
340,0.651063829787234,0.348936170212766
341,0.472972972972973,0.527027027027027
342,0.692857142857143,0.307142857142857
343,0.207547169811321,0.792452830188679
344,0.634980988593156,0.365019011406844
345,0.409195402298851,0.590804597701149
346,0.979955456570156,0.0200445434298441
347,0.0565805658056581,0.943419434194342
348,0.899696048632219,0.100303951367781
349,0.895652173913044,0.104347826086957
350,0.409195402298851,0.590804597701149
351,0.876865671641791,0.123134328358209
352,0.158415841584158,0.841584158415842
353,0.0565805658056581,0.943419434194342
354,0.979955456570156,0.0200445434298441
355,0.979955456570156,0.0200445434298441
356,0.692857142857143,0.307142857142857
357,0.401869158878505,0.598130841121495
358,0.0565805658056581,0.943419434194342
359,0.0565805658056581,0.943419434194342
360,0.409195402298851,0.590804597701149
361,0.472972972972973,0.527027027027027
362,0.0565805658056581,0.943419434194342
363,0.692857142857143,0.307142857142857
364,0.0565805658056581,0.943419434194342
365,0.0565805658056581,0.943419434194342
366,0.409195402298851,0.590804597701149
367,0.0565805658056581,0.943419434194342
368,0.979955456570156,0.0200445434298441
369,0.143790849673203,0.856209150326797
370,0.402439024390244,0.597560975609756
371,0.0565805658056581,0.943419434194342
372,0.0565805658056581,0.943419434194342
373,0.979955456570156,0.0200445434298441
374,0.472972972972973,0.527027027027027
375,0.158415841584158,0.841584158415842
376,0.207547169811321,0.792452830188679
377,0.899696048632219,0.100303951367781
378,0.979955456570156,0.0200445434298441
379,0.651063829787234,0.348936170212766
380,0.41025641025641,0.58974358974359
381,0.651063829787234,0.348936170212766
382,0.207547169811321,0.792452830188679
383,0.634980988593156,0.365019011406844
384,0.0565805658056581,0.943419434194342
385,0.683982683982684,0.316017316017316
386,0.899696048632219,0.100303951367781
387,0.979955456570156,0.0200445434298441
388,0.0565805658056581,0.943419434194342
389,0.683982683982684,0.316017316017316
390,0.409195402298851,0.590804597701149
391,0.634980988593156,0.365019011406844
392,0.409195402298851,0.590804597701149
393,0.476190476190476,0.523809523809524
394,0.158415841584158,0.841584158415842
395,0.0565805658056581,0.943419434194342
396,0.207547169811321,0.792452830188679
397,0.409195402298851,0.590804597701149
398,0.409195402298851,0.590804597701149
399,0.634980988593156,0.365019011406844
400,0.409195402298851,0.590804597701149
401,0.0565805658056581,0.943419434194342
402,0.979955456570156,0.0200445434298441
403,0.472972972972973,0.527027027027027
404,0.692307692307692,0.307692307692308
405,0.899696048632219,0.100303951367781
406,0.472972972972973,0.527027027027027
407,0.979955456570156,0.0200445434298441
408,0.409195402298851,0.590804597701149
409,0.41025641025641,0.58974358974359
410,0.472972972972973,0.527027027027027
411,0.207547169811321,0.792452830188679
412,0.0565805658056581,0.943419434194342
413,0.612903225806452,0.387096774193548
414,0.979955456570156,0.0200445434298441
415,0.0565805658056581,0.943419434194342
416,0.0565805658056581,0.943419434194342
417,0.41025641025641,0.58974358974359
418,0.0565805658056581,0.943419434194342
419,0.651063829787234,0.348936170212766
420,0.0565805658056581,0.943419434194342
421,0.472972972972973,0.527027027027027
422,0.876865671641791,0.123134328358209
423,0.0565805658056581,0.943419434194342
424,0.401869158878505,0.598130841121495
425,0.899696048632219,0.100303951367781
426,0.634980988593156,0.365019011406844
427,0.876865671641791,0.123134328358209
428,0.634980988593156,0.365019011406844
429,0.472972972972973,0.527027027027027
430,0.143790849673203,0.856209150326797
431,0.409195402298851,0.590804597701149
432,0.158415841584158,0.841584158415842
433,0.472972972972973,0.527027027027027
434,0.876865671641791,0.123134328358209
435,0.0565805658056581,0.943419434194342
436,0.0565805658056581,0.943419434194342
437,0.41025641025641,0.58974358974359
438,0.634980988593156,0.365019011406844
439,0.409195402298851,0.590804597701149
440,0.876865671641791,0.123134328358209
441,0.692857142857143,0.307142857142857
442,0.143790849673203,0.856209150326797
443,0.472972972972973,0.527027027027027
444,0.0565805658056581,0.943419434194342
445,0.979955456570156,0.0200445434298441
446,0.472972972972973,0.527027027027027
447,0.979955456570156,0.0200445434298441
448,0.0565805658056581,0.943419434194342
449,0.0565805658056581,0.943419434194342
450,0.472972972972973,0.527027027027027
451,0.143790849673203,0.856209150326797
452,0.651063829787234,0.348936170212766
453,0.409195402298851,0.590804597701149
454,0.651063829787234,0.348936170212766
455,0.979955456570156,0.0200445434298441
456,0.979955456570156,0.0200445434298441
457,0.612903225806452,0.387096774193548
458,0.0565805658056581,0.943419434194342
459,0.0565805658056581,0.943419434194342
460,0.409195402298851,0.590804597701149
461,0.683982683982684,0.316017316017316
462,0.409195402298851,0.590804597701149
463,0.41025641025641,0.58974358974359
464,0.143790849673203,0.856209150326797
465,0.0909090909090909,0.909090909090909
466,0.472972972972973,0.527027027027027
467,0.979955456570156,0.0200445434298441
468,0.409195402298851,0.590804597701149
469,0.0565805658056581,0.943419434194342
470,0.0565805658056581,0.943419434194342
471,0.794117647058823,0.205882352941176
472,0.899696048632219,0.100303951367781
473,0.41025641025641,0.58974358974359
474,0.476190476190476,0.523809523809524
475,0.683982683982684,0.316017316017316
476,0.876865671641791,0.123134328358209
477,0.158415841584158,0.841584158415842
478,0.692857142857143,0.307142857142857
479,0,1
480,0.41025641025641,0.58974358974359
481,0.472972972972973,0.527027027027027
482,0.895652173913044,0.104347826086957
483,0.401869158878505,0.598130841121495
484,0.899696048632219,0.100303951367781
485,0.651063829787234,0.348936170212766
486,0.0565805658056581,0.943419434194342
487,0.0565805658056581,0.943419434194342
488,0.979955456570156,0.0200445434298441
489,0.143790849673203,0.856209150326797
490,0.143790849673203,0.856209150326797
491,0.651063829787234,0.348936170212766
492,0.683982683982684,0.316017316017316
493,0.472972972972973,0.527027027027027
494,0.979955456570156,0.0200445434298441
495,0.409195402298851,0.590804597701149
496,0.472972972972973,0.527027027027027
497,0.876865671641791,0.123134328358209
498,0.794117647058823,0.205882352941176
499,0.401869158878505,0.598130841121495
500,0.683982683982684,0.316017316017316
501,0.979955456570156,0.0200445434298441
502,0.634980988593156,0.365019011406844
503,0.0565805658056581,0.943419434194342
504,0.634980988593156,0.365019011406844
505,0.409195402298851,0.590804597701149
506,0.979955456570156,0.0200445434298441
507,0.143790849673203,0.856209150326797
508,0.876865671641791,0.123134328358209
509,0.409195402298851,0.590804597701149
510,0.979955456570156,0.0200445434298441
511,0.409195402298851,0.590804597701149
512,0.899696048632219,0.100303951367781
513,0.0565805658056581,0.943419434194342
514,0.0565805658056581,0.943419434194342
515,0.158415841584158,0.841584158415842
516,0.207547169811321,0.792452830188679
517,0.409195402298851,0.590804597701149
518,0.634980988593156,0.365019011406844
519,0.41025641025641,0.58974358974359
520,0.158415841584158,0.841584158415842
521,0.0565805658056581,0.943419434194342
522,0.0565805658056581,0.943419434194342
523,0.0565805658056581,0.943419434194342
524,0.0565805658056581,0.943419434194342
525,0.899696048632219,0.100303951367781
526,0.143790849673203,0.856209150326797
527,0.158415841584158,0.841584158415842
528,0.899696048632219,0.100303951367781
529,0.409195402298851,0.590804597701149
530,0.979955456570156,0.0200445434298441
531,0.876865671641791,0.123134328358209
532,0.0565805658056581,0.943419434194342
533,0.472972972972973,0.527027027027027
534,0.158415841584158,0.841584158415842
535,0.158415841584158,0.841584158415842
536,0.0565805658056581,0.943419434194342
537,0.0565805658056581,0.943419434194342
538,0.979955456570156,0.0200445434298441
539,0.472972972972973,0.527027027027027
540,0.409195402298851,0.590804597701149
541,0.0565805658056581,0.943419434194342
542,0.41025641025641,0.58974358974359
543,0.472972972972973,0.527027027027027
544,0.409195402298851,0.590804597701149
545,0.0565805658056581,0.943419434194342
546,0.472972972972973,0.527027027027027
547,0.409195402298851,0.590804597701149
548,0.692307692307692,0.307692307692308
549,0.692857142857143,0.307142857142857
550,0.0565805658056581,0.943419434194342
551,0.634980988593156,0.365019011406844
552,0.0565805658056581,0.943419434194342
553,0.143790849673203,0.856209150326797
554,0.207547169811321,0.792452830188679
555,0.979955456570156,0.0200445434298441
556,0.0565805658056581,0.943419434194342
557,0.207547169811321,0.792452830188679
558,0.899696048632219,0.100303951367781
559,0.0565805658056581,0.943419434194342
560,0.143790849673203,0.856209150326797
561,0.895652173913044,0.104347826086957
562,0.683982683982684,0.316017316017316
563,0.0565805658056581,0.943419434194342
564,0.41025641025641,0.58974358974359
565,0.876865671641791,0.123134328358209
566,0.0565805658056581,0.943419434194342
567,0.0565805658056581,0.943419434194342
568,0.409195402298851,0.590804597701149
569,0.472972972972973,0.527027027027027
570,0.979955456570156,0.0200445434298441
571,0.683982683982684,0.316017316017316
572,0.979955456570156,0.0200445434298441
573,0.634980988593156,0.365019011406844
574,0.143790849673203,0.856209150326797
575,0.207547169811321,0.792452830188679
576,0.401869158878505,0.598130841121495
577,0.692857142857143,0.307142857142857
578,0.634980988593156,0.365019011406844
579,0.0565805658056581,0.943419434194342
580,0.158415841584158,0.841584158415842
581,0.41025641025641,0.58974358974359
582,0.634980988593156,0.365019011406844
583,0.158415841584158,0.841584158415842
584,0.651063829787234,0.348936170212766
585,0.651063829787234,0.348936170212766
586,0.41025641025641,0.58974358974359
587,0.207547169811321,0.792452830188679
588,0.0565805658056581,0.943419434194342
589,0.683982683982684,0.316017316017316
590,0.472972972972973,0.527027027027027
591,0.634980988593156,0.365019011406844
592,0.143790849673203,0.856209150326797
593,0.41025641025641,0.58974358974359
594,0.979955456570156,0.0200445434298441
595,0.634980988593156,0.365019011406844
596,0.41025641025641,0.58974358974359
597,0.899696048632219,0.100303951367781
598,0.409195402298851,0.590804597701149
599,0.402439024390244,0.597560975609756
600,0.158415841584158,0.841584158415842
601,0.0565805658056581,0.943419434194342
602,0.472972972972973,0.527027027027027
603,0.0565805658056581,0.943419434194342
604,0.634980988593156,0.365019011406844
605,0.979955456570156,0.0200445434298441
606,0.143790849673203,0.856209150326797
607,0.651063829787234,0.348936170212766
608,0.158415841584158,0.841584158415842
609,0.876865671641791,0.123134328358209
610,0.651063829787234,0.348936170212766
611,0.979955456570156,0.0200445434298441
612,0.409195402298851,0.590804597701149
613,0.158415841584158,0.841584158415842
614,0.41025641025641,0.58974358974359
615,0.0565805658056581,0.943419434194342
616,0.472972972972973,0.527027027027027
617,0.402439024390244,0.597560975609756
618,0.41025641025641,0.58974358974359
619,0.899696048632219,0.100303951367781
620,0.409195402298851,0.590804597701149
621,0.472972972972973,0.527027027027027
622,0.979955456570156,0.0200445434298441
623,0.0565805658056581,0.943419434194342
624,0.895652173913044,0.104347826086957
625,0.409195402298851,0.590804597701149
626,0.0565805658056581,0.943419434194342
627,0.207547169811321,0.792452830188679
628,0.0565805658056581,0.943419434194342
629,0.401869158878505,0.598130841121495
630,0.207547169811321,0.792452830188679
631,0.472972972972973,0.527027027027027
632,0.651063829787234,0.348936170212766
633,0.409195402298851,0.590804597701149
634,0.692857142857143,0.307142857142857
635,0.143790849673203,0.856209150326797
636,0.979955456570156,0.0200445434298441
637,0.207547169811321,0.792452830188679
638,0.0565805658056581,0.943419434194342
639,0.692857142857143,0.307142857142857
640,0.979955456570156,0.0200445434298441
641,0.634980988593156,0.365019011406844
642,0.143790849673203,0.856209150326797
643,0.692857142857143,0.307142857142857
644,0.651063829787234,0.348936170212766
645,0.651063829787234,0.348936170212766
646,0.409195402298851,0.590804597701149
647,0.207547169811321,0.792452830188679
648,0.143790849673203,0.856209150326797
649,0.0565805658056581,0.943419434194342
650,0.683982683982684,0.316017316017316
651,0.979955456570156,0.0200445434298441
652,0.683982683982684,0.316017316017316
653,0.876865671641791,0.123134328358209
654,0.634980988593156,0.365019011406844
655,0.0565805658056581,0.943419434194342
656,0.207547169811321,0.792452830188679
657,0.401869158878505,0.598130841121495
658,0.651063829787234,0.348936170212766
659,0.899696048632219,0.100303951367781
660,0.683982683982684,0.316017316017316
661,0.207547169811321,0.792452830188679
662,0.683982683982684,0.316017316017316
663,0.0565805658056581,0.943419434194342
664,0.683982683982684,0.316017316017316
665,0.0565805658056581,0.943419434194342
666,0.979955456570156,0.0200445434298441
667,0.472972972972973,0.527027027027027
668,0.409195402298851,0.590804597701149
669,0.409195402298851,0.590804597701149
670,0.899696048632219,0.100303951367781
671,0.472972972972973,0.527027027027027
672,0.651063829787234,0.348936170212766
673,0.876865671641791,0.123134328358209
674,0.409195402298851,0.590804597701149
675,0.683982683982684,0.316017316017316
676,0.899696048632219,0.100303951367781
677,0.651063829787234,0.348936170212766
678,0.876865671641791,0.123134328358209
679,0.402439024390244,0.597560975609756
680,0.158415841584158,0.841584158415842
681,0.634980988593156,0.365019011406844
682,0.683982683982684,0.316017316017316
683,0.0565805658056581,0.943419434194342
684,0.651063829787234,0.348936170212766
685,0.899696048632219,0.100303951367781
686,0.0565805658056581,0.943419434194342
687,0.0565805658056581,0.943419434194342
688,0.979955456570156,0.0200445434298441
689,0.207547169811321,0.792452830188679
690,0.634980988593156,0.365019011406844
691,0.0565805658056581,0.943419434194342
692,0.899696048632219,0.100303951367781
693,0.476190476190476,0.523809523809524
694,0.409195402298851,0.590804597701149
695,0.409195402298851,0.590804597701149
696,0.899696048632219,0.100303951367781
697,0.472972972972973,0.527027027027027
698,0.979955456570156,0.0200445434298441
699,0.634980988593156,0.365019011406844
700,0.683982683982684,0.316017316017316
701,0.41025641025641,0.58974358974359
702,0.692857142857143,0.307142857142857
703,0.409195402298851,0.590804597701149
704,0.401869158878505,0.598130841121495
705,0.899696048632219,0.100303951367781
706,0.0565805658056581,0.943419434194342
707,0.0565805658056581,0.943419434194342
708,0.472972972972973,0.527027027027027
709,0.409195402298851,0.590804597701149
710,0.634980988593156,0.365019011406844
711,0.41025641025641,0.58974358974359
712,0.899696048632219,0.100303951367781
713,0.0565805658056581,0.943419434194342
714,0.402439024390244,0.597560975609756
715,0.41025641025641,0.58974358974359
716,0.876865671641791,0.123134328358209
717,0.0565805658056581,0.943419434194342
718,0.143790849673203,0.856209150326797
719,0.899696048632219,0.100303951367781
720,0.899696048632219,0.100303951367781
721,0.979955456570156,0.0200445434298441
722,0.895652173913044,0.104347826086957
723,0.0565805658056581,0.943419434194342
724,0.979955456570156,0.0200445434298441
725,0.979955456570156,0.0200445434298441
726,0.41025641025641,0.58974358974359
727,0.472972972972973,0.527027027027027
728,0.472972972972973,0.527027027027027
729,0.143790849673203,0.856209150326797
730,0.612903225806452,0.387096774193548
731,0.0565805658056581,0.943419434194342
732,0.979955456570156,0.0200445434298441
733,0.0565805658056581,0.943419434194342
734,0.0565805658056581,0.943419434194342
735,0.683982683982684,0.316017316017316
736,0.683982683982684,0.316017316017316
737,0.651063829787234,0.348936170212766
738,0.409195402298851,0.590804597701149
739,0.979955456570156,0.0200445434298441
740,0.899696048632219,0.100303951367781
741,0.979955456570156,0.0200445434298441
742,0.409195402298851,0.590804597701149
743,0.0565805658056581,0.943419434194342
744,0.207547169811321,0.792452830188679
745,0.0565805658056581,0.943419434194342
746,0.472972972972973,0.527027027027027
747,0.476190476190476,0.523809523809524
748,0.876865671641791,0.123134328358209
749,0.0565805658056581,0.943419434194342
750,0.0565805658056581,0.943419434194342
751,0.472972972972973,0.527027027027027
752,0.651063829787234,0.348936170212766
753,0.899696048632219,0.100303951367781
754,0.143790849673203,0.856209150326797
755,0.634980988593156,0.365019011406844
756,0.651063829787234,0.348936170212766
757,0.409195402298851,0.590804597701149
758,0.0565805658056581,0.943419434194342
759,0.409195402298851,0.590804597701149
760,0.683982683982684,0.316017316017316
761,0.0565805658056581,0.943419434194342
762,0.0565805658056581,0.943419434194342
763,0.612903225806452,0.387096774193548
764,0.899696048632219,0.100303951367781
765,0.143790849673203,0.856209150326797
766,0.895652173913044,0.104347826086957
767,0.651063829787234,0.348936170212766
768,0.651063829787234,0.348936170212766
769,0.899696048632219,0.100303951367781
770,0.899696048632219,0.100303951367781
771,0.158415841584158,0.841584158415842
772,0.0565805658056581,0.943419434194342
773,0.651063829787234,0.348936170212766
774,0.472972972972973,0.527027027027027
775,0.692857142857143,0.307142857142857
776,0.41025641025641,0.58974358974359
777,0.692307692307692,0.307692307692308
778,0.634980988593156,0.365019011406844
779,0.876865671641791,0.123134328358209
780,0.158415841584158,0.841584158415842
781,0.651063829787234,0.348936170212766
782,0.409195402298851,0.590804597701149
783,0.899696048632219,0.100303951367781
784,0.876865671641791,0.123134328358209
785,0.979955456570156,0.0200445434298441
786,0.472972972972973,0.527027027027027
787,0.683982683982684,0.316017316017316
788,0.634980988593156,0.365019011406844
789,0.401869158878505,0.598130841121495
790,0.876865671641791,0.123134328358209
791,0.651063829787234,0.348936170212766
792,0.979955456570156,0.0200445434298441
793,0.899696048632219,0.100303951367781
794,0.409195402298851,0.590804597701149
795,0.0565805658056581,0.943419434194342
796,0.899696048632219,0.100303951367781
797,0.472972972972973,0.527027027027027
798,0.692857142857143,0.307142857142857
799,0.409195402298851,0.590804597701149
800,0.476190476190476,0.523809523809524
801,0.158415841584158,0.841584158415842
802,0.0565805658056581,0.943419434194342
803,0.683982683982684,0.316017316017316
804,0.0565805658056581,0.943419434194342
805,0.0565805658056581,0.943419434194342
806,0.0909090909090909,0.909090909090909
807,0.143790849673203,0.856209150326797
808,0.899696048632219,0.100303951367781
809,0.0565805658056581,0.943419434194342
810,0.876865671641791,0.123134328358209
811,0.409195402298851,0.590804597701149
812,0.979955456570156,0.0200445434298441
813,0.143790849673203,0.856209150326797
814,0.683982683982684,0.316017316017316
815,0.876865671641791,0.123134328358209
816,0.979955456570156,0.0200445434298441
817,0.0565805658056581,0.943419434194342
818,0.876865671641791,0.123134328358209
819,0.0565805658056581,0.943419434194342
820,0.0565805658056581,0.943419434194342
821,0.409195402298851,0.590804597701149
822,0.0565805658056581,0.943419434194342
823,0.472972972972973,0.527027027027027
824,0.0565805658056581,0.943419434194342
825,0.0565805658056581,0.943419434194342
826,0.979955456570156,0.0200445434298441
827,0.0565805658056581,0.943419434194342
828,0.409195402298851,0.590804597701149
829,0.634980988593156,0.365019011406844
830,0.409195402298851,0.590804597701149
831,0.899696048632219,0.100303951367781
832,0.401869158878505,0.598130841121495
833,0.876865671641791,0.123134328358209
834,0.143790849673203,0.856209150326797
835,0.401869158878505,0.598130841121495
836,0.683982683982684,0.316017316017316
837,0.409195402298851,0.590804597701149
838,0.472972972972973,0.527027027027027
839,0.472972972972973,0.527027027027027
840,0.979955456570156,0.0200445434298441
841,0.472972972972973,0.527027027027027
842,0.158415841584158,0.841584158415842
843,0.207547169811321,0.792452830188679
844,0.876865671641791,0.123134328358209
845,0.207547169811321,0.792452830188679
846,0.409195402298851,0.590804597701149
847,0.0565805658056581,0.943419434194342
848,0.899696048632219,0.100303951367781
849,0.0565805658056581,0.943419434194342
850,0.158415841584158,0.841584158415842
851,0.683982683982684,0.316017316017316
852,0.143790849673203,0.856209150326797
853,0.895652173913044,0.104347826086957
854,0.979955456570156,0.0200445434298441
855,0.0565805658056581,0.943419434194342
856,0.0565805658056581,0.943419434194342
857,0.401869158878505,0.598130841121495
858,0.692857142857143,0.307142857142857
859,0.979955456570156,0.0200445434298441
860,0.979955456570156,0.0200445434298441
861,0.409195402298851,0.590804597701149
862,0.158415841584158,0.841584158415842
863,0.979955456570156,0.0200445434298441
864,0.401869158878505,0.598130841121495
865,0.979955456570156,0.0200445434298441
866,0.899696048632219,0.100303951367781
867,0.409195402298851,0.590804597701149
868,0.979955456570156,0.0200445434298441
869,0.0565805658056581,0.943419434194342
870,0.692857142857143,0.307142857142857
871,0.402439024390244,0.597560975609756
872,0.979955456570156,0.0200445434298441
873,0.979955456570156,0.0200445434298441
874,0.0565805658056581,0.943419434194342
875,0.472972972972973,0.527027027027027
876,0.895652173913044,0.104347826086957
877,0.876865671641791,0.123134328358209
878,0.0565805658056581,0.943419434194342
879,0.0565805658056581,0.943419434194342
880,0.651063829787234,0.348936170212766
881,0.634980988593156,0.365019011406844
882,0.692307692307692,0.307692307692308
883,0.634980988593156,0.365019011406844
884,0.409195402298851,0.590804597701149
885,0.899696048632219,0.100303951367781
886,0.409195402298851,0.590804597701149
887,0.0565805658056581,0.943419434194342
888,0.0565805658056581,0.943419434194342
889,0.899696048632219,0.100303951367781
890,0.409195402298851,0.590804597701149
891,0.683982683982684,0.316017316017316
892,0.409195402298851,0.590804597701149
893,0.683982683982684,0.316017316017316
894,0.401869158878505,0.598130841121495
895,0.612903225806452,0.387096774193548
896,0.979955456570156,0.0200445434298441
897,0.683982683982684,0.316017316017316
898,0.409195402298851,0.590804597701149
899,0.683982683982684,0.316017316017316
900,0.41025641025641,0.58974358974359
901,0.409195402298851,0.590804597701149
902,0.979955456570156,0.0200445434298441
903,0.0565805658056581,0.943419434194342
904,0.472972972972973,0.527027027027027
905,0.651063829787234,0.348936170212766
906,0.0565805658056581,0.943419434194342
907,0.472972972972973,0.527027027027027
908,0.0565805658056581,0.943419434194342
909,0.409195402298851,0.590804597701149
910,0.634980988593156,0.365019011406844
911,0.472972972972973,0.527027027027027
912,0.634980988593156,0.365019011406844
913,0.979955456570156,0.0200445434298441
914,0.526315789473684,0.473684210526316
915,0.0565805658056581,0.943419434194342
916,0.979955456570156,0.0200445434298441
917,0.979955456570156,0.0200445434298441
918,0.401869158878505,0.598130841121495
919,0.979955456570156,0.0200445434298441
920,0.651063829787234,0.348936170212766
921,0.899696048632219,0.100303951367781
922,0.472972972972973,0.527027027027027
923,0.143790849673203,0.856209150326797
924,0.899696048632219,0.100303951367781
925,0.476190476190476,0.523809523809524
926,0.0565805658056581,0.943419434194342
927,0.207547169811321,0.792452830188679
928,0.143790849673203,0.856209150326797
929,0.41025641025641,0.58974358974359
930,0.158415841584158,0.841584158415842
931,0.876865671641791,0.123134328358209
932,0.409195402298851,0.590804597701149
933,0.612903225806452,0.387096774193548
934,0.651063829787234,0.348936170212766
935,0.143790849673203,0.856209150326797
936,0.899696048632219,0.100303951367781
937,0.899696048632219,0.100303951367781
938,0.41025641025641,0.58974358974359
939,0.143790849673203,0.856209150326797
940,0.634980988593156,0.365019011406844
941,0.207547169811321,0.792452830188679
942,0.476190476190476,0.523809523809524
943,0.692857142857143,0.307142857142857
944,0.158415841584158,0.841584158415842
945,0.979955456570156,0.0200445434298441
946,0.0565805658056581,0.943419434194342
947,0.472972972972973,0.527027027027027
948,0.0565805658056581,0.943419434194342
949,0.899696048632219,0.100303951367781
950,0.979955456570156,0.0200445434298441
951,0.651063829787234,0.348936170212766
952,0.876865671641791,0.123134328358209
953,0.472972972972973,0.527027027027027
954,0.683982683982684,0.316017316017316
955,0.0909090909090909,0.909090909090909
956,0.0565805658056581,0.943419434194342
957,0.0565805658056581,0.943419434194342
958,0.158415841584158,0.841584158415842
959,0.979955456570156,0.0200445434298441
960,0.899696048632219,0.100303951367781
961,0.409195402298851,0.590804597701149
962,0.409195402298851,0.590804597701149
963,0.409195402298851,0.590804597701149
964,0.401869158878505,0.598130841121495
965,0.634980988593156,0.365019011406844
966,0.472972972972973,0.527027027027027
967,0.472972972972973,0.527027027027027
968,0.0565805658056581,0.943419434194342
969,0.409195402298851,0.590804597701149
970,0.979955456570156,0.0200445434298441
971,0.899696048632219,0.100303951367781
972,0.402439024390244,0.597560975609756
973,0.0565805658056581,0.943419434194342
974,0.143790849673203,0.856209150326797
975,0.401869158878505,0.598130841121495
976,0.207547169811321,0.792452830188679
977,0.143790849673203,0.856209150326797
978,0.895652173913044,0.104347826086957
979,0.143790849673203,0.856209150326797
980,0.651063829787234,0.348936170212766
981,0.41025641025641,0.58974358974359
982,0.472972972972973,0.527027027027027
983,0.158415841584158,0.841584158415842
984,0.876865671641791,0.123134328358209
985,0.0565805658056581,0.943419434194342
986,0.651063829787234,0.348936170212766
987,0.899696048632219,0.100303951367781
988,0.979955456570156,0.0200445434298441
989,0.0565805658056581,0.943419434194342
990,0.876865671641791,0.123134328358209
991,0.876865671641791,0.123134328358209
992,0.472972972972973,0.527027027027027
993,0.683982683982684,0.316017316017316
994,0.472972972972973,0.527027027027027
995,0.0565805658056581,0.943419434194342
996,0.409195402298851,0.590804597701149
997,0.651063829787234,0.348936170212766
998,0.207547169811321,0.792452830188679
999,0.402439024390244,0.597560975609756
1000,0.476190476190476,0.523809523809524
1001,0.143790849673203,0.856209150326797
1002,0.0565805658056581,0.943419434194342
