"ID","Choice0","Choice1"
1,0.126412429378531,0.873587570621469
2,0.900510204081633,0.0994897959183673
3,0.126412429378531,0.873587570621469
4,0.402542372881356,0.597457627118644
5,0.126412429378531,0.873587570621469
6,0.900510204081633,0.0994897959183673
7,0.126412429378531,0.873587570621469
8,0.126412429378531,0.873587570621469
9,0.126412429378531,0.873587570621469
10,0.402542372881356,0.597457627118644
11,0.371702637889688,0.628297362110312
12,0.900510204081633,0.0994897959183673
13,0.900510204081633,0.0994897959183673
14,0.756198347107438,0.243801652892562
15,0.712962962962963,0.287037037037037
16,0.402542372881356,0.597457627118644
17,0.126412429378531,0.873587570621469
18,0.570666666666667,0.429333333333333
19,0.756198347107438,0.243801652892562
20,0.570666666666667,0.429333333333333
21,0.900510204081633,0.0994897959183673
22,0.900510204081633,0.0994897959183673
23,0.900510204081633,0.0994897959183673
24,0.126412429378531,0.873587570621469
25,0.126412429378531,0.873587570621469
26,0.371702637889688,0.628297362110312
27,0.371702637889688,0.628297362110312
28,0.402542372881356,0.597457627118644
29,0.126412429378531,0.873587570621469
30,0.570666666666667,0.429333333333333
31,0.570666666666667,0.429333333333333
32,0.570666666666667,0.429333333333333
33,0.570666666666667,0.429333333333333
34,0.756198347107438,0.243801652892562
35,0.900510204081633,0.0994897959183673
36,0.371702637889688,0.628297362110312
37,0.126412429378531,0.873587570621469
38,0.900510204081633,0.0994897959183673
39,0.402542372881356,0.597457627118644
40,0.900510204081633,0.0994897959183673
41,0.712962962962963,0.287037037037037
42,0.900510204081633,0.0994897959183673
43,0.653631284916201,0.346368715083799
44,0.900510204081633,0.0994897959183673
45,0.371702637889688,0.628297362110312
46,0.653631284916201,0.346368715083799
47,0.371702637889688,0.628297362110312
48,0.126412429378531,0.873587570621469
49,0.900510204081633,0.0994897959183673
50,0.126412429378531,0.873587570621469
51,0.900510204081633,0.0994897959183673
52,0.712962962962963,0.287037037037037
53,0.900510204081633,0.0994897959183673
54,0.126412429378531,0.873587570621469
55,0.900510204081633,0.0994897959183673
56,0.712962962962963,0.287037037037037
57,0.126412429378531,0.873587570621469
58,0.900510204081633,0.0994897959183673
59,0.900510204081633,0.0994897959183673
60,0.123456790123457,0.876543209876543
61,0.126412429378531,0.873587570621469
62,0.900510204081633,0.0994897959183673
63,0.126412429378531,0.873587570621469
64,0.402542372881356,0.597457627118644
65,0.900510204081633,0.0994897959183673
66,0.900510204081633,0.0994897959183673
67,0.402542372881356,0.597457627118644
68,0.371702637889688,0.628297362110312
69,0.126412429378531,0.873587570621469
70,0.653631284916201,0.346368715083799
71,0.126412429378531,0.873587570621469
72,0.402542372881356,0.597457627118644
73,0.712962962962963,0.287037037037037
74,0.900510204081633,0.0994897959183673
75,0.126412429378531,0.873587570621469
76,0.712962962962963,0.287037037037037
77,0.126412429378531,0.873587570621469
78,0.900510204081633,0.0994897959183673
79,0.756198347107438,0.243801652892562
80,0.402542372881356,0.597457627118644
81,0.126412429378531,0.873587570621469
82,0.756198347107438,0.243801652892562
83,0.371702637889688,0.628297362110312
84,0.371702637889688,0.628297362110312
85,0.712962962962963,0.287037037037037
86,0.712962962962963,0.287037037037037
87,0.900510204081633,0.0994897959183673
88,0.402542372881356,0.597457627118644
89,0.570666666666667,0.429333333333333
90,0.402542372881356,0.597457627118644
91,0.900510204081633,0.0994897959183673
92,0.402542372881356,0.597457627118644
93,0.126412429378531,0.873587570621469
94,0.402542372881356,0.597457627118644
95,0.900510204081633,0.0994897959183673
96,0.126412429378531,0.873587570621469
97,0.402542372881356,0.597457627118644
98,0.756198347107438,0.243801652892562
99,0.756198347107438,0.243801652892562
100,0.900510204081633,0.0994897959183673
101,0.570666666666667,0.429333333333333
102,0.371702637889688,0.628297362110312
103,0.126412429378531,0.873587570621469
104,0.126412429378531,0.873587570621469
105,0.900510204081633,0.0994897959183673
106,0.570666666666667,0.429333333333333
107,0.570666666666667,0.429333333333333
108,0.126412429378531,0.873587570621469
109,0.371702637889688,0.628297362110312
110,0.126412429378531,0.873587570621469
111,0.126412429378531,0.873587570621469
112,0.756198347107438,0.243801652892562
113,0.126412429378531,0.873587570621469
114,0.900510204081633,0.0994897959183673
115,0.371702637889688,0.628297362110312
116,0.756198347107438,0.243801652892562
117,0.900510204081633,0.0994897959183673
118,0.126412429378531,0.873587570621469
119,0.402542372881356,0.597457627118644
120,0.756198347107438,0.243801652892562
121,0.126412429378531,0.873587570621469
122,0.900510204081633,0.0994897959183673
123,0.123456790123457,0.876543209876543
124,0.402542372881356,0.597457627118644
125,0.900510204081633,0.0994897959183673
126,0.712962962962963,0.287037037037037
127,0.900510204081633,0.0994897959183673
128,0.900510204081633,0.0994897959183673
129,0.712962962962963,0.287037037037037
130,0.371702637889688,0.628297362110312
131,0.126412429378531,0.873587570621469
132,0.402542372881356,0.597457627118644
133,0.402542372881356,0.597457627118644
134,0.712962962962963,0.287037037037037
135,0.126412429378531,0.873587570621469
136,0.712962962962963,0.287037037037037
137,0.900510204081633,0.0994897959183673
138,0.126412429378531,0.873587570621469
139,0.126412429378531,0.873587570621469
140,0.126412429378531,0.873587570621469
141,0.900510204081633,0.0994897959183673
142,0.126412429378531,0.873587570621469
143,0.126412429378531,0.873587570621469
144,0.126412429378531,0.873587570621469
145,0.402542372881356,0.597457627118644
146,0.402542372881356,0.597457627118644
147,0.570666666666667,0.429333333333333
148,0.900510204081633,0.0994897959183673
149,0.126412429378531,0.873587570621469
150,0.126412429378531,0.873587570621469
151,0.653631284916201,0.346368715083799
152,0.126412429378531,0.873587570621469
153,0.126412429378531,0.873587570621469
154,0.900510204081633,0.0994897959183673
155,0.900510204081633,0.0994897959183673
156,0.900510204081633,0.0994897959183673
157,0.570666666666667,0.429333333333333
158,0.126412429378531,0.873587570621469
159,0.402542372881356,0.597457627118644
160,0.712962962962963,0.287037037037037
161,0.402542372881356,0.597457627118644
162,0.900510204081633,0.0994897959183673
163,0.126412429378531,0.873587570621469
164,0.900510204081633,0.0994897959183673
165,0.126412429378531,0.873587570621469
166,0.570666666666667,0.429333333333333
167,0.402542372881356,0.597457627118644
168,0.653631284916201,0.346368715083799
169,0.126412429378531,0.873587570621469
170,0.371702637889688,0.628297362110312
171,0.371702637889688,0.628297362110312
172,0.126412429378531,0.873587570621469
173,0.653631284916201,0.346368715083799
174,0.653631284916201,0.346368715083799
175,0.126412429378531,0.873587570621469
176,0.126412429378531,0.873587570621469
177,0.126412429378531,0.873587570621469
178,0.756198347107438,0.243801652892562
179,0.756198347107438,0.243801652892562
180,0.402542372881356,0.597457627118644
181,0.653631284916201,0.346368715083799
182,0.900510204081633,0.0994897959183673
183,0.126412429378531,0.873587570621469
184,0.126412429378531,0.873587570621469
185,0.371702637889688,0.628297362110312
186,0.900510204081633,0.0994897959183673
187,0.126412429378531,0.873587570621469
188,0.712962962962963,0.287037037037037
189,0.402542372881356,0.597457627118644
190,0.900510204081633,0.0994897959183673
191,0.371702637889688,0.628297362110312
192,0.126412429378531,0.873587570621469
193,0.402542372881356,0.597457627118644
194,0.126412429378531,0.873587570621469
195,0.126412429378531,0.873587570621469
196,0.371702637889688,0.628297362110312
197,0.371702637889688,0.628297362110312
198,0.126412429378531,0.873587570621469
199,0.402542372881356,0.597457627118644
200,0.712962962962963,0.287037037037037
201,0.900510204081633,0.0994897959183673
202,0.402542372881356,0.597457627118644
203,0.900510204081633,0.0994897959183673
204,0.126412429378531,0.873587570621469
205,0.900510204081633,0.0994897959183673
206,0.900510204081633,0.0994897959183673
207,0.371702637889688,0.628297362110312
208,0.653631284916201,0.346368715083799
209,0.402542372881356,0.597457627118644
210,0.402542372881356,0.597457627118644
211,0.126412429378531,0.873587570621469
212,0.900510204081633,0.0994897959183673
213,0.371702637889688,0.628297362110312
214,0.712962962962963,0.287037037037037
215,0.126412429378531,0.873587570621469
216,0.900510204081633,0.0994897959183673
217,0.900510204081633,0.0994897959183673
218,0.126412429378531,0.873587570621469
219,0.126412429378531,0.873587570621469
220,0.126412429378531,0.873587570621469
221,0.123456790123457,0.876543209876543
222,0.900510204081633,0.0994897959183673
223,0.126412429378531,0.873587570621469
224,0.126412429378531,0.873587570621469
225,0.712962962962963,0.287037037037037
226,0.570666666666667,0.429333333333333
227,0.900510204081633,0.0994897959183673
228,0.900510204081633,0.0994897959183673
229,0.123456790123457,0.876543209876543
230,0.900510204081633,0.0994897959183673
231,0.126412429378531,0.873587570621469
232,0.756198347107438,0.243801652892562
233,0.900510204081633,0.0994897959183673
234,0.653631284916201,0.346368715083799
235,0.653631284916201,0.346368715083799
236,0.371702637889688,0.628297362110312
237,0.653631284916201,0.346368715083799
238,0.126412429378531,0.873587570621469
239,0.126412429378531,0.873587570621469
240,0.126412429378531,0.873587570621469
241,0.402542372881356,0.597457627118644
242,0.900510204081633,0.0994897959183673
243,0.653631284916201,0.346368715083799
244,0.900510204081633,0.0994897959183673
245,0.371702637889688,0.628297362110312
246,0.126412429378531,0.873587570621469
247,0.126412429378531,0.873587570621469
248,0.900510204081633,0.0994897959183673
249,0.900510204081633,0.0994897959183673
250,0.570666666666667,0.429333333333333
251,0.570666666666667,0.429333333333333
252,0.570666666666667,0.429333333333333
253,0.900510204081633,0.0994897959183673
254,0.126412429378531,0.873587570621469
255,0.123456790123457,0.876543209876543
256,0.402542372881356,0.597457627118644
257,0.570666666666667,0.429333333333333
258,0.402542372881356,0.597457627118644
259,0.126412429378531,0.873587570621469
260,0.756198347107438,0.243801652892562
261,0.900510204081633,0.0994897959183673
262,0.570666666666667,0.429333333333333
263,0.126412429378531,0.873587570621469
264,0.900510204081633,0.0994897959183673
265,0.123456790123457,0.876543209876543
266,0.371702637889688,0.628297362110312
267,0.126412429378531,0.873587570621469
268,0.126412429378531,0.873587570621469
269,0.126412429378531,0.873587570621469
270,0.570666666666667,0.429333333333333
271,0.900510204081633,0.0994897959183673
272,0.570666666666667,0.429333333333333
273,0.570666666666667,0.429333333333333
274,0.126412429378531,0.873587570621469
275,0.900510204081633,0.0994897959183673
276,0.371702637889688,0.628297362110312
277,0.402542372881356,0.597457627118644
278,0.126412429378531,0.873587570621469
279,0.756198347107438,0.243801652892562
280,0.371702637889688,0.628297362110312
281,0.653631284916201,0.346368715083799
282,0.371702637889688,0.628297362110312
283,0.126412429378531,0.873587570621469
284,0.126412429378531,0.873587570621469
285,0.123456790123457,0.876543209876543
286,0.653631284916201,0.346368715083799
287,0.402542372881356,0.597457627118644
288,0.371702637889688,0.628297362110312
289,0.126412429378531,0.873587570621469
290,0.570666666666667,0.429333333333333
291,0.126412429378531,0.873587570621469
292,0.126412429378531,0.873587570621469
293,0.402542372881356,0.597457627118644
294,0.900510204081633,0.0994897959183673
295,0.126412429378531,0.873587570621469
296,0.570666666666667,0.429333333333333
297,0.126412429378531,0.873587570621469
298,0.402542372881356,0.597457627118644
299,0.570666666666667,0.429333333333333
300,0.371702637889688,0.628297362110312
301,0.900510204081633,0.0994897959183673
302,0.126412429378531,0.873587570621469
303,0.900510204081633,0.0994897959183673
304,0.900510204081633,0.0994897959183673
305,0.900510204081633,0.0994897959183673
306,0.900510204081633,0.0994897959183673
307,0.126412429378531,0.873587570621469
308,0.900510204081633,0.0994897959183673
309,0.402542372881356,0.597457627118644
310,0.402542372881356,0.597457627118644
311,0.126412429378531,0.873587570621469
312,0.900510204081633,0.0994897959183673
313,0.402542372881356,0.597457627118644
314,0.126412429378531,0.873587570621469
315,0.126412429378531,0.873587570621469
316,0.570666666666667,0.429333333333333
317,0.126412429378531,0.873587570621469
318,0.570666666666667,0.429333333333333
319,0.900510204081633,0.0994897959183673
320,0.402542372881356,0.597457627118644
321,0.570666666666667,0.429333333333333
322,0.371702637889688,0.628297362110312
323,0.900510204081633,0.0994897959183673
324,0.900510204081633,0.0994897959183673
325,0.126412429378531,0.873587570621469
326,0.900510204081633,0.0994897959183673
327,0.653631284916201,0.346368715083799
328,0.900510204081633,0.0994897959183673
329,0.653631284916201,0.346368715083799
330,0.126412429378531,0.873587570621469
331,0.900510204081633,0.0994897959183673
332,0.402542372881356,0.597457627118644
333,0.712962962962963,0.287037037037037
334,0.900510204081633,0.0994897959183673
335,0.402542372881356,0.597457627118644
336,0.402542372881356,0.597457627118644
337,0.570666666666667,0.429333333333333
338,0.570666666666667,0.429333333333333
339,0.126412429378531,0.873587570621469
340,0.900510204081633,0.0994897959183673
341,0.756198347107438,0.243801652892562
342,0.900510204081633,0.0994897959183673
343,0.126412429378531,0.873587570621469
344,0.402542372881356,0.597457627118644
345,0.402542372881356,0.597457627118644
346,0.371702637889688,0.628297362110312
347,0.371702637889688,0.628297362110312
348,0.900510204081633,0.0994897959183673
349,0.900510204081633,0.0994897959183673
350,0.402542372881356,0.597457627118644
351,0.900510204081633,0.0994897959183673
352,0.123456790123457,0.876543209876543
353,0.126412429378531,0.873587570621469
354,0.371702637889688,0.628297362110312
355,0.900510204081633,0.0994897959183673
356,0.371702637889688,0.628297362110312
357,0.371702637889688,0.628297362110312
358,0.126412429378531,0.873587570621469
359,0.126412429378531,0.873587570621469
360,0.402542372881356,0.597457627118644
361,0.756198347107438,0.243801652892562
362,0.126412429378531,0.873587570621469
363,0.371702637889688,0.628297362110312
364,0.126412429378531,0.873587570621469
365,0.126412429378531,0.873587570621469
366,0.402542372881356,0.597457627118644
367,0.126412429378531,0.873587570621469
368,0.900510204081633,0.0994897959183673
369,0.126412429378531,0.873587570621469
370,0.756198347107438,0.243801652892562
371,0.126412429378531,0.873587570621469
372,0.126412429378531,0.873587570621469
373,0.900510204081633,0.0994897959183673
374,0.123456790123457,0.876543209876543
375,0.123456790123457,0.876543209876543
376,0.126412429378531,0.873587570621469
377,0.900510204081633,0.0994897959183673
378,0.900510204081633,0.0994897959183673
379,0.570666666666667,0.429333333333333
380,0.402542372881356,0.597457627118644
381,0.570666666666667,0.429333333333333
382,0.126412429378531,0.873587570621469
383,0.402542372881356,0.597457627118644
384,0.126412429378531,0.873587570621469
385,0.653631284916201,0.346368715083799
386,0.900510204081633,0.0994897959183673
387,0.756198347107438,0.243801652892562
388,0.126412429378531,0.873587570621469
389,0.653631284916201,0.346368715083799
390,0.126412429378531,0.873587570621469
391,0.402542372881356,0.597457627118644
392,0.402542372881356,0.597457627118644
393,0.900510204081633,0.0994897959183673
394,0.371702637889688,0.628297362110312
395,0.126412429378531,0.873587570621469
396,0.126412429378531,0.873587570621469
397,0.402542372881356,0.597457627118644
398,0.402542372881356,0.597457627118644
399,0.900510204081633,0.0994897959183673
400,0.402542372881356,0.597457627118644
401,0.126412429378531,0.873587570621469
402,0.900510204081633,0.0994897959183673
403,0.371702637889688,0.628297362110312
404,0.371702637889688,0.628297362110312
405,0.900510204081633,0.0994897959183673
406,0.570666666666667,0.429333333333333
407,0.900510204081633,0.0994897959183673
408,0.402542372881356,0.597457627118644
409,0.126412429378531,0.873587570621469
410,0.371702637889688,0.628297362110312
411,0.402542372881356,0.597457627118644
412,0.126412429378531,0.873587570621469
413,0.371702637889688,0.628297362110312
414,0.900510204081633,0.0994897959183673
415,0.126412429378531,0.873587570621469
416,0.126412429378531,0.873587570621469
417,0.712962962962963,0.287037037037037
418,0.126412429378531,0.873587570621469
419,0.126412429378531,0.873587570621469
420,0.126412429378531,0.873587570621469
421,0.371702637889688,0.628297362110312
422,0.900510204081633,0.0994897959183673
423,0.126412429378531,0.873587570621469
424,0.126412429378531,0.873587570621469
425,0.900510204081633,0.0994897959183673
426,0.712962962962963,0.287037037037037
427,0.900510204081633,0.0994897959183673
428,0.712962962962963,0.287037037037037
429,0.371702637889688,0.628297362110312
430,0.126412429378531,0.873587570621469
431,0.402542372881356,0.597457627118644
432,0.126412429378531,0.873587570621469
433,0.570666666666667,0.429333333333333
434,0.900510204081633,0.0994897959183673
435,0.126412429378531,0.873587570621469
436,0.126412429378531,0.873587570621469
437,0.712962962962963,0.287037037037037
438,0.712962962962963,0.287037037037037
439,0.402542372881356,0.597457627118644
440,0.712962962962963,0.287037037037037
441,0.570666666666667,0.429333333333333
442,0.126412429378531,0.873587570621469
443,0.756198347107438,0.243801652892562
444,0.126412429378531,0.873587570621469
445,0.900510204081633,0.0994897959183673
446,0.570666666666667,0.429333333333333
447,0.900510204081633,0.0994897959183673
448,0.126412429378531,0.873587570621469
449,0.126412429378531,0.873587570621469
450,0.570666666666667,0.429333333333333
451,0.126412429378531,0.873587570621469
452,0.900510204081633,0.0994897959183673
453,0.402542372881356,0.597457627118644
454,0.371702637889688,0.628297362110312
455,0.900510204081633,0.0994897959183673
456,0.900510204081633,0.0994897959183673
457,0.756198347107438,0.243801652892562
458,0.126412429378531,0.873587570621469
459,0.126412429378531,0.873587570621469
460,0.402542372881356,0.597457627118644
461,0.653631284916201,0.346368715083799
462,0.402542372881356,0.597457627118644
463,0.900510204081633,0.0994897959183673
464,0.126412429378531,0.873587570621469
465,0.570666666666667,0.429333333333333
466,0.371702637889688,0.628297362110312
467,0.900510204081633,0.0994897959183673
468,0.402542372881356,0.597457627118644
469,0.126412429378531,0.873587570621469
470,0.126412429378531,0.873587570621469
471,0.756198347107438,0.243801652892562
472,0.900510204081633,0.0994897959183673
473,0.712962962962963,0.287037037037037
474,0.900510204081633,0.0994897959183673
475,0.653631284916201,0.346368715083799
476,0.900510204081633,0.0994897959183673
477,0.123456790123457,0.876543209876543
478,0.900510204081633,0.0994897959183673
479,0.126412429378531,0.873587570621469
480,0.402542372881356,0.597457627118644
481,0.570666666666667,0.429333333333333
482,0.756198347107438,0.243801652892562
483,0.126412429378531,0.873587570621469
484,0.570666666666667,0.429333333333333
485,0.371702637889688,0.628297362110312
486,0.126412429378531,0.873587570621469
487,0.126412429378531,0.873587570621469
488,0.900510204081633,0.0994897959183673
489,0.126412429378531,0.873587570621469
490,0.126412429378531,0.873587570621469
491,0.900510204081633,0.0994897959183673
492,0.653631284916201,0.346368715083799
493,0.570666666666667,0.429333333333333
494,0.900510204081633,0.0994897959183673
495,0.402542372881356,0.597457627118644
496,0.371702637889688,0.628297362110312
497,0.712962962962963,0.287037037037037
498,0.756198347107438,0.243801652892562
499,0.126412429378531,0.873587570621469
500,0.712962962962963,0.287037037037037
501,0.900510204081633,0.0994897959183673
502,0.900510204081633,0.0994897959183673
503,0.126412429378531,0.873587570621469
504,0.126412429378531,0.873587570621469
505,0.126412429378531,0.873587570621469
506,0.900510204081633,0.0994897959183673
507,0.126412429378531,0.873587570621469
508,0.712962962962963,0.287037037037037
509,0.402542372881356,0.597457627118644
510,0.900510204081633,0.0994897959183673
511,0.402542372881356,0.597457627118644
512,0.570666666666667,0.429333333333333
513,0.126412429378531,0.873587570621469
514,0.126412429378531,0.873587570621469
515,0.123456790123457,0.876543209876543
516,0.402542372881356,0.597457627118644
517,0.402542372881356,0.597457627118644
518,0.712962962962963,0.287037037037037
519,0.371702637889688,0.628297362110312
520,0.123456790123457,0.876543209876543
521,0.570666666666667,0.429333333333333
522,0.126412429378531,0.873587570621469
523,0.126412429378531,0.873587570621469
524,0.126412429378531,0.873587570621469
525,0.900510204081633,0.0994897959183673
526,0.126412429378531,0.873587570621469
527,0.371702637889688,0.628297362110312
528,0.570666666666667,0.429333333333333
529,0.402542372881356,0.597457627118644
530,0.900510204081633,0.0994897959183673
531,0.570666666666667,0.429333333333333
532,0.371702637889688,0.628297362110312
533,0.371702637889688,0.628297362110312
534,0.371702637889688,0.628297362110312
535,0.123456790123457,0.876543209876543
536,0.126412429378531,0.873587570621469
537,0.371702637889688,0.628297362110312
538,0.900510204081633,0.0994897959183673
539,0.126412429378531,0.873587570621469
540,0.402542372881356,0.597457627118644
541,0.570666666666667,0.429333333333333
542,0.402542372881356,0.597457627118644
543,0.126412429378531,0.873587570621469
544,0.402542372881356,0.597457627118644
545,0.126412429378531,0.873587570621469
546,0.371702637889688,0.628297362110312
547,0.402542372881356,0.597457627118644
548,0.371702637889688,0.628297362110312
549,0.712962962962963,0.287037037037037
550,0.126412429378531,0.873587570621469
551,0.402542372881356,0.597457627118644
552,0.126412429378531,0.873587570621469
553,0.126412429378531,0.873587570621469
554,0.126412429378531,0.873587570621469
555,0.900510204081633,0.0994897959183673
556,0.126412429378531,0.873587570621469
557,0.402542372881356,0.597457627118644
558,0.900510204081633,0.0994897959183673
559,0.126412429378531,0.873587570621469
560,0.126412429378531,0.873587570621469
561,0.756198347107438,0.243801652892562
562,0.900510204081633,0.0994897959183673
563,0.126412429378531,0.873587570621469
564,0.126412429378531,0.873587570621469
565,0.712962962962963,0.287037037037037
566,0.126412429378531,0.873587570621469
567,0.126412429378531,0.873587570621469
568,0.402542372881356,0.597457627118644
569,0.756198347107438,0.243801652892562
570,0.900510204081633,0.0994897959183673
571,0.653631284916201,0.346368715083799
572,0.900510204081633,0.0994897959183673
573,0.712962962962963,0.287037037037037
574,0.126412429378531,0.873587570621469
575,0.126412429378531,0.873587570621469
576,0.126412429378531,0.873587570621469
577,0.126412429378531,0.873587570621469
578,0.712962962962963,0.287037037037037
579,0.126412429378531,0.873587570621469
580,0.123456790123457,0.876543209876543
581,0.712962962962963,0.287037037037037
582,0.712962962962963,0.287037037037037
583,0.123456790123457,0.876543209876543
584,0.570666666666667,0.429333333333333
585,0.371702637889688,0.628297362110312
586,0.712962962962963,0.287037037037037
587,0.126412429378531,0.873587570621469
588,0.126412429378531,0.873587570621469
589,0.653631284916201,0.346368715083799
590,0.570666666666667,0.429333333333333
591,0.712962962962963,0.287037037037037
592,0.126412429378531,0.873587570621469
593,0.402542372881356,0.597457627118644
594,0.900510204081633,0.0994897959183673
595,0.126412429378531,0.873587570621469
596,0.126412429378531,0.873587570621469
597,0.900510204081633,0.0994897959183673
598,0.402542372881356,0.597457627118644
599,0.756198347107438,0.243801652892562
600,0.371702637889688,0.628297362110312
601,0.126412429378531,0.873587570621469
602,0.570666666666667,0.429333333333333
603,0.371702637889688,0.628297362110312
604,0.712962962962963,0.287037037037037
605,0.900510204081633,0.0994897959183673
606,0.126412429378531,0.873587570621469
607,0.371702637889688,0.628297362110312
608,0.570666666666667,0.429333333333333
609,0.900510204081633,0.0994897959183673
610,0.371702637889688,0.628297362110312
611,0.900510204081633,0.0994897959183673
612,0.402542372881356,0.597457627118644
613,0.123456790123457,0.876543209876543
614,0.126412429378531,0.873587570621469
615,0.126412429378531,0.873587570621469
616,0.371702637889688,0.628297362110312
617,0.123456790123457,0.876543209876543
618,0.126412429378531,0.873587570621469
619,0.900510204081633,0.0994897959183673
620,0.402542372881356,0.597457627118644
621,0.123456790123457,0.876543209876543
622,0.900510204081633,0.0994897959183673
623,0.126412429378531,0.873587570621469
624,0.756198347107438,0.243801652892562
625,0.402542372881356,0.597457627118644
626,0.126412429378531,0.873587570621469
627,0.126412429378531,0.873587570621469
628,0.126412429378531,0.873587570621469
629,0.126412429378531,0.873587570621469
630,0.402542372881356,0.597457627118644
631,0.371702637889688,0.628297362110312
632,0.900510204081633,0.0994897959183673
633,0.126412429378531,0.873587570621469
634,0.712962962962963,0.287037037037037
635,0.402542372881356,0.597457627118644
636,0.900510204081633,0.0994897959183673
637,0.402542372881356,0.597457627118644
638,0.126412429378531,0.873587570621469
639,0.900510204081633,0.0994897959183673
640,0.900510204081633,0.0994897959183673
641,0.900510204081633,0.0994897959183673
642,0.126412429378531,0.873587570621469
643,0.900510204081633,0.0994897959183673
644,0.900510204081633,0.0994897959183673
645,0.900510204081633,0.0994897959183673
646,0.402542372881356,0.597457627118644
647,0.126412429378531,0.873587570621469
648,0.570666666666667,0.429333333333333
649,0.126412429378531,0.873587570621469
650,0.712962962962963,0.287037037037037
651,0.900510204081633,0.0994897959183673
652,0.653631284916201,0.346368715083799
653,0.712962962962963,0.287037037037037
654,0.900510204081633,0.0994897959183673
655,0.126412429378531,0.873587570621469
656,0.126412429378531,0.873587570621469
657,0.126412429378531,0.873587570621469
658,0.371702637889688,0.628297362110312
659,0.900510204081633,0.0994897959183673
660,0.712962962962963,0.287037037037037
661,0.126412429378531,0.873587570621469
662,0.653631284916201,0.346368715083799
663,0.126412429378531,0.873587570621469
664,0.900510204081633,0.0994897959183673
665,0.126412429378531,0.873587570621469
666,0.900510204081633,0.0994897959183673
667,0.570666666666667,0.429333333333333
668,0.402542372881356,0.597457627118644
669,0.402542372881356,0.597457627118644
670,0.900510204081633,0.0994897959183673
671,0.756198347107438,0.243801652892562
672,0.570666666666667,0.429333333333333
673,0.900510204081633,0.0994897959183673
674,0.402542372881356,0.597457627118644
675,0.653631284916201,0.346368715083799
676,0.900510204081633,0.0994897959183673
677,0.900510204081633,0.0994897959183673
678,0.900510204081633,0.0994897959183673
679,0.756198347107438,0.243801652892562
680,0.371702637889688,0.628297362110312
681,0.712962962962963,0.287037037037037
682,0.653631284916201,0.346368715083799
683,0.126412429378531,0.873587570621469
684,0.900510204081633,0.0994897959183673
685,0.900510204081633,0.0994897959183673
686,0.371702637889688,0.628297362110312
687,0.126412429378531,0.873587570621469
688,0.900510204081633,0.0994897959183673
689,0.126412429378531,0.873587570621469
690,0.712962962962963,0.287037037037037
691,0.126412429378531,0.873587570621469
692,0.570666666666667,0.429333333333333
693,0.900510204081633,0.0994897959183673
694,0.402542372881356,0.597457627118644
695,0.402542372881356,0.597457627118644
696,0.900510204081633,0.0994897959183673
697,0.371702637889688,0.628297362110312
698,0.570666666666667,0.429333333333333
699,0.900510204081633,0.0994897959183673
700,0.653631284916201,0.346368715083799
701,0.126412429378531,0.873587570621469
702,0.126412429378531,0.873587570621469
703,0.402542372881356,0.597457627118644
704,0.126412429378531,0.873587570621469
705,0.900510204081633,0.0994897959183673
706,0.126412429378531,0.873587570621469
707,0.126412429378531,0.873587570621469
708,0.570666666666667,0.429333333333333
709,0.402542372881356,0.597457627118644
710,0.712962962962963,0.287037037037037
711,0.402542372881356,0.597457627118644
712,0.900510204081633,0.0994897959183673
713,0.126412429378531,0.873587570621469
714,0.756198347107438,0.243801652892562
715,0.712962962962963,0.287037037037037
716,0.712962962962963,0.287037037037037
717,0.126412429378531,0.873587570621469
718,0.126412429378531,0.873587570621469
719,0.900510204081633,0.0994897959183673
720,0.900510204081633,0.0994897959183673
721,0.900510204081633,0.0994897959183673
722,0.756198347107438,0.243801652892562
723,0.126412429378531,0.873587570621469
724,0.900510204081633,0.0994897959183673
725,0.900510204081633,0.0994897959183673
726,0.402542372881356,0.597457627118644
727,0.371702637889688,0.628297362110312
728,0.126412429378531,0.873587570621469
729,0.126412429378531,0.873587570621469
730,0.756198347107438,0.243801652892562
731,0.126412429378531,0.873587570621469
732,0.900510204081633,0.0994897959183673
733,0.123456790123457,0.876543209876543
734,0.126412429378531,0.873587570621469
735,0.653631284916201,0.346368715083799
736,0.653631284916201,0.346368715083799
737,0.570666666666667,0.429333333333333
738,0.402542372881356,0.597457627118644
739,0.900510204081633,0.0994897959183673
740,0.900510204081633,0.0994897959183673
741,0.900510204081633,0.0994897959183673
742,0.402542372881356,0.597457627118644
743,0.126412429378531,0.873587570621469
744,0.402542372881356,0.597457627118644
745,0.126412429378531,0.873587570621469
746,0.371702637889688,0.628297362110312
747,0.900510204081633,0.0994897959183673
748,0.900510204081633,0.0994897959183673
749,0.126412429378531,0.873587570621469
750,0.126412429378531,0.873587570621469
751,0.371702637889688,0.628297362110312
752,0.371702637889688,0.628297362110312
753,0.371702637889688,0.628297362110312
754,0.126412429378531,0.873587570621469
755,0.900510204081633,0.0994897959183673
756,0.756198347107438,0.243801652892562
757,0.402542372881356,0.597457627118644
758,0.371702637889688,0.628297362110312
759,0.402542372881356,0.597457627118644
760,0.900510204081633,0.0994897959183673
761,0.371702637889688,0.628297362110312
762,0.126412429378531,0.873587570621469
763,0.570666666666667,0.429333333333333
764,0.900510204081633,0.0994897959183673
765,0.126412429378531,0.873587570621469
766,0.756198347107438,0.243801652892562
767,0.371702637889688,0.628297362110312
768,0.900510204081633,0.0994897959183673
769,0.900510204081633,0.0994897959183673
770,0.900510204081633,0.0994897959183673
771,0.570666666666667,0.429333333333333
772,0.126412429378531,0.873587570621469
773,0.371702637889688,0.628297362110312
774,0.570666666666667,0.429333333333333
775,0.712962962962963,0.287037037037037
776,0.126412429378531,0.873587570621469
777,0.371702637889688,0.628297362110312
778,0.402542372881356,0.597457627118644
779,0.900510204081633,0.0994897959183673
780,0.123456790123457,0.876543209876543
781,0.371702637889688,0.628297362110312
782,0.402542372881356,0.597457627118644
783,0.570666666666667,0.429333333333333
784,0.900510204081633,0.0994897959183673
785,0.900510204081633,0.0994897959183673
786,0.756198347107438,0.243801652892562
787,0.653631284916201,0.346368715083799
788,0.402542372881356,0.597457627118644
789,0.570666666666667,0.429333333333333
790,0.900510204081633,0.0994897959183673
791,0.570666666666667,0.429333333333333
792,0.900510204081633,0.0994897959183673
793,0.900510204081633,0.0994897959183673
794,0.402542372881356,0.597457627118644
795,0.126412429378531,0.873587570621469
796,0.900510204081633,0.0994897959183673
797,0.371702637889688,0.628297362110312
798,0.712962962962963,0.287037037037037
799,0.402542372881356,0.597457627118644
800,0.570666666666667,0.429333333333333
801,0.371702637889688,0.628297362110312
802,0.126412429378531,0.873587570621469
803,0.900510204081633,0.0994897959183673
804,0.126412429378531,0.873587570621469
805,0.126412429378531,0.873587570621469
806,0.126412429378531,0.873587570621469
807,0.126412429378531,0.873587570621469
808,0.900510204081633,0.0994897959183673
809,0.126412429378531,0.873587570621469
810,0.712962962962963,0.287037037037037
811,0.402542372881356,0.597457627118644
812,0.900510204081633,0.0994897959183673
813,0.126412429378531,0.873587570621469
814,0.653631284916201,0.346368715083799
815,0.712962962962963,0.287037037037037
816,0.900510204081633,0.0994897959183673
817,0.371702637889688,0.628297362110312
818,0.900510204081633,0.0994897959183673
819,0.570666666666667,0.429333333333333
820,0.126412429378531,0.873587570621469
821,0.402542372881356,0.597457627118644
822,0.371702637889688,0.628297362110312
823,0.570666666666667,0.429333333333333
824,0.126412429378531,0.873587570621469
825,0.126412429378531,0.873587570621469
826,0.900510204081633,0.0994897959183673
827,0.126412429378531,0.873587570621469
828,0.402542372881356,0.597457627118644
829,0.126412429378531,0.873587570621469
830,0.402542372881356,0.597457627118644
831,0.900510204081633,0.0994897959183673
832,0.126412429378531,0.873587570621469
833,0.712962962962963,0.287037037037037
834,0.402542372881356,0.597457627118644
835,0.126412429378531,0.873587570621469
836,0.653631284916201,0.346368715083799
837,0.402542372881356,0.597457627118644
838,0.371702637889688,0.628297362110312
839,0.371702637889688,0.628297362110312
840,0.900510204081633,0.0994897959183673
841,0.126412429378531,0.873587570621469
842,0.371702637889688,0.628297362110312
843,0.126412429378531,0.873587570621469
844,0.900510204081633,0.0994897959183673
845,0.126412429378531,0.873587570621469
846,0.402542372881356,0.597457627118644
847,0.371702637889688,0.628297362110312
848,0.570666666666667,0.429333333333333
849,0.126412429378531,0.873587570621469
850,0.126412429378531,0.873587570621469
851,0.653631284916201,0.346368715083799
852,0.126412429378531,0.873587570621469
853,0.756198347107438,0.243801652892562
854,0.900510204081633,0.0994897959183673
855,0.570666666666667,0.429333333333333
856,0.126412429378531,0.873587570621469
857,0.371702637889688,0.628297362110312
858,0.371702637889688,0.628297362110312
859,0.900510204081633,0.0994897959183673
860,0.900510204081633,0.0994897959183673
861,0.402542372881356,0.597457627118644
862,0.371702637889688,0.628297362110312
863,0.900510204081633,0.0994897959183673
864,0.570666666666667,0.429333333333333
865,0.900510204081633,0.0994897959183673
866,0.900510204081633,0.0994897959183673
867,0.402542372881356,0.597457627118644
868,0.900510204081633,0.0994897959183673
869,0.126412429378531,0.873587570621469
870,0.900510204081633,0.0994897959183673
871,0.123456790123457,0.876543209876543
872,0.900510204081633,0.0994897959183673
873,0.900510204081633,0.0994897959183673
874,0.126412429378531,0.873587570621469
875,0.756198347107438,0.243801652892562
876,0.756198347107438,0.243801652892562
877,0.712962962962963,0.287037037037037
878,0.126412429378531,0.873587570621469
879,0.126412429378531,0.873587570621469
880,0.570666666666667,0.429333333333333
881,0.402542372881356,0.597457627118644
882,0.371702637889688,0.628297362110312
883,0.712962962962963,0.287037037037037
884,0.126412429378531,0.873587570621469
885,0.900510204081633,0.0994897959183673
886,0.402542372881356,0.597457627118644
887,0.126412429378531,0.873587570621469
888,0.123456790123457,0.876543209876543
889,0.900510204081633,0.0994897959183673
890,0.402542372881356,0.597457627118644
891,0.653631284916201,0.346368715083799
892,0.402542372881356,0.597457627118644
893,0.653631284916201,0.346368715083799
894,0.126412429378531,0.873587570621469
895,0.756198347107438,0.243801652892562
896,0.900510204081633,0.0994897959183673
897,0.712962962962963,0.287037037037037
898,0.402542372881356,0.597457627118644
899,0.653631284916201,0.346368715083799
900,0.126412429378531,0.873587570621469
901,0.402542372881356,0.597457627118644
902,0.900510204081633,0.0994897959183673
903,0.126412429378531,0.873587570621469
904,0.371702637889688,0.628297362110312
905,0.371702637889688,0.628297362110312
906,0.126412429378531,0.873587570621469
907,0.371702637889688,0.628297362110312
908,0.126412429378531,0.873587570621469
909,0.126412429378531,0.873587570621469
910,0.712962962962963,0.287037037037037
911,0.756198347107438,0.243801652892562
912,0.712962962962963,0.287037037037037
913,0.900510204081633,0.0994897959183673
914,0.570666666666667,0.429333333333333
915,0.126412429378531,0.873587570621469
916,0.900510204081633,0.0994897959183673
917,0.900510204081633,0.0994897959183673
918,0.712962962962963,0.287037037037037
919,0.900510204081633,0.0994897959183673
920,0.900510204081633,0.0994897959183673
921,0.900510204081633,0.0994897959183673
922,0.371702637889688,0.628297362110312
923,0.126412429378531,0.873587570621469
924,0.900510204081633,0.0994897959183673
925,0.900510204081633,0.0994897959183673
926,0.126412429378531,0.873587570621469
927,0.402542372881356,0.597457627118644
928,0.126412429378531,0.873587570621469
929,0.402542372881356,0.597457627118644
930,0.570666666666667,0.429333333333333
931,0.900510204081633,0.0994897959183673
932,0.402542372881356,0.597457627118644
933,0.900510204081633,0.0994897959183673
934,0.756198347107438,0.243801652892562
935,0.126412429378531,0.873587570621469
936,0.900510204081633,0.0994897959183673
937,0.900510204081633,0.0994897959183673
938,0.712962962962963,0.287037037037037
939,0.126412429378531,0.873587570621469
940,0.402542372881356,0.597457627118644
941,0.402542372881356,0.597457627118644
942,0.371702637889688,0.628297362110312
943,0.900510204081633,0.0994897959183673
944,0.123456790123457,0.876543209876543
945,0.900510204081633,0.0994897959183673
946,0.126412429378531,0.873587570621469
947,0.570666666666667,0.429333333333333
948,0.126412429378531,0.873587570621469
949,0.900510204081633,0.0994897959183673
950,0.900510204081633,0.0994897959183673
951,0.570666666666667,0.429333333333333
952,0.712962962962963,0.287037037037037
953,0.126412429378531,0.873587570621469
954,0.653631284916201,0.346368715083799
955,0.371702637889688,0.628297362110312
956,0.126412429378531,0.873587570621469
957,0.126412429378531,0.873587570621469
958,0.371702637889688,0.628297362110312
959,0.900510204081633,0.0994897959183673
960,0.900510204081633,0.0994897959183673
961,0.402542372881356,0.597457627118644
962,0.402542372881356,0.597457627118644
963,0.402542372881356,0.597457627118644
964,0.126412429378531,0.873587570621469
965,0.126412429378531,0.873587570621469
966,0.570666666666667,0.429333333333333
967,0.371702637889688,0.628297362110312
968,0.126412429378531,0.873587570621469
969,0.402542372881356,0.597457627118644
970,0.900510204081633,0.0994897959183673
971,0.900510204081633,0.0994897959183673
972,0.756198347107438,0.243801652892562
973,0.126412429378531,0.873587570621469
974,0.402542372881356,0.597457627118644
975,0.126412429378531,0.873587570621469
976,0.402542372881356,0.597457627118644
977,0.126412429378531,0.873587570621469
978,0.756198347107438,0.243801652892562
979,0.126412429378531,0.873587570621469
980,0.900510204081633,0.0994897959183673
981,0.712962962962963,0.287037037037037
982,0.570666666666667,0.429333333333333
983,0.123456790123457,0.876543209876543
984,0.900510204081633,0.0994897959183673
985,0.371702637889688,0.628297362110312
986,0.570666666666667,0.429333333333333
987,0.900510204081633,0.0994897959183673
988,0.900510204081633,0.0994897959183673
989,0.126412429378531,0.873587570621469
990,0.900510204081633,0.0994897959183673
991,0.900510204081633,0.0994897959183673
992,0.126412429378531,0.873587570621469
993,0.653631284916201,0.346368715083799
994,0.371702637889688,0.628297362110312
995,0.126412429378531,0.873587570621469
996,0.126412429378531,0.873587570621469
997,0.570666666666667,0.429333333333333
998,0.402542372881356,0.597457627118644
999,0.123456790123457,0.876543209876543
1000,0.900510204081633,0.0994897959183673
1001,0.402542372881356,0.597457627118644
1002,0.126412429378531,0.873587570621469
