"ID","Choice"
1,1
2,0
3,1
4,0
5,1
6,1
7,1
8,1
9,1
10,0
11,1
12,0
13,0
14,1
15,0
16,0
17,1
18,1
19,1
20,1
21,0
22,0
23,0
24,0
25,0
26,0
27,1
28,0
29,1
30,1
31,0
32,0
33,0
34,1
35,0
36,0
37,1
38,0
39,1
40,0
41,1
42,0
43,0
44,0
45,0
46,0
47,1
48,1
49,0
50,0
51,0
52,0
53,0
54,1
55,0
56,0
57,1
58,1
59,0
60,0
61,0
62,1
63,1
64,1
65,0
66,0
67,1
68,1
69,1
70,1
71,1
72,1
73,1
74,0
75,1
76,1
77,0
78,0
79,0
80,0
81,0
82,0
83,1
84,1
85,1
86,0
87,0
88,1
89,0
90,1
91,1
92,1
93,1
94,1
95,0
96,1
97,0
98,1
99,0
100,0
101,1
102,1
103,1
104,1
105,0
106,1
107,1
108,1
109,1
110,1
111,0
112,0
113,0
114,0
115,1
116,0
117,0
118,1
119,0
120,1
121,1
122,0
123,1
124,1
125,0
126,1
127,0
128,1
129,0
130,1
131,1
132,0
133,0
134,0
135,1
136,1
137,0
138,0
139,1
140,1
141,0
142,1
143,1
144,0
145,0
146,0
147,1
148,0
149,0
150,1
151,0
152,1
153,1
154,0
155,0
156,0
157,0
158,1
159,0
160,0
161,1
162,0
163,1
164,0
165,0
166,0
167,1
168,0
169,1
170,1
171,0
172,1
173,1
174,1
175,1
176,1
177,1
178,1
179,0
180,1
181,0
182,1
183,1
184,1
185,0
186,0
187,1
188,1
189,1
190,0
191,1
192,1
193,1
194,1
195,0
196,0
197,1
198,1
199,0
200,0
201,1
202,1
203,0
204,1
205,0
206,0
207,1
208,0
209,0
210,1
211,1
212,0
213,1
214,0
215,0
216,0
217,0
218,1
219,1
220,1
221,1
222,1
223,1
224,1
225,1
226,0
227,0
228,0
229,0
230,0
231,1
232,0
233,0
234,0
235,0
236,0
237,0
238,1
239,1
240,1
241,0
242,0
243,1
244,0
245,1
246,0
247,1
248,0
249,1
250,1
251,0
252,1
253,0
254,1
255,1
256,0
257,0
258,0
259,1
260,0
261,0
262,0
263,1
264,0
265,1
266,1
267,1
268,1
269,1
270,1
271,0
272,0
273,0
274,1
275,0
276,0
277,1
278,1
279,0
280,1
281,0
282,1
283,1
284,1
285,1
286,0
287,1
288,1
289,0
290,1
291,1
292,1
293,0
294,0
295,1
296,0
297,0
298,0
299,1
300,1
301,0
302,1
303,1
304,1
305,0
306,0
307,1
308,0
309,1
310,0
311,1
312,1
313,1
314,1
315,1
316,0
317,1
318,0
319,0
320,1
321,1
322,1
323,0
324,0
325,1
326,0
327,0
328,0
329,0
330,1
331,0
332,1
333,0
334,0
335,1
336,0
337,0
338,0
339,0
340,0
341,0
342,0
343,1
344,0
345,0
346,1
347,1
348,0
349,0
350,1
351,0
352,1
353,1
354,0
355,0
356,1
357,0
358,1
359,1
360,1
361,1
362,1
363,1
364,0
365,1
366,0
367,1
368,0
369,1
370,1
371,1
372,1
373,0
374,1
375,1
376,1
377,0
378,0
379,1
380,1
381,0
382,1
383,0
384,1
385,0
386,0
387,0
388,1
389,1
390,1
391,0
392,1
393,1
394,0
395,1
396,1
397,0
398,1
399,0
400,0
401,1
402,0
403,0
404,1
405,0
406,1
407,0
408,1
409,0
410,0
411,1
412,1
413,1
414,0
415,0
416,1
417,0
418,1
419,1
420,0
421,1
422,0
423,1
424,1
425,0
426,0
427,1
428,1
429,0
430,1
431,1
432,1
433,0
434,0
435,1
436,1
437,0
438,0
439,0
440,1
441,0
442,0
443,1
444,1
445,0
446,1
447,0
448,1
449,1
450,0
451,1
452,0
453,1
454,0
455,0
456,0
457,0
458,1
459,1
460,1
461,0
462,1
463,0
464,1
465,1
466,0
467,0
468,1
469,1
470,1
471,0
472,0
473,0
474,1
475,1
476,1
477,1
478,0
479,0
480,0
481,1
482,0
483,1
484,0
485,0
486,1
487,1
488,1
489,1
490,1
491,0
492,0
493,1
494,0
495,0
496,1
497,0
498,1
499,1
500,0
501,0
502,0
503,1
504,1
505,1
506,0
507,0
508,0
509,0
510,0
511,0
512,0
513,1
514,1
515,0
516,1
517,0
518,0
519,0
520,1
521,1
522,1
523,1
524,1
525,0
526,1
527,1
528,1
529,0
530,0
531,0
532,0
533,0
534,1
535,1
536,1
537,1
538,0
539,1
540,0
541,0
542,0
543,1
544,1
545,1
546,1
547,1
548,0
549,0
550,1
551,1
552,1
553,1
554,1
555,0
556,1
557,1
558,0
559,0
560,1
561,1
562,0
563,1
564,1
565,0
566,1
567,1
568,0
569,0
570,0
571,1
572,0
573,0
574,0
575,0
576,1
577,0
578,0
579,1
580,1
581,1
582,1
583,0
584,1
585,0
586,1
587,1
588,0
589,0
590,1
591,0
592,1
593,1
594,0
595,0
596,0
597,0
598,1
599,1
600,1
601,1
602,1
603,1
604,0
605,0
606,1
607,0
608,1
609,0
610,0
611,0
612,1
613,0
614,1
615,1
616,1
617,1
618,1
619,0
620,0
621,1
622,0
623,1
624,0
625,1
626,1
627,1
628,1
629,1
630,1
631,1
632,0
633,1
634,0
635,1
636,0
637,0
638,1
639,1
640,0
641,0
642,0
643,0
644,0
645,0
646,0
647,1
648,1
649,1
650,0
651,0
652,0
653,0
654,1
655,1
656,1
657,1
658,1
659,0
660,0
661,1
662,0
663,1
664,0
665,1
666,0
667,0
668,0
669,1
670,1
671,1
672,1
673,0
674,1
675,0
676,0
677,0
678,0
679,1
680,1
681,0
682,0
683,1
684,0
685,0
686,1
687,1
688,0
689,1
690,0
691,0
692,0
693,0
694,0
695,0
696,1
697,1
698,0
699,0
700,1
701,1
702,1
703,1
704,1
705,0
706,1
707,1
708,1
709,0
710,1
711,1
712,0
713,1
714,1
715,0
716,0
717,1
718,1
719,0
720,0
721,1
722,0
723,1
724,0
725,0
726,1
727,1
728,1
729,0
730,1
731,1
732,0
733,1
734,1
735,0
736,0
737,0
738,1
739,0
740,0
741,0
742,1
743,1
744,1
745,0
746,1
747,1
748,0
749,1
750,1
751,1
752,1
753,1
754,1
755,0
756,0
757,0
758,1
759,0
760,0
761,1
762,1
763,1
764,0
765,1
766,1
767,0
768,0
769,0
770,0
771,0
772,1
773,1
774,0
775,0
776,1
777,1
778,0
779,0
780,1
781,1
782,1
783,0
784,0
785,1
786,1
787,0
788,0
789,0
790,0
791,1
792,0
793,0
794,1
795,1
796,1
797,1
798,1
799,0
800,0
801,0
802,0
803,0
804,1
805,1
806,1
807,1
808,0
809,1
810,0
811,0
812,0
813,1
814,1
815,0
816,0
817,1
818,0
819,1
820,1
821,0
822,0
823,0
824,1
825,1
826,0
827,1
828,1
829,1
830,0
831,0
832,0
833,0
834,1
835,1
836,0
837,1
838,1
839,0
840,0
841,0
842,0
843,0
844,1
845,1
846,1
847,1
848,0
849,1
850,0
851,1
852,1
853,0
854,0
855,0
856,1
857,0
858,1
859,0
860,0
861,1
862,0
863,0
864,0
865,0
866,0
867,1
868,0
869,1
870,1
871,1
872,0
873,0
874,1
875,1
876,0
877,0
878,1
879,1
880,1
881,0
882,1
883,0
884,1
885,0
886,1
887,1
888,1
889,0
890,1
891,0
892,0
893,0
894,0
895,0
896,0
897,0
898,1
899,0
900,0
901,1
902,0
903,1
904,1
905,0
906,1
907,0
908,1
909,1
910,0
911,1
912,1
913,0
914,1
915,1
916,0
917,0
918,0
919,0
920,0
921,0
922,0
923,1
924,0
925,0
926,1
927,1
928,1
929,0
930,1
931,0
932,1
933,0
934,1
935,0
936,0
937,0
938,0
939,0
940,1
941,1
942,1
943,0
944,0
945,0
946,1
947,1
948,1
949,0
950,0
951,1
952,0
953,1
954,0
955,0
956,1
957,1
958,1
959,0
960,0
961,0
962,1
963,0
964,1
965,0
966,1
967,1
968,1
969,0
970,0
971,1
972,1
973,1
974,1
975,0
976,1
977,1
978,0
979,1
980,1
981,1
982,0
983,1
984,0
985,1
986,0
987,0
988,0
989,1
990,0
991,0
992,1
993,1
994,1
995,1
996,1
997,0
998,1
999,1
1000,0
1001,1
1002,1
