"ID","Choice0","Choice1"
1,0.11678905475607,0.88321094524393
2,0.962633942944248,0.037366057055752
3,0.343166990104459,0.656833009895541
4,0.932226490500983,0.0677735094990166
5,0.184567917584966,0.815432082415034
6,0.19141531897875,0.80858468102125
7,0.184567917584966,0.815432082415034
8,0,1
9,0.0116494882013013,0.988350511798699
10,0.950984454742947,0.0490155452570534
11,0,1
12,0.894860433445231,0.105139566554769
13,0.962633942944248,0.037366057055752
14,0.38053304716021,0.619466952839789
15,0.894855080115352,0.105144919884648
16,0.740805818192354,0.259194181807646
17,0.154049261922998,0.845950738077002
18,0.172918429383665,0.827081570616335
19,0.42943738919856,0.57056261080144
20,0.485561410496275,0.514438589503725
21,0.988350511798699,0.0116494882013013
22,0.845950738077002,0.154049261922998
23,0.673032308693337,0.326967691306663
24,0.729156329991053,0.270843670008948
25,0.778177228577985,0.221822771422014
26,1,0
27,0.226372582018509,0.773627417981491
28,0.57056261080144,0.42943738919856
29,0.154049261922998,0.845950738077002
30,0.203064807180051,0.796935192819949
31,0.602355818582225,0.397644181417775
32,0.564989761526473,0.435010238473527
33,0.6917902729353,0.3082097270647
34,0.397644181417775,0.602355818582225
35,0.920577002299682,0.0794229977003179
36,0.8574890230596,0.1425109769404
37,0.165698750124299,0.834301249875701
38,0.962633942944248,0.037366057055752
39,0.331517501903157,0.668482498096843
40,0.694204420281173,0.305795579718827
41,0.105144919884648,0.894855080115352
42,0.88320559191405,0.11679440808595
43,0.988350511798699,0.0116494882013013
44,0.736261360925739,0.263738639074261
45,0.564989761526473,0.435010238473527
46,1,0
47,0.270843670008948,0.729156329991053
48,0.497210898697577,0.502789101302423
49,0.894855080115352,0.105144919884648
50,0.950984454742947,0.0490155452570534
51,0.773627417981491,0.226372582018509
52,1,0
53,0.988350511798699,0.0116494882013013
54,0.0116494882013013,0.988350511798699
55,0.88320559191405,0.11679440808595
56,0.950984454742947,0.0490155452570534
57,0,1
58,0.0677735094990166,0.932226490500983
59,0.778177228577985,0.221822771422014
60,0.729161683320932,0.270838316679068
61,0.656833009895541,0.343166990104459
62,0.172918429383665,0.827081570616335
63,0.105139566554769,0.894860433445231
64,0,1
65,0.76197792978019,0.23802207021981
66,1,0
67,0.154049261922998,0.845950738077002
68,0.154049261922998,0.845950738077002
69,0.0116494882013013,0.988350511798699
70,0.0794229977003179,0.920577002299682
71,0,1
72,0.331517501903157,0.668482498096843
73,0.270843670008948,0.729156329991053
74,0.514438589503725,0.485561410496275
75,0.19141531897875,0.80858468102125
76,0.226372582018509,0.773627417981491
77,0.6917902729353,0.3082097270647
78,0.962633942944248,0.037366057055752
79,0.673032308693337,0.326967691306663
80,1,0
81,0.6917902729353,0.3082097270647
82,0.8574890230596,0.1425109769404
83,0.263738639074261,0.736261360925739
84,0.037366057055752,0.962633942944248
85,0.165698750124299,0.834301249875701
86,0.962633942944248,0.037366057055752
87,0.729161683320932,0.270838316679068
88,0.436657068457926,0.563342931542074
89,0.80858468102125,0.19141531897875
90,0.0116494882013013,0.988350511798699
91,0.343161636774579,0.656838363225421
92,0.485561410496275,0.514438589503725
93,0,1
94,0.448195353440523,0.551804646559477
95,0.589059500396525,0.410940499603475
96,0,1
97,0.522932820881907,0.477067179118093
98,0,1
99,0.773627417981491,0.226372582018509
100,1,0
101,0.270843670008948,0.729156329991053
102,0.165698750124299,0.834301249875701
103,0.0677735094990166,0.932226490500983
104,0.154049261922998,0.845950738077002
105,1,0
106,0.233472259623316,0.766527740376684
107,0,1
108,0.037366057055752,0.962633942944248
109,0.165698750124299,0.834301249875701
110,0.037366057055752,0.962633942944248
111,0.553340273325172,0.446659726674828
112,0.773627417981491,0.226372582018509
113,0.624016763436284,0.375983236563716
114,0.564989761526473,0.435010238473527
115,0.38053304716021,0.619466952839789
116,0.514433236173845,0.485566763826155
117,0.602355818582225,0.397644181417775
118,0.0677735094990166,0.932226490500983
119,0.656833009895541,0.343166990104459
120,0.417787900997259,0.582212099002741
121,0,1
122,1,0
123,0.465417690916791,0.534582309083208
124,0,1
125,0.834301249875701,0.165698750124299
126,0.203064807180051,0.796935192819949
127,1,0
128,0.263738639074261,0.736261360925739
129,0.564989761526473,0.435010238473527
130,0.11678905475607,0.88321094524393
131,0,1
132,0.778177228577985,0.221822771422014
133,0.502783747972544,0.497216252027456
134,0.962633942944248,0.037366057055752
135,0,1
136,0.105144919884648,0.894855080115352
137,0.920577002299682,0.0794229977003179
138,0.920577002299682,0.0794229977003179
139,0.105144919884648,0.894855080115352
140,0.0794229977003179,0.920577002299682
141,0.502789101302423,0.497210898697577
142,0,1
143,0.105139566554769,0.894860433445231
144,0.619578156058493,0.380421843941507
145,0.740805818192354,0.259194181807646
146,0.540155158358175,0.459844841641825
147,0.399291011402174,0.600708988597826
148,0.950984454742947,0.0490155452570534
149,0.703439761136602,0.296560238863398
150,0.0677735094990166,0.932226490500983
151,0.80858468102125,0.19141531897875
152,0.436657068457926,0.563342931542074
153,0.037366057055752,0.962633942944248
154,0.705853908482475,0.294146091517525
155,1,0
156,0.673032308693337,0.326967691306663
157,0.624016763436284,0.375983236563716
158,0,1
159,0.668487851426723,0.331512148573277
160,0.619466952839789,0.38053304716021
161,0.037366057055752,0.962633942944248
162,1,0
163,0.417787900997259,0.582212099002741
164,1,0
165,0.631116441041091,0.368883558958909
166,0.729156329991053,0.270843670008948
167,0.263738639074261,0.736261360925739
168,0.602355818582225,0.397644181417775
169,0.154049261922998,0.845950738077002
170,0.294146091517525,0.705853908482475
171,0.564989761526473,0.435010238473527
172,0.446659726674828,0.553340273325172
173,0.3082097270647,0.6917902729353
174,0.364333748362415,0.635666251637585
175,0.037366057055752,0.962633942944248
176,0.368883558958909,0.631116441041091
177,0.154049261922998,0.845950738077002
178,0.485561410496275,0.514438589503725
179,0.76197792978019,0.23802207021981
180,0.0794229977003179,0.920577002299682
181,0.988350511798699,0.0116494882013013
182,0,1
183,0.0677735094990166,0.932226490500983
184,0.154049261922998,0.845950738077002
185,0.740805818192354,0.259194181807646
186,0.845950738077002,0.154049261922998
187,0,1
188,0.375983236563716,0.624016763436284
189,0.263738639074261,0.736261360925739
190,0.740811171522234,0.259188828477767
191,0.477067179118093,0.522932820881907
192,0,1
193,0.184567917584966,0.815432082415034
194,0,1
195,0.694204420281173,0.305795579718827
196,0.845839534858298,0.154160465141702
197,0.0794229977003179,0.920577002299682
198,0.037366057055752,0.962633942944248
199,0.88320559191405,0.11679440808595
200,0.920577002299682,0.0794229977003179
201,0.497210898697577,0.502789101302423
202,0.436657068457926,0.563342931542074
203,0.740805818192354,0.259194181807646
204,0.037366057055752,0.962633942944248
205,0.76197792978019,0.23802207021981
206,1,0
207,0,1
208,0.950984454742947,0.0490155452570534
209,0.590706330380924,0.409293669619076
210,0.448306556659227,0.551693443340773
211,0.105144919884648,0.894855080115352
212,1,0
213,0,1
214,0.602355818582225,0.397644181417775
215,0.656838363225421,0.343161636774579
216,0.729156329991053,0.270843670008948
217,0.602355818582225,0.397644181417775
218,0.0116494882013013,0.988350511798699
219,0.0116494882013013,0.988350511798699
220,0.0794229977003179,0.920577002299682
221,0,1
222,0.210284486439417,0.789715513560583
223,0.0677735094990166,0.932226490500983
224,0.0794229977003179,0.920577002299682
225,0.226372582018509,0.773627417981491
226,0.590706330380924,0.409293669619076
227,0.988350511798699,0.0116494882013013
228,0.736261360925739,0.263738639074261
229,0.502789101302423,0.497210898697577
230,0.845950738077002,0.154049261922998
231,0,1
232,0.6917902729353,0.3082097270647
233,0.778177228577985,0.221822771422014
234,0.894855080115352,0.105144919884648
235,0.920577002299682,0.0794229977003179
236,0.778177228577985,0.221822771422014
237,1,0
238,0,1
239,0,1
240,0,1
241,0.80858468102125,0.19141531897875
242,0.988350511798699,0.0116494882013013
243,0.448306556659227,0.551693443340773
244,1,0
245,0.397644181417775,0.602355818582225
246,0.582212099002741,0.417787900997259
247,0.165698750124299,0.834301249875701
248,1,0
249,0.338617179507964,0.661382820492036
250,0.436657068457926,0.563342931542074
251,0.827081570616335,0.172918429383665
252,0.435010238473527,0.564989761526473
253,1,0
254,0.11678905475607,0.88321094524393
255,0,1
256,0.589059500396525,0.410940499603475
257,1,0
258,0.582212099002741,0.417787900997259
259,0.105144919884648,0.894855080115352
260,0.988350511798699,0.0116494882013013
261,1,0
262,0.602355818582225,0.397644181417775
263,0,1
264,0.8574890230596,0.1425109769404
265,0.184567917584966,0.815432082415034
266,0.165698750124299,0.834301249875701
267,0.210284486439417,0.789715513560583
268,0.0116494882013013,0.988350511798699
269,0.259194181807646,0.740805818192354
270,0.154160465141702,0.845839534858298
271,0.778177228577985,0.221822771422014
272,1,0
273,0.88321094524393,0.11678905475607
274,0.154049261922998,0.845950738077002
275,0.894860433445231,0.105139566554769
276,1,0
277,0.0677735094990166,0.932226490500983
278,0.165698750124299,0.834301249875701
279,0.619578156058493,0.380421843941507
280,0.331512148573277,0.668487851426723
281,0.76197792978019,0.23802207021981
282,0.154049261922998,0.845950738077002
283,0.409293669619076,0.590706330380924
284,0.184567917584966,0.815432082415034
285,0.037366057055752,0.962633942944248
286,0.590706330380924,0.409293669619076
287,0.154049261922998,0.845950738077002
288,0.446659726674828,0.553340273325172
289,0.661382820492036,0.338617179507964
290,0.410940499603475,0.589059500396525
291,0.154049261922998,0.845950738077002
292,0,1
293,0.920577002299682,0.0794229977003179
294,1,0
295,0.270843670008948,0.729156329991053
296,0.950984454742947,0.0490155452570534
297,0.602355818582225,0.397644181417775
298,0.635666251637585,0.364333748362415
299,0.0116494882013013,0.988350511798699
300,0.0677735094990166,0.932226490500983
301,0.57056261080144,0.42943738919856
302,0,1
303,0.331517501903157,0.668482498096843
304,0.497216252027456,0.502783747972544
305,0.827081570616335,0.172918429383665
306,1,0
307,0,1
308,0.590706330380924,0.409293669619076
309,0,1
310,0.932226490500983,0.0677735094990166
311,0,1
312,0.294146091517525,0.705853908482475
313,0.477067179118093,0.522932820881907
314,0,1
315,0,1
316,0.766527740376684,0.233472259623316
317,0.154049261922998,0.845950738077002
318,0.827081570616335,0.172918429383665
319,0.778177228577985,0.221822771422014
320,0,1
321,0.19141531897875,0.80858468102125
322,0.397644181417775,0.602355818582225
323,1,0
324,0.962633942944248,0.037366057055752
325,0,1
326,0.845950738077002,0.154049261922998
327,0.962633942944248,0.037366057055752
328,0.950984454742947,0.0490155452570534
329,0.57056261080144,0.42943738919856
330,0,1
331,0.894860433445231,0.105139566554769
332,0,1
333,1,0
334,0.845950738077002,0.154049261922998
335,0.259194181807646,0.740805818192354
336,0.845950738077002,0.154049261922998
337,0.932226490500983,0.0677735094990166
338,0.522932820881907,0.477067179118093
339,0.656838363225421,0.343161636774579
340,0.668487851426723,0.331512148573277
341,1,0
342,0.553340273325172,0.446659726674828
343,0.226372582018509,0.773627417981491
344,0.827081570616335,0.172918429383665
345,0.600708988597826,0.399291011402174
346,0.448306556659227,0.551693443340773
347,0,1
348,1,0
349,0.724611872724438,0.275388127275562
350,0.331517501903157,0.668482498096843
351,0.773627417981491,0.226372582018509
352,0.263738639074261,0.736261360925739
353,0.105144919884648,0.894855080115352
354,0.778066025359282,0.221933974640718
355,1,0
356,0.275388127275562,0.724611872724438
357,0.661382820492036,0.338617179507964
358,0,1
359,0.105144919884648,0.894855080115352
360,0.380421843941507,0.619578156058493
361,0.343161636774579,0.656838363225421
362,0.105144919884648,0.894855080115352
363,0.037366057055752,0.962633942944248
364,0.514438589503725,0.485561410496275
365,0.0490155452570534,0.950984454742947
366,0.894855080115352,0.105144919884648
367,0,1
368,1,0
369,0.42943738919856,0.57056261080144
370,0.226372582018509,0.773627417981491
371,0,1
372,0.184567917584966,0.815432082415034
373,1,0
374,0.221822771422014,0.778177228577985
375,0.380421843941507,0.619578156058493
376,0.0116494882013013,0.988350511798699
377,1,0
378,0.894860433445231,0.105139566554769
379,0.435010238473527,0.564989761526473
380,0.221933974640718,0.778066025359282
381,1,0
382,0.154049261922998,0.845950738077002
383,0.607928667857192,0.392071332142808
384,0,1
385,0.773627417981491,0.226372582018509
386,1,0
387,0.656833009895541,0.343166990104459
388,0.0116494882013013,0.988350511798699
389,0.221933974640718,0.778066025359282
390,0,1
391,0.656833009895541,0.343166990104459
392,0.446659726674828,0.553340273325172
393,0.305795579718827,0.694204420281173
394,0.729161683320932,0.270838316679068
395,0.0116494882013013,0.988350511798699
396,0,1
397,0.8574890230596,0.1425109769404
398,0.270843670008948,0.729156329991053
399,0.656838363225421,0.343161636774579
400,1,0
401,0,1
402,1,0
403,1,0
404,0.226372582018509,0.773627417981491
405,0.88321094524393,0.11678905475607
406,0.477067179118093,0.522932820881907
407,1,0
408,0.477067179118093,0.522932820881907
409,0.773627417981491,0.226372582018509
410,1,0
411,0.23802207021981,0.76197792978019
412,0.0116494882013013,0.988350511798699
413,0.305795579718827,0.694204420281173
414,1,0
415,0.815432082415034,0.184567917584966
416,0.226372582018509,0.773627417981491
417,0.845839534858298,0.154160465141702
418,0.210284486439417,0.789715513560583
419,0.154049261922998,0.845950738077002
420,0.502783747972544,0.497216252027456
421,0.233472259623316,0.766527740376684
422,1,0
423,0,1
424,0.364333748362415,0.635666251637585
425,1,0
426,0.932226490500983,0.0677735094990166
427,0.446659726674828,0.553340273325172
428,0.105144919884648,0.894855080115352
429,0.551693443340773,0.448306556659227
430,0,1
431,0.203064807180051,0.796935192819949
432,0.037366057055752,0.962633942944248
433,0.534582309083208,0.465417690916791
434,0.845839534858298,0.154160465141702
435,0.105144919884648,0.894855080115352
436,0.037366057055752,0.962633942944248
437,1,0
438,0.673032308693337,0.326967691306663
439,0.8574890230596,0.1425109769404
440,0.172918429383665,0.827081570616335
441,0.740805818192354,0.259194181807646
442,0.88320559191405,0.11679440808595
443,0.0116494882013013,0.988350511798699
444,0.465417690916791,0.534582309083208
445,1,0
446,0.037366057055752,0.962633942944248
447,0.962633942944248,0.037366057055752
448,0.037366057055752,0.962633942944248
449,0.1425109769404,0.8574890230596
450,0.773627417981491,0.226372582018509
451,0,1
452,0.962633942944248,0.037366057055752
453,0.380421843941507,0.619578156058493
454,0.590706330380924,0.409293669619076
455,0.80858468102125,0.19141531897875
456,0.845950738077002,0.154049261922998
457,0.602355818582225,0.397644181417775
458,0,1
459,0.233472259623316,0.766527740376684
460,0,1
461,1,0
462,0.380421843941507,0.619578156058493
463,0.950984454742947,0.0490155452570534
464,0.343166990104459,0.656833009895541
465,0.392071332142808,0.607928667857192
466,0.589059500396525,0.410940499603475
467,0.778177228577985,0.221822771422014
468,0.105139566554769,0.894860433445231
469,0,1
470,0.397644181417775,0.602355818582225
471,0.703439761136602,0.296560238863398
472,0.894860433445231,0.105139566554769
473,0.724611872724438,0.275388127275562
474,0.42943738919856,0.57056261080144
475,0.037366057055752,0.962633942944248
476,0.446659726674828,0.553340273325172
477,0.259188828477767,0.740811171522234
478,0.962633942944248,0.037366057055752
479,0.703439761136602,0.296560238863398
480,0.668482498096843,0.331517501903157
481,0.392071332142808,0.607928667857192
482,0.553340273325172,0.446659726674828
483,0,1
484,0.766527740376684,0.233472259623316
485,0.834301249875701,0.165698750124299
486,0,1
487,0.0116494882013013,0.988350511798699
488,0.399291011402174,0.600708988597826
489,0,1
490,0,1
491,0.932226490500983,0.0677735094990166
492,0.534582309083208,0.465417690916791
493,0.105139566554769,0.894860433445231
494,0.962633942944248,0.037366057055752
495,1,0
496,0.397644181417775,0.602355818582225
497,0.894855080115352,0.105144919884648
498,0.11679440808595,0.88320559191405
499,0.477067179118093,0.522932820881907
500,0.736261360925739,0.263738639074261
501,0.705853908482475,0.294146091517525
502,0.88321094524393,0.11678905475607
503,0,1
504,0.11679440808595,0.88320559191405
505,0,1
506,1,0
507,0.76197792978019,0.23802207021981
508,0.6917902729353,0.3082097270647
509,0.773627417981491,0.226372582018509
510,0.932226490500983,0.0677735094990166
511,0.8574890230596,0.1425109769404
512,0.635666251637585,0.364333748362415
513,0.343166990104459,0.656833009895541
514,0.0677735094990166,0.932226490500983
515,0.502789101302423,0.497210898697577
516,0.105144919884648,0.894855080115352
517,0.773627417981491,0.226372582018509
518,0.88320559191405,0.11679440808595
519,0.932226490500983,0.0677735094990166
520,0.3082097270647,0.6917902729353
521,0.19141531897875,0.80858468102125
522,0.037366057055752,0.962633942944248
523,0.0116494882013013,0.988350511798699
524,0.397644181417775,0.602355818582225
525,0.778066025359282,0.221933974640718
526,0.184567917584966,0.815432082415034
527,0.465417690916791,0.534582309083208
528,0.42943738919856,0.57056261080144
529,0.589059500396525,0.410940499603475
530,0.920577002299682,0.0794229977003179
531,0.582212099002741,0.417787900997259
532,0.551693443340773,0.448306556659227
533,0.624016763436284,0.375983236563716
534,0.203064807180051,0.796935192819949
535,0.105144919884648,0.894855080115352
536,0.154049261922998,0.845950738077002
537,0.154049261922998,0.845950738077002
538,1,0
539,0.0677735094990166,0.932226490500983
540,0.553340273325172,0.446659726674828
541,0.729156329991053,0.270843670008948
542,1,0
543,0.331512148573277,0.668487851426723
544,0.331512148573277,0.668487851426723
545,0.172918429383665,0.827081570616335
546,0.343161636774579,0.656838363225421
547,0.1425109769404,0.8574890230596
548,0.502789101302423,0.497210898697577
549,0.729161683320932,0.270838316679068
550,0,1
551,0.226372582018509,0.773627417981491
552,0,1
553,0,1
554,0.154049261922998,0.845950738077002
555,0.773627417981491,0.226372582018509
556,0,1
557,0.037366057055752,0.962633942944248
558,1,0
559,1,0
560,0.037366057055752,0.962633942944248
561,0.226372582018509,0.773627417981491
562,0.962633942944248,0.037366057055752
563,0.184567917584966,0.815432082415034
564,0.154049261922998,0.845950738077002
565,0.920577002299682,0.0794229977003179
566,0.259194181807646,0.740805818192354
567,0.0677735094990166,0.932226490500983
568,0.602355818582225,0.397644181417775
569,0.619466952839789,0.38053304716021
570,0.827081570616335,0.172918429383665
571,0.3082097270647,0.6917902729353
572,1,0
573,0.894855080115352,0.105144919884648
574,0.607928667857192,0.392071332142808
575,0.607928667857192,0.392071332142808
576,0.275388127275562,0.724611872724438
577,0.6917902729353,0.3082097270647
578,0.602355818582225,0.397644181417775
579,0.105144919884648,0.894855080115352
580,0.397644181417775,0.602355818582225
581,0.417787900997259,0.582212099002741
582,0.409293669619076,0.590706330380924
583,0.76197792978019,0.23802207021981
584,0.154160465141702,0.845839534858298
585,0.845950738077002,0.154049261922998
586,0.210284486439417,0.789715513560583
587,0.485561410496275,0.514438589503725
588,0.502789101302423,0.497210898697577
589,0.988350511798699,0.0116494882013013
590,0.497216252027456,0.502783747972544
591,0.894855080115352,0.105144919884648
592,0,1
593,0.38053304716021,0.619466952839789
594,1,0
595,0.563342931542074,0.436657068457926
596,0.635666251637585,0.364333748362415
597,0.602355818582225,0.397644181417775
598,0.11678905475607,0.88321094524393
599,0.0116494882013013,0.988350511798699
600,0.154049261922998,0.845950738077002
601,0.105144919884648,0.894855080115352
602,0.105139566554769,0.894860433445231
603,0.221933974640718,0.778066025359282
604,0.88321094524393,0.11678905475607
605,0.962633942944248,0.037366057055752
606,0,1
607,0.76197792978019,0.23802207021981
608,0,1
609,1,0
610,0.834301249875701,0.165698750124299
611,0.962633942944248,0.037366057055752
612,0.105144919884648,0.894855080115352
613,0.624016763436284,0.375983236563716
614,0.343161636774579,0.656838363225421
615,0,1
616,0.497210898697577,0.502789101302423
617,0.11679440808595,0.88320559191405
618,0.037366057055752,0.962633942944248
619,0.778177228577985,0.221822771422014
620,0.600708988597826,0.399291011402174
621,0.226372582018509,0.773627417981491
622,1,0
623,0.0116494882013013,0.988350511798699
624,0.778066025359282,0.221933974640718
625,0.11678905475607,0.88321094524393
626,0.037366057055752,0.962633942944248
627,0.0677735094990166,0.932226490500983
628,0.226372582018509,0.773627417981491
629,0.0490155452570534,0.950984454742947
630,0,1
631,0.0794229977003179,0.920577002299682
632,0.962633942944248,0.037366057055752
633,0.446659726674828,0.553340273325172
634,0.661382820492036,0.338617179507964
635,0.226372582018509,0.773627417981491
636,1,0
637,0.766527740376684,0.233472259623316
638,0.417787900997259,0.582212099002741
639,0.165698750124299,0.834301249875701
640,0.8574890230596,0.1425109769404
641,0.694204420281173,0.305795579718827
642,0.894860433445231,0.105139566554769
643,0.619578156058493,0.380421843941507
644,1,0
645,0.694204420281173,0.305795579718827
646,0.778066025359282,0.221933974640718
647,0.19141531897875,0.80858468102125
648,0.270843670008948,0.729156329991053
649,0.154049261922998,0.845950738077002
650,0.551693443340773,0.448306556659227
651,1,0
652,0.845950738077002,0.154049261922998
653,0.88321094524393,0.11678905475607
654,0.497216252027456,0.502783747972544
655,0,1
656,0.397644181417775,0.602355818582225
657,0.397644181417775,0.602355818582225
658,0.037366057055752,0.962633942944248
659,0.950984454742947,0.0490155452570534
660,0.894855080115352,0.105144919884648
661,0.331512148573277,0.668487851426723
662,0.773627417981491,0.226372582018509
663,0.0116494882013013,0.988350511798699
664,0.778066025359282,0.221933974640718
665,0,1
666,0.582212099002741,0.417787900997259
667,0.894860433445231,0.105139566554769
668,0.540155158358175,0.459844841641825
669,0,1
670,0.448306556659227,0.551693443340773
671,0.446659726674828,0.553340273325172
672,0.11679440808595,0.88320559191405
673,0.894855080115352,0.105144919884648
674,0.037366057055752,0.962633942944248
675,0.607928667857192,0.392071332142808
676,1,0
677,0.920577002299682,0.0794229977003179
678,1,0
679,0.259194181807646,0.740805818192354
680,0,1
681,0.932226490500983,0.0677735094990166
682,0.619578156058493,0.380421843941507
683,0.19141531897875,0.80858468102125
684,1,0
685,0.602355818582225,0.397644181417775
686,0.165698750124299,0.834301249875701
687,0,1
688,0.773627417981491,0.226372582018509
689,0.105144919884648,0.894855080115352
690,0.673032308693337,0.326967691306663
691,0.845839534858298,0.154160465141702
692,0.668482498096843,0.331517501903157
693,0.988350511798699,0.0116494882013013
694,0.514433236173845,0.485566763826155
695,0.834301249875701,0.165698750124299
696,0.270843670008948,0.729156329991053
697,0.11679440808595,0.88320559191405
698,0.894855080115352,0.105144919884648
699,0.827081570616335,0.172918429383665
700,0.397644181417775,0.602355818582225
701,0.1425109769404,0.8574890230596
702,0,1
703,0.0677735094990166,0.932226490500983
704,0.037366057055752,0.962633942944248
705,0.988350511798699,0.0116494882013013
706,0,1
707,0,1
708,0.375983236563716,0.624016763436284
709,0.656838363225421,0.343161636774579
710,0.435010238473527,0.564989761526473
711,0.485561410496275,0.514438589503725
712,0.962633942944248,0.037366057055752
713,0,1
714,0.397644181417775,0.602355818582225
715,0.553340273325172,0.446659726674828
716,1,0
717,0.154049261922998,0.845950738077002
718,0.0677735094990166,0.932226490500983
719,0.845950738077002,0.154049261922998
720,0.932226490500983,0.0677735094990166
721,0.23802207021981,0.76197792978019
722,0.773627417981491,0.226372582018509
723,0.417787900997259,0.582212099002741
724,0.740805818192354,0.259194181807646
725,1,0
726,0.448306556659227,0.551693443340773
727,0.465417690916791,0.534582309083208
728,0.19141531897875,0.80858468102125
729,0.88321094524393,0.11678905475607
730,0.1425109769404,0.8574890230596
731,0.305795579718827,0.694204420281173
732,1,0
733,0.154160465141702,0.845839534858298
734,0,1
735,0.502789101302423,0.497210898697577
736,0.796935192819949,0.203064807180051
737,0.590706330380924,0.409293669619076
738,0.037366057055752,0.962633942944248
739,0.88320559191405,0.11679440808595
740,1,0
741,0.815432082415034,0.184567917584966
742,0.459844841641825,0.540155158358175
743,0,1
744,0.0116494882013013,0.988350511798699
745,0.778066025359282,0.221933974640718
746,0.0116494882013013,0.988350511798699
747,0.270843670008948,0.729156329991053
748,1,0
749,0.259188828477767,0.740811171522234
750,0,1
751,0,1
752,0.338617179507964,0.661382820492036
753,0.275388127275562,0.724611872724438
754,0,1
755,0.551693443340773,0.448306556659227
756,1,0
757,0.57056261080144,0.42943738919856
758,0.037366057055752,0.962633942944248
759,0.950984454742947,0.0490155452570534
760,1,0
761,0.037366057055752,0.962633942944248
762,0.105144919884648,0.894855080115352
763,0.435010238473527,0.564989761526473
764,1,0
765,0.154049261922998,0.845950738077002
766,0.172918429383665,0.827081570616335
767,0.834301249875701,0.165698750124299
768,0.551804646559477,0.448195353440523
769,0.773627417981491,0.226372582018509
770,0.773627417981491,0.226372582018509
771,0.724611872724438,0.275388127275562
772,0.105144919884648,0.894855080115352
773,0.465417690916791,0.534582309083208
774,0.80858468102125,0.19141531897875
775,0.962633942944248,0.037366057055752
776,0.497216252027456,0.502783747972544
777,0.226372582018509,0.773627417981491
778,0.656833009895541,0.343166990104459
779,0.602355818582225,0.397644181417775
780,0.226372582018509,0.773627417981491
781,0.331517501903157,0.668482498096843
782,0.294146091517525,0.705853908482475
783,0.740811171522234,0.259188828477767
784,0.773627417981491,0.226372582018509
785,0.448306556659227,0.551693443340773
786,0.037366057055752,0.962633942944248
787,0.766527740376684,0.233472259623316
788,0.619578156058493,0.380421843941507
789,0.624016763436284,0.375983236563716
790,0.845950738077002,0.154049261922998
791,0.331512148573277,0.668487851426723
792,0.962633942944248,0.037366057055752
793,0.962633942944248,0.037366057055752
794,0,1
795,0,1
796,0.392071332142808,0.607928667857192
797,0.037366057055752,0.962633942944248
798,0.380421843941507,0.619578156058493
799,0.668482498096843,0.331517501903157
800,0.635666251637585,0.364333748362415
801,0.724611872724438,0.275388127275562
802,0.668487851426723,0.331512148573277
803,0.602355818582225,0.397644181417775
804,0.410940499603475,0.589059500396525
805,0.485566763826155,0.514433236173845
806,0.259194181807646,0.740805818192354
807,0.037366057055752,0.962633942944248
808,1,0
809,0,1
810,0.894860433445231,0.105139566554769
811,0.551693443340773,0.448306556659227
812,0.932226490500983,0.0677735094990166
813,0.0677735094990166,0.932226490500983
814,0.275388127275562,0.724611872724438
815,0.988350511798699,0.0116494882013013
816,1,0
817,0,1
818,1,0
819,0.294146091517525,0.705853908482475
820,0.11678905475607,0.88321094524393
821,0.950984454742947,0.0490155452570534
822,0.778177228577985,0.221822771422014
823,0.514433236173845,0.485566763826155
824,0,1
825,0,1
826,0.988350511798699,0.0116494882013013
827,0,1
828,0.105144919884648,0.894855080115352
829,0.105144919884648,0.894855080115352
830,0.729156329991053,0.270843670008948
831,0.796935192819949,0.203064807180051
832,0.950984454742947,0.0490155452570534
833,0.894855080115352,0.105144919884648
834,0.0116494882013013,0.988350511798699
835,0.226372582018509,0.773627417981491
836,0.551804646559477,0.448195353440523
837,0.154049261922998,0.845950738077002
838,0.226372582018509,0.773627417981491
839,0.705853908482475,0.294146091517525
840,0.673032308693337,0.326967691306663
841,0.845839534858298,0.154160465141702
842,0.624016763436284,0.375983236563716
843,0.656838363225421,0.343161636774579
844,0.497210898697577,0.502789101302423
845,0.0490155452570534,0.950984454742947
846,0.392071332142808,0.607928667857192
847,0.037366057055752,0.962633942944248
848,0.522932820881907,0.477067179118093
849,0.154049261922998,0.845950738077002
850,0.564989761526473,0.435010238473527
851,0.270838316679068,0.729161683320932
852,0.0677735094990166,0.932226490500983
853,0.815432082415034,0.184567917584966
854,1,0
855,0.729156329991053,0.270843670008948
856,0,1
857,0.661382820492036,0.338617179507964
858,0.331512148573277,0.668487851426723
859,1,0
860,0.894855080115352,0.105144919884648
861,0.270838316679068,0.729161683320932
862,0.564989761526473,0.435010238473527
863,0.894855080115352,0.105144919884648
864,0.602355818582225,0.397644181417775
865,0.962633942944248,0.037366057055752
866,1,0
867,0.105144919884648,0.894855080115352
868,1,0
869,0,1
870,0.184567917584966,0.815432082415034
871,0.037366057055752,0.962633942944248
872,1,0
873,0.962633942944248,0.037366057055752
874,0,1
875,0.497210898697577,0.502789101302423
876,0.766527740376684,0.233472259623316
877,0.8574890230596,0.1425109769404
878,0.0116494882013013,0.988350511798699
879,0.0116494882013013,0.988350511798699
880,0.375983236563716,0.624016763436284
881,0.962633942944248,0.037366057055752
882,0.397644181417775,0.602355818582225
883,0.668487851426723,0.331512148573277
884,0.233472259623316,0.766527740376684
885,1,0
886,0.465417690916791,0.534582309083208
887,0.0116494882013013,0.988350511798699
888,0,1
889,0.894855080115352,0.105144919884648
890,0.446659726674828,0.553340273325172
891,0.950984454742947,0.0490155452570534
892,0.80858468102125,0.19141531897875
893,0.894855080115352,0.105144919884648
894,0.740805818192354,0.259194181807646
895,0.590706330380924,0.409293669619076
896,1,0
897,0.894855080115352,0.105144919884648
898,0.0116494882013013,0.988350511798699
899,0.988350511798699,0.0116494882013013
900,0.76197792978019,0.23802207021981
901,0,1
902,0.988350511798699,0.0116494882013013
903,0.368883558958909,0.631116441041091
904,0.19141531897875,0.80858468102125
905,1,0
906,0.397644181417775,0.602355818582225
907,0.789715513560583,0.210284486439417
908,0.165698750124299,0.834301249875701
909,0.037366057055752,0.962633942944248
910,1,0
911,0.165698750124299,0.834301249875701
912,0.436657068457926,0.563342931542074
913,1,0
914,0.410940499603475,0.589059500396525
915,0,1
916,0.582212099002741,0.417787900997259
917,0.932226490500983,0.0677735094990166
918,0.502789101302423,0.497210898697577
919,1,0
920,1,0
921,0.950984454742947,0.0490155452570534
922,0.502789101302423,0.497210898697577
923,0.226372582018509,0.773627417981491
924,1,0
925,0.773627417981491,0.226372582018509
926,0,1
927,0.446659726674828,0.553340273325172
928,0.459844841641825,0.540155158358175
929,0.815432082415034,0.184567917584966
930,0.338617179507964,0.661382820492036
931,0.932226490500983,0.0677735094990166
932,0.409293669619076,0.590706330380924
933,0.962633942944248,0.037366057055752
934,0.105144919884648,0.894855080115352
935,0.736261360925739,0.263738639074261
936,0.590706330380924,0.409293669619076
937,1,0
938,0.563342931542074,0.436657068457926
939,0.540155158358175,0.459844841641825
940,0,1
941,0.368883558958909,0.631116441041091
942,0.296560238863398,0.703439761136602
943,1,0
944,0.551804646559477,0.448195353440523
945,1,0
946,0.465417690916791,0.534582309083208
947,0.435010238473527,0.564989761526473
948,0.397644181417775,0.602355818582225
949,1,0
950,0.827081570616335,0.172918429383665
951,0.263738639074261,0.736261360925739
952,0.773627417981491,0.226372582018509
953,0.154049261922998,0.845950738077002
954,0.80858468102125,0.19141531897875
955,0.551693443340773,0.448306556659227
956,0.0677735094990166,0.932226490500983
957,0,1
958,0.154049261922998,0.845950738077002
959,0.932226490500983,0.0677735094990166
960,0.553340273325172,0.446659726674828
961,0.845950738077002,0.154049261922998
962,0.11679440808595,0.88320559191405
963,0.88320559191405,0.11679440808595
964,0.368883558958909,0.631116441041091
965,0.673032308693337,0.326967691306663
966,0.0794229977003179,0.920577002299682
967,0.23802207021981,0.76197792978019
968,0.105144919884648,0.894855080115352
969,0.705853908482475,0.294146091517525
970,1,0
971,0.448306556659227,0.551693443340773
972,0.037366057055752,0.962633942944248
973,0.0116494882013013,0.988350511798699
974,0.105144919884648,0.894855080115352
975,0.619578156058493,0.380421843941507
976,0.392071332142808,0.607928667857192
977,0.459844841641825,0.540155158358175
978,0.796935192819949,0.203064807180051
979,0,1
980,0.154049261922998,0.845950738077002
981,0.154049261922998,0.845950738077002
982,0.736261360925739,0.263738639074261
983,0,1
984,0.845950738077002,0.154049261922998
985,0,1
986,0.624016763436284,0.375983236563716
987,0.88320559191405,0.11679440808595
988,1,0
989,0.375983236563716,0.624016763436284
990,0.950984454742947,0.0490155452570534
991,0.988350511798699,0.0116494882013013
992,0.165698750124299,0.834301249875701
993,0.221822771422014,0.778177228577985
994,0.331512148573277,0.668487851426723
995,0,1
996,0,1
997,0.845950738077002,0.154049261922998
998,0.0116494882013013,0.988350511798699
999,0.42943738919856,0.57056261080144
1000,0.740805818192354,0.259194181807646
1001,0,1
1002,0,1
