"ID","Choice0","Choice1"
1,0.307680196560702,0.692319803439298
2,0.835511570933658,0.164488429066342
3,0.437489310887665,0.562510689112335
4,0.753233601593803,0.246766398406197
5,0.182325892703482,0.817674107296518
6,0.257878724288685,0.742121275711315
7,0.391269337571817,0.608730662428183
8,0.201225072675057,0.798774927324943
9,0.198989296131183,0.801010703868817
10,0.575382792232082,0.424617207767918
11,0.0908244979517294,0.909175502048271
12,0.613405730802252,0.386594269197748
13,0.909099575074897,0.0909004249251032
14,0.791059765658976,0.208940234341024
15,0.733086017703479,0.266913982296521
16,0.45973066058034,0.54026933941966
17,0.0567750827964139,0.943224917203586
18,0.264893672252886,0.735106327747114
19,0.731824243985435,0.268175756014565
20,0.60567325375953,0.39432674624047
21,0.834663084686384,0.165336915313616
22,0.806164315468092,0.193835684531908
23,0.822719706029721,0.177280293970279
24,0.272300638133927,0.727699361866073
25,0.680119655869393,0.319880344130607
26,0.652645407260509,0.347354592739491
27,0.291845543742112,0.708154456257888
28,0.621373183005758,0.378626816994242
29,0.0392120093410531,0.960787990658947
30,0.292803827600559,0.707196172399441
31,0.71792127490474,0.28207872509526
32,0.5993600722168,0.4006399277832
33,0.510337109981875,0.489662890018125
34,0.561151752899478,0.438848247100522
35,0.89069367238518,0.10930632761482
36,0.566321642385309,0.433678357614691
37,0.148810671209941,0.851189328790059
38,0.874946258357863,0.125053741642137
39,0.283943660600502,0.716056339399498
40,0.411077614590202,0.588922385409798
41,0.280785792570847,0.719214207429153
42,0.734489181635102,0.265510818364898
43,0.838156224186255,0.161843775813745
44,0.782054487259352,0.217945512740648
45,0.301900889407106,0.698099110592894
46,0.688111388393877,0.311888611606123
47,0.500830087407543,0.499169912592457
48,0.516425555499987,0.483574444500013
49,0.802455362666112,0.197544637333888
50,0.49849115861474,0.50150884138526
51,0.845993304122103,0.154006695877897
52,0.937815277060622,0.0621847229393784
53,0.807375534537494,0.192624465462506
54,0.16337234571501,0.83662765428499
55,0.760144797559357,0.239855202440643
56,0.860176123922697,0.139823876077303
57,0.169147122232147,0.830852877767853
58,0.390485084484649,0.609514915515351
59,0.746650435458092,0.253349564541908
60,0.300872069507573,0.699127930492427
61,0.302314030821286,0.697685969178714
62,0.397879150264097,0.602120849735903
63,0.202730859423122,0.797269140576878
64,0.172582624577504,0.827417375422496
65,0.899473269115416,0.100526730884584
66,0.78736306106615,0.21263693893385
67,0.232321617308491,0.767678382691509
68,0.509202271905752,0.490797728094248
69,0.144681988529338,0.855318011470662
70,0.40517269629267,0.59482730370733
71,0.0924540278119192,0.907545972188081
72,0.199997845327742,0.800002154672258
73,0.260696775648743,0.739303224351257
74,0.522486442950034,0.477513557049966
75,0.20551987673219,0.79448012326781
76,0.477742452389835,0.522257547610165
77,0.204455236119151,0.795544763880849
78,0.801211918615274,0.198788081384726
79,0.483244173357963,0.516755826642037
80,0.685442304710736,0.314557695289264
81,0.391295602956402,0.608704397043598
82,0.674282279268439,0.325717720731561
83,0.194122586133811,0.805877413866189
84,0.17408066483731,0.82591933516269
85,0.643663719604389,0.356336280395611
86,0.864947744874536,0.135052255125464
87,0.720864258970858,0.279135741029142
88,0.482385609062545,0.517614390937455
89,0.421575561317789,0.578424438682211
90,0.231544592042425,0.768455407957575
91,0.340337360564948,0.659662639435052
92,0.772585081713792,0.227414918286208
93,0.121085232828603,0.878914767171397
94,0.652799244206936,0.347200755793064
95,0.635310392968473,0.364689607031527
96,0.192097009284091,0.807902990715909
97,0.545311745838689,0.454688254161311
98,0.543700429178056,0.456299570821944
99,0.811374553773032,0.188625446226968
100,0.804241158312673,0.195758841687327
101,0.374286251009498,0.625713748990502
102,0.411147027862948,0.588852972137052
103,0.108917127058876,0.891082872941124
104,0.034776264500652,0.965223735499348
105,0.889847498217244,0.110152501782756
106,0.457116313469268,0.542883686530732
107,0.32503162553395,0.67496837446605
108,0.198947350159666,0.801052649840334
109,0.13177470501295,0.86822529498705
110,0.0940897191726071,0.905910280827393
111,0.667436575789132,0.332563424210868
112,0.853720968374716,0.146279031625284
113,0.1782565986581,0.8217434013419
114,0.8962852083728,0.1037147916272
115,0.465240553359971,0.534759446640029
116,0.775170948114642,0.224829051885358
117,0.904510464268303,0.0954895357316971
118,0.195802544591642,0.804197455408358
119,0.701499173188211,0.298500826811789
120,0.671859949077624,0.328140050922376
121,0.185498673077894,0.814501326922106
122,0.975455854111921,0.0245441458880791
123,0.585316886795553,0.414683113204447
124,0.404424652696005,0.595575347303995
125,0.73419787361097,0.26580212638903
126,0.442442335430013,0.557557664569987
127,0.858150479143652,0.141849520856348
128,0.517294025499432,0.482705974500568
129,0.786985205630069,0.213014794369931
130,0.57598829130226,0.424011708697739
131,0.185184295959905,0.814815704040095
132,0.660380928530166,0.339619071469834
133,0.606772068550999,0.393227931449001
134,0.815332546830874,0.184667453169126
135,0.18465711571141,0.81534288428859
136,0.702451952968387,0.297548047031613
137,0.641651371164304,0.358348628835696
138,0.684536508737683,0.315463491262317
139,0.24089962928266,0.75910037071734
140,0.26997269707798,0.73002730292202
141,0.289544050608665,0.710455949391335
142,0.157231855252826,0.842768144747174
143,0.254307866310464,0.745692133689536
144,0.695314898582103,0.304685101417897
145,0.537849806829515,0.462150193170485
146,0.787206403740706,0.212793596259293
147,0.595810129875472,0.404189870124528
148,0.821450542872515,0.178549457127485
149,0.514812611160077,0.485187388839923
150,0.111204843365035,0.888795156634965
151,0.709180969022876,0.290819030977124
152,0.339659660236109,0.660340339763891
153,0.162226172886057,0.837773827113943
154,0.794431341552027,0.205568658447973
155,0.958666985285438,0.0413330147145615
156,0.82116648727236,0.17883351272764
157,0.619092109108736,0.380907890891264
158,0.152071935070571,0.847928064929429
159,0.479933735508133,0.520066264491867
160,0.86016841548015,0.13983158451985
161,0.308975935879384,0.691024064120616
162,0.805124656052992,0.194875343947008
163,0.311219231453235,0.688780768546765
164,0.820186276888353,0.179813723111647
165,0.237680556184056,0.762319443815944
166,0.453367663869549,0.546632336130451
167,0.235628451654686,0.764371548345314
168,0.662194114235142,0.337805885764858
169,0.201985122826947,0.798014877173053
170,0.17516511235875,0.82483488764125
171,0.278660206421331,0.721339793578669
172,0.234337487043045,0.765662512956955
173,0.453947303928497,0.546052696071503
174,0.441662051108217,0.558337948891783
175,0.148324982304282,0.851675017695718
176,0.288999420379719,0.711000579620281
177,0.0926139964895317,0.907386003510468
178,0.522534757659646,0.477465242340354
179,0.748261070584084,0.251738929415916
180,0.409548415612739,0.590451584387261
181,0.669719387680497,0.330280612319503
182,0.49192385606315,0.50807614393685
183,0.268933287797462,0.731066712202538
184,0.187364338763546,0.812635661236454
185,0.677757699395361,0.322242300604639
186,0.828783773814057,0.171216226185943
187,0.173352790229895,0.826647209770105
188,0.400895440833827,0.599104559166173
189,0.291333180143613,0.708666819856387
190,0.735747089082,0.264252910918
191,0.159478860091973,0.840521139908027
192,0.180661870876044,0.819338129123956
193,0.400857785308303,0.599142214691697
194,0.16242256330033,0.83757743669967
195,0.325625640327151,0.674374359672849
196,0.550930372574902,0.449069627425098
197,0.194201963749592,0.805798036250408
198,0.231559447877012,0.768440552122988
199,0.465949546507645,0.534050453492355
200,0.771296167125044,0.228703832874956
201,0.364741309232442,0.635258690767558
202,0.555848219720361,0.444151780279639
203,0.701144408733648,0.298855591266352
204,0.133472284299068,0.866527715700932
205,0.789013157918909,0.210986842081091
206,0.914870151678765,0.0851298483212347
207,0.112622941294656,0.887377058705344
208,0.812328376721165,0.187671623278835
209,0.531962174475235,0.468037825524765
210,0.469739506124885,0.530260493875115
211,0.183313274615294,0.816686725384706
212,0.825629236060848,0.174370763939152
213,0.541362964630278,0.458637035369722
214,0.765476382149878,0.234523617850122
215,0.307623778190979,0.692376221809021
216,0.78552630385901,0.21447369614099
217,0.914291801005116,0.0857081989948837
218,0.197212447432909,0.802787552567091
219,0.190081862792801,0.809918137207199
220,0.183295547366714,0.816704452633286
221,0.188230267237065,0.811769732762935
222,0.716687212623683,0.283312787376317
223,0.113091319063518,0.886908680936482
224,0.171206390440144,0.828793609559856
225,0.222356476662611,0.777643523337389
226,0.691386455510941,0.308613544489059
227,0.770524565151928,0.229475434848072
228,0.565280440604634,0.434719559395366
229,0.215917962132634,0.784082037867366
230,0.864512347436558,0.135487652563442
231,0.0832552590560419,0.916744740943958
232,0.629750359428453,0.370249640571547
233,0.775518389630665,0.224481610369335
234,0.653715540597,0.346284459403
235,0.670456187053796,0.329543812946204
236,0.233196549811653,0.766803450188347
237,0.729521346936476,0.270478653063524
238,0.121798896055141,0.878201103944859
239,0.0774662289717228,0.922533771028277
240,0.0660857449156659,0.933914255084334
241,0.687667503831741,0.312332496168259
242,0.820211898180902,0.179788101819098
243,0.882713251222049,0.117286748777951
244,0.875449580236462,0.124550419763538
245,0.534910552267815,0.465089447732185
246,0.161676142558978,0.838323857441022
247,0.145362720094788,0.854637279905212
248,0.796822526839044,0.203177473160956
249,0.413333259357355,0.586666740642645
250,0.72584090429616,0.27415909570384
251,0.534693190122752,0.465306809877248
252,0.262796680182627,0.737203319817373
253,0.970794816833491,0.0292051831665094
254,0.238115851800286,0.761884148199714
255,0.208576681783167,0.791423318216833
256,0.358205146860218,0.641794853139782
257,0.840215639590626,0.159784360409374
258,0.506266767745605,0.493733232254395
259,0.151702634680018,0.848297365319982
260,0.849505264197314,0.150494735802686
261,0.840174662234346,0.159825337765654
262,0.702169089960143,0.297830910039857
263,0.0781465070810354,0.921853492918965
264,0.780948547846072,0.219051452153928
265,0.418791327779443,0.581208672220557
266,0.13917917640511,0.86082082359489
267,0.204273589778592,0.795726410221408
268,0.0707868040553795,0.92921319594462
269,0.183030423504803,0.816969576495197
270,0.43573889702917,0.56426110297083
271,0.801012185029807,0.198987814970193
272,0.876198860716326,0.123801139283674
273,0.591893371558532,0.408106628441468
274,0.209221478947192,0.790778521052808
275,0.482738993917113,0.517261006082887
276,0.662142407297778,0.337857592702222
277,0.190381725395217,0.809618274604783
278,0.159462616389365,0.840537383610635
279,0.764442733552398,0.235557266447602
280,0.319708535076953,0.680291464923047
281,0.688716461254328,0.311283538745672
282,0.10915149354512,0.89084850645488
283,0.181071673993398,0.818928326006602
284,0.194690981572708,0.805309018427292
285,0.388705884139364,0.611294115860636
286,0.638912789368871,0.361087210631129
287,0.211934878401591,0.788065121598409
288,0.697269200157649,0.302730799842351
289,0.241560651831386,0.758439348168614
290,0.45310987326372,0.54689012673628
291,0.159156245020032,0.840843754979968
292,0.196948836052165,0.803051163947835
293,0.731664284584761,0.268335715415239
294,0.976031262294771,0.0239687377052292
295,0.439914206215817,0.560085793784183
296,0.72356015152939,0.27643984847061
297,0.55275231327595,0.44724768672405
298,0.434663469730088,0.565336530269912
299,0.292233120672501,0.707766879327499
300,0.560406412396772,0.439593587603228
301,0.427680341844388,0.572319658155612
302,0.196498878995213,0.803501121004787
303,0.323600375495739,0.676399624504261
304,0.654941648261854,0.345058351738146
305,0.749538593981849,0.250461406018151
306,0.791478023295617,0.208521976704383
307,0.0330687223402959,0.966931277659704
308,0.948849105770021,0.0511508942299792
309,0.163266446784905,0.836733553215095
310,0.826440708631659,0.173559291368341
311,0.192002355045371,0.807997644954629
312,0.712449954500888,0.287550045499112
313,0.394845589027686,0.605154410972314
314,0.15079861809791,0.84920138190209
315,0.0591334457631073,0.940866554236893
316,0.69648294825425,0.30351705174575
317,0.131833943301092,0.868166056698908
318,0.792235865779723,0.207764134220277
319,0.616017859358821,0.383982140641179
320,0.156214267183198,0.843785732816802
321,0.472131237005684,0.527868762994316
322,0.492320109888761,0.507679890111239
323,0.927185332032364,0.0728146679676356
324,0.908116363889074,0.0918836361109263
325,0.143852746775913,0.856147253224087
326,0.927360078143619,0.0726399218563814
327,0.808029756664695,0.191970243335305
328,0.733160638322822,0.266839361677178
329,0.16617300015377,0.83382699984623
330,0.128413244312993,0.871586755687007
331,0.60529493117654,0.39470506882346
332,0.172220069431069,0.827779930568931
333,0.789424762179833,0.210575237820167
334,0.663903906104331,0.336096093895669
335,0.421005016423419,0.578994983576581
336,0.791167530784593,0.208832469215407
337,0.790625170743393,0.209374829256607
338,0.548834904145059,0.451165095854941
339,0.487299498977844,0.512700501022156
340,0.595113997001144,0.404886002998856
341,0.611223526863479,0.388776473136521
342,0.751954365647939,0.248045634352061
343,0.159120313008386,0.840879686991614
344,0.760136076775937,0.239863923224063
345,0.754285425924667,0.245714574075333
346,0.66623967615778,0.33376032384222
347,0.160817465679017,0.839182534320983
348,0.93880166391626,0.06119833608374
349,0.316601612761144,0.683398387238856
350,0.322103630241141,0.677896369758859
351,0.920988461662372,0.0790115383376282
352,0.376425356837815,0.623574643162185
353,0.196240973644402,0.803759026355598
354,0.664987889912431,0.335012110087569
355,0.941970606370819,0.0580293936291806
356,0.659961522224272,0.340038477775728
357,0.157697443094854,0.842302556905146
358,0.124146448386242,0.875853551613758
359,0.209284440983567,0.790715559016433
360,0.50008936432932,0.49991063567068
361,0.789016855279149,0.210983144720851
362,0.207228951037473,0.792771048962527
363,0.237762511346399,0.762237488653601
364,0.169065177668968,0.830934822331032
365,0.453505278949178,0.546494721050822
366,0.652995484651184,0.347004515348816
367,0.141577568950545,0.858422431049455
368,0.817843720657747,0.182156279342253
369,0.157866844397054,0.842133155602946
370,0.311958590941773,0.688041409058227
371,0.104805662993181,0.895194337006819
372,0.55355572752282,0.44644427247718
373,0.931671612974485,0.0683283870255154
374,0.434571957390435,0.565428042609565
375,0.565068584652475,0.434931415347525
376,0.0591274674465275,0.940872532553472
377,0.891498929266662,0.108501070733338
378,0.825795780383805,0.174204219616195
379,0.342025379362827,0.657974620637173
380,0.282781404666466,0.717218595333534
381,0.812897584063542,0.187102415936458
382,0.131319630241986,0.868680369758014
383,0.855859838812491,0.144140161187509
384,0.0454248774855077,0.954575122514492
385,0.786955928318234,0.213044071681766
386,0.814553780623411,0.185446219376589
387,0.811909919943459,0.188090080056541
388,0.215412083113804,0.784587916886196
389,0.384672727662302,0.615327272337698
390,0.243070403538674,0.756929596461326
391,0.425910907675491,0.574089092324509
392,0.322619981881923,0.677380018118077
393,0.62383742036721,0.37616257963279
394,0.449303025754407,0.550696974245593
395,0.186159103255858,0.813840896744142
396,0.132478410620238,0.867521589379762
397,0.820547221870746,0.179452778129254
398,0.375284265103154,0.624715734896846
399,0.488299919753122,0.511700080246878
400,0.685693606855631,0.314306393144369
401,0.131120996530835,0.868879003469165
402,0.886234999463282,0.113765000536718
403,0.650294233274007,0.349705766725993
404,0.354802180749334,0.645197819250666
405,0.801150745633174,0.198849254366826
406,0.402852222388146,0.597147777611854
407,0.859826822218412,0.140173177781588
408,0.814445740417991,0.185554259582009
409,0.15093448247329,0.84906551752671
410,0.657112955280116,0.342887044719884
411,0.199841821955877,0.800158178044123
412,0.163607680574262,0.836392319425738
413,0.257900209559597,0.742099790440403
414,0.796503928691977,0.203496071308023
415,0.424412602590195,0.575587397409805
416,0.192527713430924,0.807472286569076
417,0.610370705215949,0.389629294784051
418,0.244606460920169,0.755393539079831
419,0.218762519705113,0.781237480294887
420,0.129126324517952,0.870873675482048
421,0.687884316792799,0.312115683207201
422,0.851155917626552,0.148844082373448
423,0.097012520358529,0.902987479641471
424,0.201964627089296,0.798035372910704
425,0.88394258657688,0.11605741342312
426,0.831878598490612,0.168121401509388
427,0.586497473340847,0.413502526659153
428,0.246575721138994,0.753424278861006
429,0.254100317014726,0.745899682985274
430,0.191243225722417,0.808756774277583
431,0.375209028993368,0.624790971006632
432,0.219965837912267,0.780034162087733
433,0.688948156021913,0.311051843978087
434,0.819995754161101,0.180004245838899
435,0.0924841263854621,0.907515873614538
436,0.1948085046164,0.8051914953836
437,0.631000682678501,0.368999317321499
438,0.396683648263746,0.603316351736254
439,0.712443747984919,0.287556252015081
440,0.642516861437563,0.357483138562437
441,0.631366494122278,0.368633505877722
442,0.186247673028574,0.813752326971426
443,0.497545971840473,0.502454028159527
444,0.0776571721779868,0.922342827822013
445,0.928001593705789,0.0719984062942108
446,0.484995093298596,0.515004906701404
447,0.813698064874686,0.186301935125314
448,0.148837405356219,0.851162594643781
449,0.393797161248387,0.606202838751613
450,0.396514211566435,0.603485788433565
451,0.286875370830314,0.713124629169686
452,0.854666012925918,0.145333987074082
453,0.138518189906036,0.861481810093964
454,0.529970726576693,0.470029273423307
455,0.776769940063622,0.223230059936378
456,0.845599246987827,0.154400753012173
457,0.667818401052054,0.332181598947946
458,0.091130462310944,0.908869537689056
459,0.20000417662913,0.79999582337087
460,0.187157957030013,0.812842042969987
461,0.84962839827556,0.15037160172444
462,0.398512492977073,0.601487507022927
463,0.527864488633237,0.472135511366763
464,0.38805216989286,0.61194783010714
465,0.513035942659499,0.486964057340501
466,0.627823011490344,0.372176988509656
467,0.800788057652555,0.199211942347445
468,0.24829822104649,0.75170177895351
469,0.0620831776675212,0.937916822332479
470,0.212175059338373,0.787824940661627
471,0.761933115794888,0.238066884205112
472,0.827517194851383,0.172482805148617
473,0.562846162619611,0.437153837380389
474,0.6329959274997,0.3670040725003
475,0.254307358884652,0.745692641115348
476,0.586497473340847,0.413502526659153
477,0.456415060382592,0.543584939617408
478,0.923161678295719,0.076838321704281
479,0.813886509221852,0.186113490778148
480,0.768899332269202,0.231100667730798
481,0.485526486286204,0.514473513713796
482,0.675287227132044,0.324712772867956
483,0.19388769087221,0.80611230912779
484,0.69648294825425,0.30351705174575
485,0.777431323797378,0.222568676202622
486,0.204334583609216,0.795665416390784
487,0.17333017902191,0.82666982097809
488,0.556144135365892,0.443855864634108
489,0.203635312476517,0.796364687523483
490,0.106573731158569,0.893426268841431
491,0.834428677287166,0.165571322712834
492,0.427792864128415,0.572207135871585
493,0.53521926884396,0.46478073115604
494,0.927292510029488,0.0727074899705121
495,0.740470238093332,0.259529761906668
496,0.207120233498958,0.792879766501042
497,0.699489712298338,0.300510287701662
498,0.498869554178762,0.501130445821238
499,0.491437093743555,0.508562906256445
500,0.837169799664118,0.162830200335882
501,0.83969602517943,0.16030397482057
502,0.643683123750127,0.356316876249873
503,0.151630446291182,0.848369553708818
504,0.32257207768157,0.67742792231843
505,0.216634900592893,0.783365099407107
506,0.841637055110744,0.158362944889256
507,0.589718028388626,0.410281971611374
508,0.689433421120696,0.310566578879304
509,0.768878744054878,0.231121255945122
510,0.800992431985116,0.199007568014884
511,0.45493692460565,0.54506307539435
512,0.786570402005539,0.213429597994461
513,0.461399473618511,0.538600526381489
514,0.0735587896208147,0.926441210379185
515,0.131334502648543,0.868665497351457
516,0.235060902310942,0.764939097689058
517,0.453078922097993,0.546921077902007
518,0.950180217749032,0.0498197822509677
519,0.814321368428666,0.185678631571334
520,0.278096800819048,0.721903199180952
521,0.506605015697189,0.493394984302811
522,0.171903938097619,0.828096061902381
523,0.200050563953429,0.799949436046571
524,0.311400443143415,0.688599556856585
525,0.739655465406681,0.260344534593319
526,0.392118112996816,0.607881887003184
527,0.374959967755237,0.625040032244763
528,0.374044907042875,0.625955092957125
529,0.358205146860218,0.641794853139782
530,0.975860642748296,0.0241393572517044
531,0.756911062364148,0.243088937635852
532,0.150901168861298,0.849098831138702
533,0.239842895004188,0.760157104995812
534,0.232937754479669,0.767062245520331
535,0.521728291173833,0.478271708826167
536,0.170930544940114,0.829069455059886
537,0.22589427515799,0.77410572484201
538,0.859826822218412,0.140173177781588
539,0.152411223035404,0.847588776964596
540,0.582766452303651,0.417233547696349
541,0.551383290020936,0.448616709979064
542,0.851768084920583,0.148231915079417
543,0.265977338015023,0.734022661984977
544,0.252616106814331,0.747383893185669
545,0.135906774781086,0.864093225218914
546,0.787618122736827,0.212381877263173
547,0.299907950038626,0.700092049961374
548,0.487260384072597,0.512739615927403
549,0.46044207616507,0.53955792383493
550,0.177284731923089,0.822715268076911
551,0.454264590700607,0.545735409299393
552,0.243510910758705,0.756489089241295
553,0.0439780959869549,0.956021904013045
554,0.167963799244937,0.832036200755063
555,0.853328698754952,0.146671301245048
556,0.133717759477791,0.866282240522209
557,0.249919180389833,0.750080819610167
558,0.855901101871236,0.144098898128764
559,0.73928107452643,0.26071892547357
560,0.190068257158341,0.809931742841659
561,0.544921071157209,0.455078928842791
562,0.795355827107218,0.204644172892782
563,0.285373793393446,0.714626206606554
564,0.583939830754698,0.416060169245302
565,0.861527518151473,0.138472481848527
566,0.112801652278477,0.887198347721523
567,0.196854799874278,0.803145200125722
568,0.691752971435828,0.308247028564172
569,0.57266767122126,0.42733232877874
570,0.810138764880652,0.189861235119348
571,0.488465578988936,0.511534421011064
572,0.858811370950785,0.141188629049215
573,0.79675034559392,0.20324965440608
574,0.468500703731865,0.531499296268135
575,0.329975892896603,0.670024107103397
576,0.489325474561798,0.510674525438202
577,0.234533612545069,0.765466387454931
578,0.828609508937968,0.171390491062032
579,0.195626423234096,0.804373576765904
580,0.435022533038182,0.564977466961818
581,0.344057559986974,0.655942440013026
582,0.620964891917224,0.379035108082776
583,0.364937777906299,0.635062222093701
584,0.773848393297473,0.226151606702527
585,0.748727730384059,0.251272269615941
586,0.431541649714592,0.568458350285408
587,0.184996926012427,0.815003073987573
588,0.227653366546186,0.772346633453814
589,0.849628030275076,0.150371969724924
590,0.570686201246447,0.429313798753553
591,0.813800225497567,0.186199774502433
592,0.272135708847727,0.727864291152273
593,0.297215986263251,0.702784013736749
594,0.891315495115236,0.108684504884764
595,0.33690356764427,0.66309643235573
596,0.447184861714757,0.552815138285243
597,0.708561635208474,0.291438364791526
598,0.506911730957284,0.493088269042716
599,0.547323143669174,0.452676856330826
600,0.173081688593547,0.826918311406453
601,0.198184065720133,0.801815934279867
602,0.649178256325676,0.350821743674324
603,0.439566730099354,0.560433269900646
604,0.790950814858302,0.209049185141698
605,0.951586386608337,0.0484136133916626
606,0.0669542378562707,0.933045762143729
607,0.633264438380713,0.366735561619287
608,0.365916035175309,0.634083964824691
609,0.794546964628512,0.205453035371488
610,0.860868572000885,0.139131427999115
611,0.876781880350928,0.123218119649072
612,0.181359293281562,0.818640706718438
613,0.160258134188481,0.839741865811519
614,0.80454268014631,0.19545731985369
615,0.140638599554073,0.859361400445927
616,0.638057188945491,0.361942811054509
617,0.214335002999358,0.785664997000642
618,0.140984146713877,0.859015853286123
619,0.805703045015581,0.194296954984419
620,0.384547851044817,0.615452148955183
621,0.250225726944518,0.749774273055482
622,0.775044624270635,0.224955375729365
623,0.0158948771989923,0.984105122801008
624,0.273358099760633,0.726641900239367
625,0.305620021427651,0.694379978572349
626,0.216580418403165,0.783419581596835
627,0.456578216661094,0.543421783338906
628,0.103215226848636,0.896784773151364
629,0.574012606000919,0.425987393999081
630,0.133686887393606,0.866313112606394
631,0.328810812223358,0.671189187776642
632,0.802946973382648,0.197053026617352
633,0.320183365287807,0.679816634712193
634,0.435739923285315,0.564260076714685
635,0.202636467457851,0.797363532542149
636,0.869222602693586,0.130777397306414
637,0.364569624416534,0.635430375583466
638,0.412055173010083,0.587944826989917
639,0.34837525854926,0.65162474145074
640,0.799039160233802,0.200960839766198
641,0.488170094790202,0.511829905209798
642,0.774148907560688,0.225851092439312
643,0.711456939616004,0.288543060383996
644,0.829985153938893,0.170014846061107
645,0.455900514276581,0.544099485723419
646,0.720167778292048,0.279832221707952
647,0.229933170523544,0.770066829476456
648,0.441263523543708,0.558736476456292
649,0.129935173037301,0.870064826962699
650,0.449886400350339,0.550113599649661
651,0.918424476880905,0.0815755231190953
652,0.724449551538957,0.275550448461043
653,0.709467809500534,0.290532190499466
654,0.689366750077386,0.310633249922614
655,0.191296027940362,0.808703972059638
656,0.0280170540525789,0.971982945947421
657,0.249840708939735,0.750159291060265
658,0.34858028314755,0.65141971685245
659,0.820047487298976,0.179952512701024
660,0.603806886688639,0.396193113311361
661,0.13524004082478,0.86475995917522
662,0.643226305230774,0.356773694769226
663,0.194639556312948,0.805360443687052
664,0.616596788315003,0.383403211684997
665,0.180324863152578,0.819675136847422
666,0.505840478185109,0.494159521814891
667,0.491829088612193,0.508170911387807
668,0.592754545354421,0.407245454645579
669,0.2130868817663,0.7869131182337
670,0.599394101149232,0.400605898850768
671,0.757082866657939,0.242917133342061
672,0.570049456314071,0.429950543685929
673,0.738499181227674,0.261500818772326
674,0.220226682836147,0.779773317163853
675,0.567182684553617,0.432817315446383
676,0.89702870684012,0.10297129315988
677,0.786835537299589,0.213164462700411
678,0.819500591183581,0.180499408816419
679,0.566565490776969,0.433434509223031
680,0.229741085972533,0.770258914027467
681,0.668528561381297,0.331471438618703
682,0.558802148451556,0.441197851548444
683,0.202057524041629,0.797942475958371
684,0.830645199876763,0.169354800123237
685,0.744242023353506,0.255757976646494
686,0.201682170385213,0.798317829614787
687,0.176232873234339,0.823767126765661
688,0.8074809216313,0.1925190783687
689,0.299850895353632,0.700149104646368
690,0.71035817585804,0.28964182414196
691,0.259391687224239,0.740608312775761
692,0.741342236654298,0.258657763345702
693,0.79970217849479,0.20029782150521
694,0.514474216528999,0.485525783471001
695,0.505833798078278,0.494166201921722
696,0.71602384092694,0.28397615907306
697,0.33554341822701,0.66445658177299
698,0.828087860492345,0.171912139507655
699,0.788197246950975,0.211802753049025
700,0.46706169285622,0.53293830714378
701,0.266673110250272,0.733326889749728
702,0.238487960797013,0.761512039202987
703,0.443076191309065,0.556923808690935
704,0.378259153303961,0.621740846696039
705,0.876818124093028,0.123181875906972
706,0.126997390757252,0.873002609242748
707,0.085833261364634,0.914166738635366
708,0.849155696047198,0.150844303952802
709,0.416824079070741,0.583175920929259
710,0.496679188540422,0.503320811459578
711,0.344121884290538,0.655878115709462
712,0.836791662722525,0.163208337277475
713,0.182903389299488,0.817096610700512
714,0.552033758826193,0.447966241173808
715,0.200486623137766,0.799513376862234
716,0.800729356078634,0.199270643921366
717,0.244333602442655,0.755666397557345
718,0.103068476010024,0.896931523989976
719,0.815486362542689,0.184513637457311
720,0.801557277998108,0.198442722001892
721,0.779774710859077,0.220225289140923
722,0.681230912875939,0.318769087124061
723,0.2589990785152,0.7410009214848
724,0.899217234264098,0.100782765735902
725,0.860539571052047,0.139460428947953
726,0.532602382405597,0.467397617594403
727,0.171344478030178,0.828655521969822
728,0.267643660444686,0.732356339555314
729,0.472059212757888,0.527940787242112
730,0.631387027680164,0.368612972319836
731,0.161762674156238,0.838237325843762
732,0.90027537131508,0.0997246286849203
733,0.211694757744977,0.788305242255023
734,0.171474002496618,0.828525997503382
735,0.551487740542926,0.448512259457074
736,0.779906021947445,0.220093978052555
737,0.58479789581433,0.41520210418567
738,0.28017469854682,0.71982530145318
739,0.780189805953914,0.219810194046086
740,0.906229866785658,0.0937701332143416
741,0.913765095939786,0.0862349040602141
742,0.382932914509908,0.617067085490092
743,0.182153254604472,0.817846745395528
744,0.104055205365444,0.895944794634556
745,0.119841547578591,0.880158452421409
746,0.547303957092277,0.452696042907723
747,0.764720246187673,0.235279753812327
748,0.836250353829909,0.163749646170091
749,0.198139729130506,0.801860270869494
750,0.315945314258524,0.684054685741476
751,0.200776557842131,0.799223442157869
752,0.381866905265723,0.618133094734277
753,0.726654998412979,0.273345001587021
754,0.0427899388854796,0.95721006111452
755,0.514787728730558,0.485212271269442
756,0.837046560749809,0.162953439250191
757,0.621373183005758,0.378626816994242
758,0.139976510547565,0.860023489452435
759,0.463560354523141,0.536439645476859
760,0.865716027984935,0.134283972015065
761,0.139473494630002,0.860526505369998
762,0.14016727642332,0.85983272357668
763,0.277713688278066,0.722286311721934
764,0.911669157487852,0.0883308425121476
765,0.244426007795783,0.755573992204217
766,0.479428941131457,0.520571058868543
767,0.856384281567957,0.143615718432043
768,0.671772922409057,0.328227077590943
769,0.903844764550576,0.0961552354494239
770,0.8615163898846,0.1384836101154
771,0.239849041271597,0.760150958728403
772,0.198221031401022,0.801778968598978
773,0.180000453071341,0.819999546928659
774,0.35952225582405,0.64047774417595
775,0.808028961434782,0.191971038565218
776,0.450999540370531,0.549000459629469
777,0.354802180749334,0.645197819250666
778,0.75474438137182,0.24525561862818
779,0.83203410205191,0.16796589794809
780,0.171959281163795,0.828040718836205
781,0.351411209783429,0.648588790216571
782,0.43855179656119,0.56144820343881
783,0.731922514583156,0.268077485416844
784,0.812486999587537,0.187513000412463
785,0.809529101360777,0.190470898639223
786,0.324378450623389,0.675621549376611
787,0.708291139968636,0.291708860031364
788,0.598039835096086,0.401960164903914
789,0.20028165708484,0.79971834291516
790,0.806953905978252,0.193046094021748
791,0.536540355541067,0.463459644458933
792,0.808944455103494,0.191055544896506
793,0.801214257372365,0.198785742627635
794,0.238872948994045,0.761127051005955
795,0.0206472546472173,0.979352745352783
796,0.463964191687716,0.536035808312284
797,0.292128098767851,0.707871901232149
798,0.255065387746754,0.744934612253246
799,0.790586266161655,0.209413733838345
800,0.637290571900022,0.362709428099978
801,0.229043275744512,0.770956724255488
802,0.6327175200291,0.3672824799709
803,0.755174857115313,0.244825142884687
804,0.516474989267043,0.483525010732957
805,0.249167685204801,0.750832314795199
806,0.34085620091948,0.65914379908052
807,0.201281170274581,0.798718829725419
808,0.958038067239398,0.0419619327606023
809,0.0355666089477831,0.964433391052217
810,0.816147378209379,0.183852621790621
811,0.30158857402768,0.69841142597232
812,0.800682828838555,0.199317171161445
813,0.237988596027907,0.762011403972093
814,0.277818093734883,0.722181906265117
815,0.780600603991881,0.219399396008119
816,0.942397867958967,0.0576021320410327
817,0.111404773482647,0.888595226517353
818,0.847825091305737,0.152174908694263
819,0.30359493601681,0.69640506398319
820,0.538623664587576,0.461376335412424
821,0.62223600292272,0.37776399707728
822,0.58986993510979,0.41013006489021
823,0.565228176556658,0.434771823443342
824,0.0967945124855428,0.903205487514457
825,0.0634628142400147,0.936537185759985
826,0.811016103352683,0.188983896647317
827,0.0796015491841863,0.920398450815814
828,0.214564352496799,0.785435647503201
829,0.287493458274968,0.712506541725032
830,0.562354985800092,0.437645014199908
831,0.7487290931563,0.2512709068437
832,0.463619774421671,0.536380225578329
833,0.745286343449371,0.254713656550629
834,0.153957866411159,0.846042133588841
835,0.243883905360147,0.756116094639853
836,0.634771974210696,0.365228025789304
837,0.101021640427578,0.898978359572422
838,0.217106054456747,0.782893945543253
839,0.5977043915139,0.4022956084861
840,0.607416651559652,0.392583348440348
841,0.474382567152671,0.525617432847329
842,0.376537417565842,0.623462582434158
843,0.287841361426355,0.712158638573645
844,0.809231580190865,0.190768419809135
845,0.229816945603293,0.770183054396707
846,0.22146618785644,0.77853381214356
847,0.350699721776098,0.649300278223902
848,0.814005973643092,0.185994026356908
849,0.0569512173200236,0.943048782679976
850,0.611333221753788,0.388666778246212
851,0.354255793990379,0.645744206009621
852,0.101747354950039,0.898252645049961
853,0.441185986652574,0.558814013347426
854,0.817989959069132,0.182010040930868
855,0.301022118977418,0.698977881022582
856,0.0597947047291879,0.940205295270812
857,0.189994875411113,0.810005124588887
858,0.709369805222798,0.290630194777202
859,0.894565692534163,0.105434307465837
860,0.801252443958444,0.198747556041556
861,0.58943178625622,0.41056821374378
862,0.304878426477884,0.695121573522116
863,0.795053181717771,0.204946818282229
864,0.789341629542788,0.210658370457212
865,0.863753245337244,0.136246754662756
866,0.47271409964989,0.52728590035011
867,0.268725984342936,0.731274015657064
868,0.842280761800573,0.157719238199427
869,0.185853053528328,0.814146946471672
870,0.7325757293162,0.2674242706838
871,0.309971019077324,0.690028980922676
872,0.851845340041632,0.148154659958368
873,0.68383995054685,0.31616004945315
874,0.0674810875823871,0.932518912417613
875,0.605099383662524,0.394900616337476
876,0.514964018966123,0.485035981033877
877,0.906537497826433,0.0934625021735669
878,0.0891319323533539,0.910868067646646
879,0.146485798170165,0.853514201829835
880,0.571280651035443,0.428719348964557
881,0.726493950107684,0.273506049892316
882,0.195730994501245,0.804269005498755
883,0.694158002872251,0.305841997127749
884,0.103825757861906,0.896174242138094
885,0.969080539863274,0.0309194601367258
886,0.310920491886664,0.689079508113336
887,0.123607168208675,0.876392831791325
888,0.0943792596544378,0.905620740345562
889,0.803842521351396,0.196157478648604
890,0.539583045930004,0.460416954069996
891,0.752712036007324,0.247287963992676
892,0.544799346173655,0.455200653826345
893,0.710235450818865,0.289764549181135
894,0.376459422220644,0.623540577779356
895,0.594647388466132,0.405352611533868
896,0.79317131189992,0.20682868810008
897,0.832467557135935,0.167532442864065
898,0.392423553175848,0.607576446824152
899,0.665923563504982,0.334076436495018
900,0.484796833034108,0.515203166965892
901,0.213382833841889,0.786617166158111
902,0.868720334643561,0.131279665356439
903,0.206707771529967,0.793292228470033
904,0.383753493642658,0.616246506357342
905,0.662142407297778,0.337857592702222
906,0.428723129773751,0.571276870226249
907,0.377936801188659,0.622063198811341
908,0.148810671209941,0.851189328790059
909,0.144762196041609,0.855237803958391
910,0.897043353647546,0.102956646352454
911,0.423842209435842,0.576157790564158
912,0.834461599547247,0.165538400452753
913,0.807219874427779,0.192780125572221
914,0.745440717337875,0.254559282662125
915,0.21400251194556,0.78599748805444
916,0.531119050599322,0.468880949400678
917,0.876727369297962,0.123272630702038
918,0.273411094700163,0.726588905299837
919,0.777587107196746,0.222412892803254
920,0.787584377684301,0.212415622315699
921,0.869938881187056,0.130061118812944
922,0.255638303964982,0.744361696035018
923,0.157338532253534,0.842661467746466
924,0.905099768173789,0.0949002318262111
925,0.799223888780263,0.200776111219737
926,0.0588660677363478,0.941133932263652
927,0.240174508635917,0.759825491364083
928,0.409288299235695,0.590711700764305
929,0.74080101808477,0.25919898191523
930,0.695464003455145,0.304535996544855
931,0.812234739489339,0.187765260510661
932,0.29580139680133,0.70419860319867
933,0.86230437506713,0.13769562493287
934,0.194275362642007,0.805724637357993
935,0.180826729311458,0.819173270688542
936,0.870263053340681,0.129736946659319
937,0.793799629974026,0.206200370025974
938,0.36714064244915,0.63285935755085
939,0.386338110389919,0.613661889610081
940,0.384450917280196,0.615549082719804
941,0.134677299141889,0.865322700858111
942,0.28627652293298,0.71372347706702
943,0.87882801200266,0.12117198799734
944,0.301897985803783,0.698102014196217
945,0.928001593705789,0.0719984062942108
946,0.0776571721779868,0.922342827822013
947,0.361760143312267,0.638239856687733
948,0.209376328364962,0.790623671635038
949,0.897131219126536,0.102868780873464
950,0.496975426449559,0.503024573550441
951,0.600580476977411,0.399419523022589
952,0.73677533748072,0.26322466251928
953,0.171263595986568,0.828736404013432
954,0.729406067116132,0.270593932883868
955,0.412453748185522,0.587546251814478
956,0.208318575143481,0.791681424856519
957,0.102382885113915,0.897617114886085
958,0.384302390130448,0.615697609869552
959,0.930257394563951,0.0697426054360495
960,0.74758880848464,0.25241119151536
961,0.777219036422566,0.222780963577434
962,0.161817088428519,0.838182911571481
963,0.576768978436225,0.423231021563775
964,0.460381083666043,0.539618916333957
965,0.6621198112249,0.3378801887751
966,0.239338925722978,0.760661074277022
967,0.211035930336311,0.788964069663689
968,0.196478154804459,0.803521845195541
969,0.588251807302815,0.411748192697185
970,0.911129712129863,0.0888702878701367
971,0.827015722922354,0.172984277077646
972,0.18610597560387,0.81389402439613
973,0.146151849286216,0.853848150713784
974,0.213619397683572,0.786380602316428
975,0.396689914371319,0.603310085628681
976,0.355483583952935,0.644516416047065
977,0.409288299235695,0.590711700764305
978,0.557404937654079,0.442595062345921
979,0.0656098203669365,0.934390179633063
980,0.329397071739392,0.670602928260608
981,0.194873705642797,0.805126294357203
982,0.259201390788083,0.740798609211917
983,0.266524105293689,0.733475894706311
984,0.824168858359957,0.175831141640043
985,0.111404773482647,0.888595226517353
986,0.563325408591815,0.436674591408185
987,0.793835702258032,0.206164297741968
988,0.862923681491382,0.137076318508618
989,0.224022916405493,0.775977083594507
990,0.854370665470272,0.145629334529728
991,0.884950679249404,0.115049320750596
992,0.181966675855728,0.818033324144272
993,0.372227772659937,0.627772227340063
994,0.550382327587195,0.449617672412805
995,0.0636998205058613,0.936300179494139
996,0.226052914005756,0.773947085994244
997,0.786387654283128,0.213612345716872
998,0.212787348211915,0.787212651788085
999,0.321013256805008,0.678986743194992
1000,0.541350130174367,0.458649869825633
1001,0.106895703028943,0.893104296971057
1002,0.157192727156686,0.842807272843314
