"ID","Choice0","Choice1"
1,0.554886138584728,0.445113861415272
2,0.707820885742361,0.292179114257639
3,0.593620282549645,0.406379717450355
4,0.927594556441659,0.0724054435583415
5,0.350518750431031,0.649481249568969
6,0.603320456001364,0.396679543998636
7,0.486487210291859,0.513512789708141
8,0.301707916974586,0.698292083025414
9,0.0575970620949297,0.94240293790507
10,0.468185880517012,0.531814119482988
11,0.410210774831796,0.589789225168204
12,0.482266969068143,0.517733030931857
13,0.661850421718998,0.338149578281002
14,0.544076549601011,0.455923450398989
15,0.681873959678984,0.318126040321016
16,0.464552327773688,0.535447672226312
17,0.282983700718045,0.717016299281955
18,0.37498869824848,0.62501130175152
19,0.575907718988049,0.424092281011951
20,0.381512760718262,0.618487239281738
21,0.675454669621297,0.324545330378703
22,0.459626496179366,0.540373503820634
23,0.752849933040871,0.247150066959129
24,0.580002052368719,0.419997947631281
25,0.523127039569687,0.476872960430313
26,0.500728571721678,0.499271428278322
27,0.31884533708865,0.68115466291135
28,0.494252113192834,0.505747886807166
29,0.225193354861772,0.774806645138228
30,0.386719172893644,0.613280827106356
31,0.545579388992248,0.454420611007752
32,0.510739336833726,0.489260663166274
33,0.507751022936982,0.492248977063018
34,0.489666545361745,0.510333454638255
35,0.636784483263415,0.363215516736585
36,0.526592990407655,0.473407009592345
37,0.213535874940463,0.786464125059537
38,0.583848454742848,0.416151545257152
39,0.475690082118172,0.524309917881828
40,0.467515886147833,0.532484113852167
41,0.38424685614251,0.61575314385749
42,0.832312764604619,0.167687235395381
43,0.938156449763086,0.0618435502369136
44,0.580543945166583,0.419456054833417
45,0.3676328938442,0.6323671061558
46,0.610283424632619,0.389716575367381
47,0.491479432987599,0.508520567012401
48,0.419507983426867,0.580492016573133
49,0.822561615429679,0.177438384570321
50,0.578140514547014,0.421859485452986
51,0.553717394744762,0.446282605255238
52,0.719341031521845,0.280658968478155
53,0.532965986408254,0.467034013591746
54,0.264997565403479,0.73500243459652
55,0.557230592668968,0.442769407331032
56,0.921240774306919,0.0787592256930808
57,0.546574105825492,0.453425894174508
58,0.37109344912209,0.62890655087791
59,0.554206303371485,0.445793696628515
60,0.467832759841994,0.532167240158006
61,0.0542068731897601,0.94579312681024
62,0.451603855506336,0.548396144493664
63,0.463253056781064,0.536746943218936
64,0.384637910548272,0.615362089451728
65,0.707258799272911,0.292741200727089
66,0.873032308326285,0.126967691673715
67,0.213729138116505,0.786270861883494
68,0.482152258089013,0.517847741910987
69,0.214558537500213,0.785441462499787
70,0.344528883518929,0.655471116481071
71,0.368115818690873,0.631884181309127
72,0.333123576015028,0.666876423984972
73,0.229545154658908,0.770454845341092
74,0.543060229805614,0.456939770194386
75,0.213343030365212,0.786656969634788
76,0.496099824400794,0.503900175599206
77,0.231881618188302,0.768118381811699
78,0.951480070396325,0.048519929603675
79,0.487835535928855,0.512164464071145
80,0.426766579047012,0.573233420952988
81,0.476279717860058,0.523720282139942
82,0.510752622282811,0.489247377717188
83,0.443783119014683,0.556216880985317
84,0.434602847999377,0.565397152000623
85,0.537179743712085,0.462820256287915
86,0.676389656166483,0.323610343833517
87,0.560277395115444,0.439722604884556
88,0.320157458043957,0.679842541956043
89,0.483717176334658,0.516282823665342
90,0.276711062179693,0.723288937820307
91,0.615957034394827,0.384042965605173
92,0.566975590321374,0.433024409678626
93,0.290488357513027,0.709511642486973
94,0.602841288738359,0.397158711261641
95,0.484654182446015,0.515345817553985
96,0.330779157591114,0.669220842408886
97,0.648106374369488,0.351893625630512
98,0.485864191375299,0.514135808624701
99,0.620785203332439,0.379214796667561
100,0.951148173357374,0.0488518266426264
101,0.422962744373319,0.577037255626681
102,0.477885136075039,0.522114863924961
103,0.380916527095602,0.619083472904398
104,0.23232572904963,0.76767427095037
105,0.806792738747701,0.193207261252299
106,0.527229667589893,0.472770332410107
107,0.475927695533082,0.524072304466918
108,0.127473347688129,0.872526652311871
109,0.394171011299961,0.605828988700039
110,0.396340160566976,0.603659839433024
111,0.611438668554545,0.388561331445456
112,0.564379100394348,0.435620899605652
113,0.35955357368766,0.64044642631234
114,0.841371927902455,0.158628072097545
115,0.379513634462951,0.620486365537049
116,0.667861404034016,0.332138595965984
117,0.600009125901398,0.399990874098603
118,0.254945332696088,0.745054667303912
119,0.625630383624158,0.374369616375842
120,0.510245526009697,0.489754473990304
121,0.469903929093154,0.530096070906846
122,0.781144764002544,0.218855235997456
123,0.504801445977883,0.495198554022117
124,0.46283846872239,0.53716153127761
125,0.344533665544759,0.655466334455241
126,0.817571310150288,0.182428689849712
127,0.613386791320352,0.386613208679648
128,0.566325792766143,0.433674207233857
129,0.477007414398966,0.522992585601034
130,0.508122292420312,0.491877707579688
131,0.242600528505959,0.757399471494041
132,0.401771406581459,0.598228593418541
133,0.295764998926515,0.704235001073485
134,0.94299405963404,0.0570059403659597
135,0.258577430839993,0.741422569160007
136,0.518269086099924,0.481730913900076
137,0.578703170906548,0.421296829093452
138,0.434506420043403,0.565493579956597
139,0.184631260729861,0.815368739270139
140,0.0554636354798363,0.944536364520164
141,0.415672047082925,0.584327952917075
142,0.324657718777597,0.675342281222403
143,0.391498429275303,0.608501570724697
144,0.527688926422311,0.472311073577689
145,0.572897110285087,0.427102889714913
146,0.5295825387279,0.4704174612721
147,0.53535938134131,0.46464061865869
148,0.588965559107218,0.411034440892782
149,0.124582505569161,0.875417494430839
150,0.295825985672302,0.704174014327698
151,0.348213560655505,0.651786439344495
152,0.465597059998571,0.534402940001429
153,0.352890569180216,0.647109430819784
154,0.694651022027967,0.305348977972033
155,0.695026410923503,0.304973589076497
156,0.759999535713788,0.240000464286213
157,0.543205890186153,0.456794109813847
158,0.305905907632699,0.694094092367301
159,0.427738851695004,0.572261148304996
160,0.58341203010074,0.41658796989926
161,0.644754024797944,0.355245975202056
162,0.865084451160028,0.134915548839972
163,0.306884315474563,0.693115684525437
164,0.741766205717665,0.258233794282335
165,0.31935511283807,0.68064488716193
166,0.476734186927532,0.523265813072468
167,0.172538575934692,0.827461424065308
168,0.376469424958811,0.623530575041189
169,0.407697712915763,0.592302287084237
170,0.419821429761884,0.580178570238116
171,0.436675993385571,0.563324006614429
172,0.368501604155075,0.631498395844925
173,0.309658394600378,0.690341605399622
174,0.708526297192936,0.291473702807064
175,0.229903456870472,0.770096543129528
176,0.162654595469998,0.837345404530002
177,0.357699121438595,0.642300878561405
178,0.481404866087729,0.518595133912271
179,0.592613323952606,0.407386676047394
180,0.515530635868896,0.484469364131104
181,0.757790706584657,0.242209293415343
182,0.514456100727966,0.485543899272034
183,0.390242484517869,0.609757515482131
184,0.0831069867900699,0.91689301320993
185,0.580477144061698,0.419522855938302
186,0.807916319606002,0.192083680393998
187,0.310884517297502,0.689115482702498
188,0.616328246518755,0.383671753481246
189,0.437254887821171,0.562745112178829
190,0.321656926377458,0.678343073622543
191,0.37720244730094,0.62279755269906
192,0.403370903052978,0.596629096947022
193,0.408224406447628,0.591775593552372
194,0.403523757413112,0.596476242586888
195,0.428238243753893,0.571761756246107
196,0.501448643066043,0.498551356933957
197,0.284198444952085,0.715801555047915
198,0.192972648060885,0.807027351939115
199,0.242876025784436,0.757123974215564
200,0.526431811387631,0.473568188612369
201,0.532491794274356,0.467508205725644
202,0.407193560961779,0.592806439038221
203,0.498643312508839,0.501356687491161
204,0.29715491295372,0.70284508704628
205,0.656928162296553,0.343071837703447
206,0.659795024203179,0.340204975796821
207,0.334213193640596,0.665786806359404
208,0.786428045448635,0.213571954551365
209,0.685077716458214,0.314922283541786
210,0.476659182168591,0.523340817831409
211,0.0960929092713464,0.903907090728654
212,0.729130854472302,0.270869145527698
213,0.485979462975735,0.514020537024265
214,0.672244715044572,0.327755284955428
215,0.349492162022095,0.650507837977905
216,0.684273431598617,0.315726568401383
217,0.768319092755832,0.231680907244168
218,0.521719256752924,0.478280743247076
219,0.0618771818090074,0.938122818190993
220,0.448985010012217,0.551014989987783
221,0.441256301310348,0.558743698689652
222,0.749362058796595,0.250637941203404
223,0.374863762040291,0.625136237959709
224,0.261132588659168,0.738867411340832
225,0.574346122112099,0.425653877887901
226,0.529443161897017,0.470556838102983
227,0.539543003641987,0.460456996358013
228,0.490234932520675,0.509765067479325
229,0.433065825896349,0.566934174103652
230,0.685546096253269,0.314453903746731
231,0.223974403451304,0.776025596548696
232,0.556021860071533,0.443978139928467
233,0.810016722820911,0.189983277179089
234,0.867415381257884,0.132584618742116
235,0.555140640339027,0.444859359660973
236,0.428942875544026,0.571057124455974
237,0.346428361477032,0.653571638522968
238,0.395250035887639,0.604749964112361
239,0.197359042056115,0.802640957943885
240,0.222511155998302,0.777488844001698
241,0.534865815931649,0.465134184068351
242,0.879096958745842,0.120903041254158
243,0.620832143793294,0.379167856206706
244,0.634193590325968,0.365806409674032
245,0.485252318332833,0.514747681667167
246,0.437685522303394,0.562314477696605
247,0.271138434224778,0.728861565775221
248,0.818378625032579,0.181621374967421
249,0.562221635280688,0.437778364719312
250,0.518428469650286,0.481571530349714
251,0.487379999748137,0.512620000251863
252,0.427850087632423,0.572149912367577
253,0.664884828669717,0.335115171330283
254,0.279888730424638,0.720111269575363
255,0.269972511598033,0.730027488401967
256,0.484357191428406,0.515642808571595
257,0.698900676580717,0.301099323419283
258,0.540320639063871,0.459679360936129
259,0.319662657828448,0.680337342171552
260,0.699009879320502,0.300990120679498
261,0.788166841452634,0.211833158547365
262,0.346438139432078,0.653561860567922
263,0.221078065553114,0.778921934446886
264,0.755960597845081,0.244039402154919
265,0.477776333969387,0.522223666030613
266,0.395619735362895,0.604380264637105
267,0.443084565423571,0.556915434576429
268,0.264341953861868,0.735658046138132
269,0.290186112858537,0.709813887141463
270,0.497477960336836,0.502522039663164
271,0.746963997536343,0.253036002463657
272,0.639391272089433,0.360608727910567
273,0.490334300731199,0.509665699268801
274,0.425804056984134,0.574195943015866
275,0.443221503991094,0.556778496008906
276,0.508640362593437,0.491359637406563
277,0.295265991270084,0.704734008729916
278,0.0491575609684733,0.950842439031527
279,0.530330937502489,0.469669062497511
280,0.471686718894939,0.528313281105061
281,0.884369653364993,0.115630346635007
282,0.3663969929426,0.6336030070574
283,0.0566059010041859,0.943394098995814
284,0.425637321321122,0.574362678678878
285,0.48749780413595,0.51250219586405
286,0.494763575944184,0.505236424055816
287,0.101314183096086,0.898685816903914
288,0.537912682855529,0.462087317144471
289,0.384910315609653,0.615089684390347
290,0.46267026095208,0.53732973904792
291,0.394709979010651,0.605290020989349
292,0.0812467647608477,0.918753235239152
293,0.624812293020299,0.375187706979701
294,0.802983961577533,0.197016038422467
295,0.595341099839477,0.404658900160523
296,0.543949097298787,0.456050902701213
297,0.39153008421793,0.60846991578207
298,0.202938037403966,0.797061962596034
299,0.40448980528604,0.59551019471396
300,0.509819925524031,0.490180074475969
301,0.8672974576764,0.1327025423236
302,0.170810131473826,0.829189868526174
303,0.454514358092412,0.545485641907588
304,0.297959109063942,0.702040890936058
305,0.372476673204882,0.627523326795118
306,0.870307695518299,0.129692304481701
307,0.254864359640278,0.745135640359722
308,0.757642808681677,0.242357191318323
309,0.317293518501421,0.682706481498579
310,0.830246379261386,0.169753620738614
311,0.147175947628067,0.852824052371933
312,0.567011330817242,0.432988669182758
313,0.0311717232639501,0.96882827673605
314,0.152872266055015,0.847127733944985
315,0.217710705934661,0.782289294065339
316,0.529256784285876,0.470743215714124
317,0.2016679312879,0.7983320687121
318,0.587893235280974,0.412106764719026
319,0.472834095208219,0.527165904791781
320,0.241044605623277,0.758955394376723
321,0.527796055050484,0.472203944949516
322,0.470706406995059,0.529293593004941
323,0.603529200802921,0.396470799197079
324,0.66319346134792,0.33680653865208
325,0.175191942633357,0.824808057366643
326,0.646424292157237,0.353575707842763
327,0.938996360947411,0.0610036390525885
328,0.714057608134345,0.285942391865655
329,0.572580184856007,0.427419815143993
330,0.394988017471183,0.605011982528817
331,0.480411110523254,0.519588889476746
332,0.657902935593614,0.342097064406386
333,0.55243696180365,0.44756303819635
334,0.524204130434368,0.475795869565632
335,0.118894922489906,0.881105077510094
336,0.568088275656714,0.431911724343286
337,0.636066099175181,0.363933900824819
338,0.553950402857359,0.446049597142641
339,0.503696632300917,0.496303367699083
340,0.492312859857756,0.507687140142244
341,0.497779562368454,0.502220437631546
342,0.641894297479391,0.358105702520609
343,0.4804764881806,0.5195235118194
344,0.36668398049458,0.63331601950542
345,0.580405836383017,0.419594163616983
346,0.528410454530251,0.471589545469749
347,0.326344233359394,0.673655766640606
348,0.638844241331615,0.361155758668385
349,0.413105299125086,0.586894700874914
350,0.0103433638944271,0.989656636105573
351,0.644654848099543,0.355345151900457
352,0.497219051811602,0.502780948188398
353,0.0558839914403085,0.944116008559691
354,0.241456559995523,0.758543440004477
355,0.76708659451451,0.23291340548549
356,0.528400377787302,0.471599622212698
357,0.420852524349878,0.579147475650122
358,0.39206916403107,0.60793083596893
359,0.17659816793453,0.82340183206547
360,0.521142884614752,0.478857115385248
361,0.613097405292259,0.386902594707741
362,0.180156438125198,0.819843561874802
363,0.376780801752427,0.623219198247573
364,0.291541078323023,0.708458921676977
365,0.522685674933768,0.477314325066232
366,0.585747640848315,0.414252359151685
367,0.263147005306215,0.736852994693785
368,0.942718152842866,0.0572818471571343
369,0.384407398224017,0.615592601775983
370,0.479823070682205,0.520176929317795
371,0.0694651544486868,0.930534845551313
372,0.507848827483871,0.492151172516129
373,0.665614571248963,0.334385428751037
374,0.476332889145725,0.523667110854275
375,0.491446649640543,0.508553350359457
376,0.333300013374923,0.666699986625077
377,0.708511437938533,0.291488562061467
378,0.736758563223261,0.263241436776739
379,0.448458792149042,0.551541207850958
380,0.415975704146154,0.584024295853846
381,0.662226214725999,0.337773785274001
382,0.373446130090125,0.626553869909875
383,0.682206638734516,0.317793361265484
384,0.27612533734615,0.72387466265385
385,0.934688897529804,0.0653111024701956
386,0.970944641861054,0.0290553581389459
387,0.549050563323932,0.450949436676068
388,0.566807909224019,0.433192090775981
389,0.837719443674508,0.162280556325492
390,0.201620109992676,0.798379890007324
391,0.456969138777871,0.543030861222129
392,0.0726573441417545,0.927342655858246
393,0.480780299083794,0.519219700916206
394,0.481117005898381,0.518882994101619
395,0.470801437568525,0.529198562431475
396,0.0404067738936349,0.959593226106365
397,0.595149475335342,0.404850524664658
398,0.104700578724723,0.895299421275277
399,0.517434031296691,0.482565968703309
400,0.536945620240401,0.463054379759599
401,0.360217415524627,0.639782584475373
402,0.47434029976899,0.52565970023101
403,0.49922777616102,0.50077222383898
404,0.462105325218952,0.537894674781048
405,0.648226400066974,0.351773599933026
406,0.491409578441498,0.508590421558502
407,0.763891144560242,0.236108855439758
408,0.58721940683689,0.41278059316311
409,0.27843665590236,0.72156334409764
410,0.499153384952005,0.500846615047995
411,0.428173562490466,0.571826437509534
412,0.423748643453214,0.576251356546786
413,0.327522837483985,0.672477162516015
414,0.977762351345965,0.0222376486540347
415,0.357769744618569,0.642230255381431
416,0.276800133354865,0.723199866645135
417,0.542837718256445,0.457162281743555
418,0.383251860125026,0.616748139874974
419,0.451963896492027,0.548036103507973
420,0.362125291337803,0.637874708662198
421,0.533106753055378,0.466893246944622
422,0.750453618147016,0.249546381852984
423,0.191199482024353,0.808800517975647
424,0.43723039868266,0.56276960131734
425,0.84543752693473,0.15456247306527
426,0.724625340509772,0.275374659490228
427,0.546287934021914,0.453712065978086
428,0.426272201344806,0.573727798655194
429,0.45016042326025,0.54983957673975
430,0.11385829712107,0.88614170287893
431,0.434472208876352,0.565527791123648
432,0.381723285676692,0.618276714323308
433,0.531894082568862,0.468105917431138
434,0.752547647982193,0.247452352017808
435,0.39636817289085,0.60363182710915
436,0.123724276732143,0.876275723267857
437,0.655621885375061,0.344378114624939
438,0.367566717415048,0.632433282584952
439,0.580642023082038,0.419357976917962
440,0.562669331549475,0.437330668450525
441,0.559525879127919,0.440474120872081
442,0.265815568702915,0.734184431297085
443,0.504149818764725,0.495850181235275
444,0.342940231469803,0.657059768530197
445,0.628002225615804,0.371997774384196
446,0.476098333471618,0.523901666528383
447,0.736990805563403,0.263009194436597
448,0.231463369520491,0.768536630479509
449,0.459186059810664,0.540813940189337
450,0.464289264297367,0.535710735702633
451,0.0670819985578527,0.932918001442147
452,0.574804009866287,0.425195990133713
453,0.501147346890023,0.498852653109977
454,0.454113962363379,0.545886037636621
455,0.646217662530636,0.353782337469364
456,0.952706702288312,0.047293297711688
457,0.506584164870079,0.493415835129921
458,0.300118597603532,0.699881402396468
459,0.387531495363756,0.612468504636243
460,0.344283251750836,0.655716748249164
461,0.869844280708648,0.130155719291352
462,0.439057619764156,0.560942380235844
463,0.446816079875088,0.553183920124912
464,0.350466860893398,0.649533139106602
465,0.625961945346928,0.374038054653072
466,0.516692744298197,0.483307255701803
467,0.742833652015195,0.257166347984805
468,0.260963325025634,0.739036674974366
469,0.107098715453035,0.892901284546965
470,0.242597961367109,0.757402038632891
471,0.525760453280823,0.474239546719177
472,0.733635224742404,0.266364775257596
473,0.549967525967824,0.450032474032176
474,0.522972908355979,0.477027091644021
475,0.572756900071607,0.427243099928394
476,0.546287934021914,0.453712065978086
477,0.481510285969698,0.518489714030302
478,0.783381075235754,0.216618924764246
479,0.553992918780178,0.446007081219822
480,0.698371035486399,0.301628964513601
481,0.507587546023134,0.492412453976866
482,0.788585768529764,0.211414231470236
483,0.204277720220051,0.795722279779949
484,0.529256784285876,0.470743215714124
485,0.471108944173172,0.528891055826828
486,0.0956983932232166,0.904301606776783
487,0.275405712338665,0.724594287661335
488,0.539956555671175,0.460043444328825
489,0.111154341876273,0.888845658123727
490,0.315385150305032,0.684614849694969
491,0.565283672779122,0.434716327220878
492,0.978410028812408,0.021589971187592
493,0.428673943099093,0.571326056900907
494,0.672206032473296,0.327793967526705
495,0.538986514838636,0.461013485161363
496,0.33037764593743,0.66962235406257
497,0.470185500361862,0.529814499638138
498,0.495896103777575,0.504103896222425
499,0.456567836699969,0.543432163300031
500,0.868023086512254,0.131976913487746
501,0.549390726161422,0.450609273838578
502,0.404614512361428,0.595385487638572
503,0.293627262781383,0.706372737218617
504,0.382322966695355,0.617677033304645
505,0.0919447815449852,0.908055218455015
506,0.790905058740912,0.209094941259088
507,0.362524153232663,0.637475846767337
508,0.498550196201217,0.501449803798783
509,0.674816467515623,0.325183532484377
510,0.954453954383399,0.0455460456166013
511,0.5171707598636,0.482829240136401
512,0.54101056328028,0.45898943671972
513,0.492294880942287,0.507705119057713
514,0.318681648230419,0.681318351769581
515,0.416046654882522,0.583953345117478
516,0.316973230520014,0.683026769479986
517,0.516099849319131,0.483900150680868
518,0.693417373770861,0.306582626229139
519,0.544589866888108,0.455410133111892
520,0.396187983773332,0.603812016226668
521,0.593854645687927,0.406145354312073
522,0.307363657888103,0.692636342111897
523,0.513171574548757,0.486828425451243
524,0.240617056527102,0.759382943472898
525,0.337893561172495,0.662106438827506
526,0.437588680445466,0.562411319554534
527,0.471023759516502,0.528976240483498
528,0.542097729465447,0.457902270534553
529,0.484357191428406,0.515642808571595
530,0.765207142153915,0.234792857846085
531,0.5665273381948,0.4334726618052
532,0.419942874611752,0.580057125388248
533,0.454757068955616,0.545242931044384
534,0.44421430383042,0.55578569616958
535,0.482000596509105,0.517999403490895
536,0.322859553717995,0.677140446282005
537,0.43846983612875,0.56153016387125
538,0.763891144560242,0.236108855439758
539,0.396273038794345,0.603726961205655
540,0.489772236421588,0.510227763578412
541,0.478948552568104,0.521051447431896
542,0.60379383630777,0.39620616369223
543,0.173357071294011,0.826642928705989
544,0.0609524471759365,0.939047552824063
545,0.383593917900647,0.616406082099353
546,0.612570003341525,0.387429996658475
547,0.371275809564846,0.628724190435154
548,0.483973651291564,0.516026348708436
549,0.551351925732218,0.448648074267782
550,0.155286071281269,0.844713928718731
551,0.38367511219775,0.61632488780225
552,0.42162117709787,0.57837882290213
553,0.263305965282826,0.736694034717174
554,0.429664667506909,0.570335332493091
555,0.721090025794229,0.278909974205771
556,0.398168163587254,0.601831836412746
557,0.0936034997820532,0.906396500217947
558,0.473424414509986,0.526575585490014
559,0.600631817007168,0.399368182992832
560,0.414088502351846,0.585911497648154
561,0.498341425301284,0.501658574698716
562,0.951277214885484,0.0487227851145162
563,0.497321605603738,0.502678394396262
564,0.480677902584077,0.519322097415923
565,0.608425352295174,0.391574647704826
566,0.277630748652769,0.722369251347231
567,0.120853520447262,0.879146479552738
568,0.829226576292153,0.170773423707847
569,0.490173373967637,0.509826626032364
570,0.733376252035356,0.266623747964644
571,0.615773120861728,0.384226879138272
572,0.605348268957913,0.394651731042087
573,0.598297161648398,0.401702838351602
574,0.778750910751179,0.221249089248821
575,0.338096581739848,0.661903418260151
576,0.786257934489551,0.213742065510449
577,0.46177445104708,0.53822554895292
578,0.776266002279191,0.223733997720809
579,0.0472408466383296,0.95275915336167
580,0.481405874942757,0.518594125057243
581,0.532006231462851,0.467993768537149
582,0.490648748511257,0.509351251488743
583,0.463453342485975,0.536546657514025
584,0.525910564404316,0.474089435595683
585,0.532144128855089,0.467855871144911
586,0.459418237946246,0.540581762053754
587,0.312985966848679,0.687014033151321
588,0.408431534078241,0.591568465921758
589,0.677210687573548,0.322789312426452
590,0.489093002461464,0.510906997538536
591,0.683912769765277,0.316087230234723
592,0.323345913581918,0.676654086418082
593,0.41311302400784,0.58688697599216
594,0.671752185856692,0.328247814143308
595,0.376260466419,0.623739533581
596,0.488622374010406,0.511377625989594
597,0.602192092949835,0.397807907050165
598,0.353979878739021,0.646020121260979
599,0.486511395055207,0.513488604944793
600,0.348176589463284,0.651823410536716
601,0.0522560849390695,0.94774391506093
602,0.536436026725705,0.463563973274295
603,0.484561315829145,0.515438684170855
604,0.586282955572484,0.413717044427516
605,0.747223626360112,0.252776373639888
606,0.173291659465032,0.826708340534968
607,0.438383144621065,0.561616855378935
608,0.485138520355612,0.514861479644388
609,0.865255824377124,0.134744175622876
610,0.579710355621942,0.420289644378058
611,0.578884568281777,0.421115431718223
612,0.337204111883966,0.662795888116034
613,0.413825381398328,0.586174618601672
614,0.602079684574471,0.397920315425529
615,0.145634390335966,0.854365609664034
616,0.599467990852758,0.400532009147242
617,0.306138098306844,0.693861901693156
618,0.386012091561113,0.613987908438887
619,0.739282791617085,0.260717208382915
620,0.368181131755677,0.631818868244323
621,0.456347586866594,0.543652413133406
622,0.497675826153895,0.502324173846105
623,0.200866943526853,0.799133056473147
624,0.46029225285119,0.53970774714881
625,0.457086649819621,0.542913350180379
626,0.637338540557855,0.362661459442145
627,0.222241116659463,0.777758883340537
628,0.359696894747641,0.640303105252359
629,0.429351780494489,0.570648219505512
630,0.492361874157844,0.507638125842156
631,0.46305715117064,0.53694284882936
632,0.755538038432356,0.244461961567644
633,0.55973688506251,0.44026311493749
634,0.630835827847491,0.369164172152508
635,0.0570306541568788,0.942969345843121
636,0.740350765777648,0.259649234222352
637,0.474050644341579,0.525949355658421
638,0.406343913360743,0.593656086639257
639,0.538784278806987,0.461215721193013
640,0.765004501172091,0.234995498827909
641,0.947457395130351,0.0525426048696494
642,0.568535654072536,0.431464345927464
643,0.613757870974889,0.386242129025111
644,0.581420765887218,0.418579234112782
645,0.425828416188228,0.574171583811772
646,0.527860630648635,0.472139369351365
647,0.456472155487079,0.543527844512921
648,0.42323406102607,0.57676593897393
649,0.381316918780364,0.618683081219636
650,0.876838589409583,0.123161410590417
651,0.694375850869013,0.305624149130987
652,0.64200998558518,0.35799001441482
653,0.500073238448422,0.499926761551578
654,0.526255738915166,0.473744261084834
655,0.284417617928213,0.715582382071787
656,0.281910200525407,0.718089799474593
657,0.232291422001216,0.767708577998784
658,0.408980528825945,0.591019471174055
659,0.694508247768662,0.305491752231338
660,0.675545750948318,0.324454249051682
661,0.39092685053216,0.60907314946784
662,0.335388017984171,0.664611982015829
663,0.128054050220934,0.871945949779066
664,0.570184728409064,0.429815271590936
665,0.240644790922007,0.759355209077993
666,0.658723265328663,0.341276734671337
667,0.49114382586519,0.50885617413481
668,0.869835649653371,0.130164350346629
669,0.597365608906671,0.402634391093329
670,0.558836671947069,0.441163328052931
671,0.541911256212137,0.458088743787863
672,0.524471048775054,0.475528951224946
673,0.608142743241191,0.391857256758809
674,0.681170717383871,0.318829282616129
675,0.306058131516547,0.693941868483453
676,0.739984781790321,0.260015218209679
677,0.842830594559832,0.157169405440168
678,0.609814002485664,0.390185997514337
679,0.491929654743717,0.508070345256283
680,0.363221494704292,0.636778505295708
681,0.480274865605679,0.519725134394321
682,0.208610898439991,0.791389101560009
683,0.439274761706706,0.560725238293294
684,0.583792119370141,0.416207880629859
685,0.935430847123814,0.0645691528761859
686,0.377899928592541,0.622100071407459
687,0.0966008619779715,0.903399138022028
688,0.654139128119305,0.345860871880695
689,0.369360792252706,0.630639207747294
690,0.543388800920811,0.456611199079189
691,0.593162963692782,0.406837036307218
692,0.586677746649572,0.413322253350428
693,0.566318428699362,0.433681571300638
694,0.501576280459373,0.498423719540627
695,0.536346882810196,0.463653117189804
696,0.545784354085633,0.454215645914367
697,0.469526960526402,0.530473039473598
698,0.683943372171422,0.316056627828578
699,0.746998143244274,0.253001856755726
700,0.685558035299915,0.314441964700085
701,0.488148850000186,0.511851149999814
702,0.445040125270631,0.554959874729369
703,0.585700109063735,0.414299890936265
704,0.476945374922875,0.523054625077125
705,0.680832465255282,0.319167534744718
706,0.411764510911995,0.588235489088005
707,0.319800820791417,0.680199179208583
708,0.644471232250272,0.355528767749728
709,0.207482874191618,0.792517125808382
710,0.326679306272058,0.673320693727942
711,0.556875781063781,0.443124218936219
712,0.892355919340915,0.107644080659085
713,0.252217101715955,0.747782898284045
714,0.48683132179582,0.51316867820418
715,0.298257611609927,0.701742388390073
716,0.782067371673683,0.217932628326317
717,0.309598912970233,0.690401087029767
718,0.224304194507609,0.775695805492391
719,0.453585360443336,0.546414639556665
720,0.951212352732882,0.0487876472671186
721,0.511335659996068,0.488664340003931
722,0.526310516152813,0.473689483847187
723,0.238974057703819,0.76102594229618
724,0.60326131804418,0.39673868195582
725,0.719098876270919,0.280901123729081
726,0.384155844419362,0.615844155580638
727,0.430065454671604,0.569934545328396
728,0.439140902644838,0.560859097355162
729,0.488016661595373,0.511983338404627
730,0.525803300104257,0.474196699895743
731,0.287420894120588,0.712579105879412
732,0.716896946148502,0.283103053851498
733,0.397392488919664,0.602607511080336
734,0.203099980893631,0.796900019106369
735,0.146631525870659,0.853368474129341
736,0.431677118301134,0.568322881698866
737,0.533088424416294,0.466911575583706
738,0.632965068841457,0.367034931158543
739,0.560109891097805,0.439890108902195
740,0.78982426875767,0.21017573124233
741,0.759258497099015,0.240741502900985
742,0.440463193736505,0.559536806263495
743,0.105834689273751,0.894165310726249
744,0.348462291639333,0.651537708360667
745,0.347260373688975,0.652739626311024
746,0.486322066759055,0.513677933240945
747,0.52457299616961,0.47542700383039
748,0.697932299392244,0.302067700607756
749,0.30604590450621,0.69395409549379
750,0.374970659162954,0.625029340837046
751,0.448456146078682,0.551543853921318
752,0.484692645838468,0.515307354161532
753,0.538900823169254,0.461099176830746
754,0.297070425801856,0.702929574198144
755,0.578813757516243,0.421186242483757
756,0.717448810871113,0.282551189128887
757,0.494252113192834,0.505747886807166
758,0.263306600599609,0.736693399400391
759,0.443858645696422,0.556141354303578
760,0.661102938564453,0.338897061435547
761,0.262619981274338,0.737380018725662
762,0.195513163460131,0.804486836539869
763,0.562320282633714,0.437679717366286
764,0.719841842263457,0.280158157736543
765,0.192864564338816,0.807135435661184
766,0.491832306101918,0.508167693898082
767,0.578464110687307,0.421535889312693
768,0.522232390960111,0.477767609039889
769,0.695942428103764,0.304057571896236
770,0.695308339556593,0.304691660443407
771,0.456350787819694,0.543649212180306
772,0.248492252468121,0.751507747531879
773,0.339858842211218,0.660141157788782
774,0.471598270676309,0.528401729323691
775,0.546114135177476,0.453885864822524
776,0.41420246454166,0.58579753545834
777,0.462105325218952,0.537894674781048
778,0.691874353224803,0.308125646775197
779,0.953977893841473,0.0460221061585273
780,0.436283370818938,0.563716629181062
781,0.490049671949759,0.509950328050241
782,0.124500864170623,0.875499135829377
783,0.576788430867046,0.423211569132953
784,0.947896145183831,0.0521038548161691
785,0.544588925972522,0.455411074027478
786,0.475680723910986,0.524319276089015
787,0.489559079322634,0.510440920677366
788,0.916185731056081,0.0838142689439188
789,0.426059162728992,0.573940837271008
790,0.586281729830602,0.413718270169398
791,0.505350635501777,0.494649364498223
792,0.575681529952872,0.424318470047128
793,0.839133704999388,0.160866295000612
794,0.370284486169921,0.629715513830078
795,0.184209144823897,0.815790855176103
796,0.218850295504797,0.781149704495203
797,0.395028125275438,0.604971874724562
798,0.519444585290277,0.480555414709723
799,0.808385823746588,0.191614176253412
800,0.553671153870921,0.446328846129079
801,0.455400854059968,0.544599145940032
802,0.15711926598665,0.84288073401335
803,0.794373788764495,0.205626211235505
804,0.493681328452172,0.506318671547828
805,0.621142459168787,0.378857540831213
806,0.585760754828207,0.414239245171793
807,0.122570089340695,0.877429910659305
808,0.730203831105452,0.269796168894548
809,0.23092211927726,0.76907788072274
810,0.675497422976343,0.324502577023657
811,0.182901163655659,0.817098836344341
812,0.831994416423601,0.168005583576399
813,0.443061415137823,0.556938584862177
814,0.969407762449705,0.0305922375502951
815,0.856331703068047,0.143668296931953
816,0.767670879158077,0.232329120841923
817,0.421201031773159,0.578798968226841
818,0.755246415282934,0.244753584717066
819,0.360917841400217,0.639082158599783
820,0.512654649161166,0.487345350838834
821,0.738714533708537,0.261285466291463
822,0.437036805989085,0.562963194010915
823,0.512134629734094,0.487865370265906
824,0.377000818610383,0.622999181389617
825,0.3158637882866,0.6841362117134
826,0.807717172342632,0.192282827657368
827,0.330793530395165,0.669206469604835
828,0.0596445384359845,0.940355461564015
829,0.294400503625695,0.705599496374306
830,0.41419713364303,0.58580286635697
831,0.558265693000318,0.441734306999682
832,0.498578772230366,0.501421227769633
833,0.430815952711049,0.569184047288951
834,0.418717269553734,0.581282730446266
835,0.444894925686387,0.555105074313613
836,0.893600409481289,0.106399590518711
837,0.393422726306048,0.606577273693952
838,0.322270573495573,0.677729426504427
839,0.403903157197546,0.596096842802454
840,0.495294157831853,0.504705842168147
841,0.478919192059124,0.521080807940877
842,0.471965727730539,0.528034272269461
843,0.333166098438081,0.666833901561919
844,0.482796790004636,0.517203209995364
845,0.590402419344437,0.409597580655563
846,0.41253509855862,0.58746490144138
847,0.443519171955397,0.556480828044603
848,0.635826342713023,0.364173657286977
849,0.337326720554436,0.662673279445565
850,0.542164221322007,0.457835778677993
851,0.989637941327437,0.0103620586725635
852,0.339861187587049,0.660138812412951
853,0.455188419844811,0.544811580155189
854,0.948165557292057,0.0518344427079434
855,0.686128760272993,0.313871239727007
856,0.21838120593489,0.78161879406511
857,0.432011124842991,0.567988875157009
858,0.54052997779901,0.45947002220099
859,0.58174815241845,0.41825184758155
860,0.816990251789783,0.183009748210217
861,0.464835428716566,0.535164571283434
862,0.367356949682007,0.632643050317993
863,0.813559307152808,0.186440692847192
864,0.610564028032302,0.389435971967698
865,0.674572341759876,0.325427658240124
866,0.694407968163333,0.305592031836667
867,0.397924306244886,0.602075693755114
868,0.715750460702347,0.284249539297653
869,0.0605187730904274,0.939481226909573
870,0.582887375715545,0.417112624284455
871,0.478174578019858,0.521825421980142
872,0.934983168412744,0.0650168315872562
873,0.46798903510251,0.53201096489749
874,0.318980474014382,0.681019525985618
875,0.496242823003741,0.503757176996259
876,0.481150229475038,0.518849770524962
877,0.645540720092457,0.354459279907543
878,0.26884819485283,0.73115180514717
879,0.211191896242481,0.788808103757519
880,0.51767658822497,0.48232341177503
881,0.568350084230192,0.431649915769808
882,0.324417765192919,0.675582234807081
883,0.588879125212458,0.411120874787542
884,0.293660822793417,0.706339177206583
885,0.692966437509647,0.307033562490353
886,0.0696134061510834,0.930386593848917
887,0.0295454918224511,0.970454508177549
888,0.407255336430976,0.592744663569024
889,0.396778824590807,0.603221175409193
890,0.278061799176881,0.721938200823119
891,0.770829198328674,0.229170801671326
892,0.533062317838846,0.466937682161153
893,0.930521390608691,0.0694786093913094
894,0.491269328719582,0.508730671280418
895,0.49167439093846,0.50832560906154
896,0.497969499605008,0.502030500394992
897,0.959429973240493,0.0405700267595068
898,0.384733272776778,0.615266727223222
899,0.871161887526687,0.128838112473314
900,0.437826469857549,0.562173530142451
901,0.370489000640377,0.629510999359623
902,0.616856270739852,0.383143729260148
903,0.494354707931024,0.505645292068976
904,0.472606482539827,0.527393517460173
905,0.508640362593437,0.491359637406563
906,0.341113901692697,0.658886098307303
907,0.463942815382075,0.536057184617925
908,0.213535874940463,0.786464125059537
909,0.395200670624449,0.604799329375551
910,0.678235419664822,0.321764580335178
911,0.474883446675985,0.525116553324015
912,0.54992241011532,0.45007758988468
913,0.541407343401782,0.458592656598218
914,0.64528562658392,0.35471437341608
915,0.0211151337539614,0.978884866246039
916,0.560645582232001,0.439354417767999
917,0.715750344598759,0.284249655401241
918,0.404998225798254,0.595001774201746
919,0.600799990143422,0.399200009856578
920,0.515002271783138,0.484997728216862
921,0.621962575201705,0.378037424798295
922,0.429964324251105,0.570035675748895
923,0.226860526849705,0.773139473150295
924,0.791429001794444,0.208570998205556
925,0.528886967291099,0.471113032708901
926,0.140666854437541,0.859333145562459
927,0.19629065760666,0.803709342393339
928,0.430810209007647,0.569189790992353
929,0.586097012815652,0.413902987184348
930,0.518171289444698,0.481828710555302
931,0.868353217742243,0.131646782257757
932,0.640765892076368,0.359234107923632
933,0.592492822868255,0.407507177131745
934,0.434520500246978,0.565479499753022
935,0.270414113012177,0.729585886987823
936,0.567579612742636,0.432420387257363
937,0.86978113804932,0.13021886195068
938,0.329370853664726,0.670629146335274
939,0.644747516724235,0.355252483275764
940,0.402518429289044,0.597481570710956
941,0.448028826161687,0.551971173838313
942,0.39872486759782,0.60127513240218
943,0.697025904500148,0.302974095499852
944,0.464215657920032,0.535784342079968
945,0.628002225615804,0.371997774384196
946,0.342940231469803,0.657059768530197
947,0.492637000779451,0.507362999220549
948,0.272916480970217,0.727083519029783
949,0.739026728882564,0.260973271117436
950,0.591534377579594,0.408465622420406
951,0.523084599954961,0.476915400045039
952,0.926951074528448,0.0730489254715523
953,0.404191114184604,0.595808885815396
954,0.452915012141944,0.547084987858056
955,0.503020850438796,0.496979149561204
956,0.319484634748257,0.680515365251743
957,0.0530004325293075,0.946999567470693
958,0.467570437900493,0.532429562099507
959,0.679485663432259,0.320514336567741
960,0.526820860730777,0.473179139269223
961,0.598339312648571,0.401660687351429
962,0.131017405453195,0.868982594546805
963,0.537590522396726,0.462409477603274
964,0.510530174814117,0.489469825185883
965,0.621989339662898,0.378010660337102
966,0.322161603749462,0.677838396250538
967,0.443045276407705,0.556954723592295
968,0.252979331795234,0.747020668204766
969,0.719417152635328,0.280582847364671
970,0.879166602787479,0.120833397212521
971,0.748989705211324,0.251010294788676
972,0.44228638132778,0.55771361867222
973,0.213880807244959,0.786119192755041
974,0.394490489389437,0.605509510610563
975,0.454776135298712,0.545223864701288
976,0.440741034146,0.559258965854
977,0.430810209007647,0.569189790992353
978,0.484854081057497,0.515145918942503
979,0.200961107904609,0.799038892095391
980,0.432430236955224,0.567569763044776
981,0.283220973146531,0.716779026853469
982,0.450035413577012,0.549964586422988
983,0.173606457341136,0.826393542658864
984,0.769088455404857,0.230911544595143
985,0.421201031773159,0.578798968226841
986,0.452177839663434,0.547822160336566
987,0.845202893897048,0.154797106102952
988,0.72329981593901,0.27670018406099
989,0.424029367864107,0.575970632135893
990,0.786759716982697,0.213240283017303
991,0.676500666091928,0.323499333908072
992,0.414596964372692,0.585403035627308
993,0.0233591952339035,0.976640804766096
994,0.553541065929787,0.446458934070213
995,0.308584309829478,0.691415690170523
996,0.447051744697832,0.552948255302168
997,0.626572676441768,0.373427323558232
998,0.605855060491197,0.394144939508803
999,0.467451269141127,0.532548730858873
1000,0.518282991583922,0.481717008416078
1001,0.118555762069384,0.881444237930616
1002,0.428847563956956,0.571152436043044
