"ID","Choice0","Choice1"
1,0.486091957250132,0.513908042749868
2,0.741598868067196,0.258401131932804
3,0.502181134001314,0.497818865998686
4,0.945642244735993,0.0543577552640069
5,0.405710384005172,0.594289615994828
6,0.603500356224275,0.396499643775725
7,0.411721139384382,0.588278860615618
8,0.268961648649781,0.731038351350219
9,0.0208563837567245,0.979143616243276
10,0.455597989218052,0.544402010781948
11,0.394608274621705,0.605391725378295
12,0.474253759150743,0.525746240849257
13,0.742102308470525,0.257897691529475
14,0.545723109057787,0.454276890942213
15,0.751292351922451,0.248707648077549
16,0.52759011433445,0.47240988566555
17,0.172673882845586,0.827326117154414
18,0.387573868472022,0.612426131527978
19,0.597178707471549,0.402821292528451
20,0.385507143596928,0.614492856403072
21,0.739521293529319,0.260478706470681
22,0.70824982359679,0.29175017640321
23,0.765083809120802,0.234916190879198
24,0.516048161217924,0.483951838782076
25,0.581865899538696,0.418134100461304
26,0.497067558487833,0.502932441512167
27,0.272245476985301,0.727754523014699
28,0.517268496430365,0.482731503569635
29,0.127384128963392,0.872615871036608
30,0.355350633999103,0.644649366000897
31,0.550247105595553,0.449752894404447
32,0.506432946466838,0.493567053533162
33,0.505278180247234,0.494721819752766
34,0.487880374806891,0.512119625193109
35,0.710948023338126,0.289051976661874
36,0.537629369347015,0.462370630652985
37,0.137084663909495,0.862915336090505
38,0.594079689718442,0.405920310281558
39,0.481426972760282,0.518573027239718
40,0.485939531032662,0.514060468967338
41,0.392179131812451,0.607820868187549
42,0.817257701381545,0.182742298618455
43,0.983656129028129,0.0163438709718706
44,0.605913937653378,0.394086062346622
45,0.354476387399467,0.645523612600533
46,0.779744733110636,0.220255266889364
47,0.489841576831155,0.510158423168845
48,0.358281308898123,0.641718691101877
49,0.936771620172349,0.0632283798276514
50,0.57842597566622,0.42157402433378
51,0.567989255726635,0.432010744273365
52,0.828486843436106,0.171513156563894
53,0.662069516294093,0.337930483705907
54,0.198976353517672,0.801023646482328
55,0.591385428663124,0.408614571336876
56,0.980296569689066,0.0197034303109342
57,0.433577265287706,0.566422734712294
58,0.385927427324405,0.614072572675595
59,0.571929574906003,0.428070425093997
60,0.46528915782924,0.53471084217076
61,0.01732629981636,0.98267370018364
62,0.540455343432359,0.459544656567641
63,0.492303764127767,0.507696235872233
64,0.346256555579746,0.653743444420254
65,0.823373968142391,0.176626031857609
66,0.909234526663777,0.0907654733362228
67,0.162095856692238,0.837904143307762
68,0.477899532778892,0.522100467221108
69,0.185840778098133,0.814159221901867
70,0.256849121072967,0.743150878927033
71,0.301709937948114,0.698290062051886
72,0.268693665853878,0.731306334146122
73,0.215337486186972,0.784662513813028
74,0.646198478767077,0.353801521232923
75,0.18131712517846,0.81868287482154
76,0.498437801980836,0.501562198019164
77,0.138960258273335,0.861039741726665
78,0.991616518481701,0.0083834815182993
79,0.484695270969224,0.515304729030776
80,0.411072904987994,0.588927095012006
81,0.413008308311249,0.586991691688751
82,0.511377894413291,0.488622105586709
83,0.44073601276318,0.55926398723682
84,0.428837386114015,0.571162613885985
85,0.528897181065566,0.471102818934434
86,0.786748985147605,0.213251014852395
87,0.607241321441166,0.392758678558834
88,0.200749639066408,0.799250360933592
89,0.47789201240504,0.52210798759496
90,0.226847560732016,0.773152439267984
91,0.681602302144494,0.318397697855506
92,0.603636655735271,0.396363344264729
93,0.228843497952911,0.771156502047089
94,0.565824177415123,0.434175822584877
95,0.547372224715132,0.452627775284868
96,0.194741184716435,0.805258815283565
97,0.650675010180394,0.349324989819606
98,0.482355679578709,0.517644320421291
99,0.626182856610073,0.373817143389927
100,0.990954413798166,0.00904558620183419
101,0.414442707257648,0.585557292742352
102,0.492589606431549,0.507410393568451
103,0.329238782228442,0.670761217771558
104,0.14654902686963,0.85345097313037
105,0.896335798427032,0.103664201572968
106,0.517016332453907,0.482983667546093
107,0.472717937298306,0.527282062701694
108,0.104460965120382,0.895539034879618
109,0.388445695764346,0.611554304235654
110,0.26767103812757,0.73232896187243
111,0.621574142075798,0.378425857924202
112,0.564399495127919,0.435600504872081
113,0.363046482803206,0.636953517196794
114,0.958072365488677,0.0419276345113233
115,0.363190965669375,0.636809034330625
116,0.662332333470766,0.337667666529234
117,0.634299092175862,0.365700907824138
118,0.186411055393121,0.813588944606879
119,0.703348583614241,0.296651416385759
120,0.508624697859683,0.491375302140317
121,0.447199007686033,0.552800992313967
122,0.877962120239236,0.122037879760764
123,0.501158861308983,0.498841138691017
124,0.575551497445898,0.424448502554102
125,0.590664896176628,0.409335103823372
126,0.891872554000916,0.108127445999084
127,0.736889917338956,0.263110082661044
128,0.556221593524125,0.443778406475875
129,0.776499869440568,0.223500130559432
130,0.508320935368852,0.491679064631148
131,0.230459227928323,0.769540772071677
132,0.482451880980117,0.517548119019883
133,0.266372973686388,0.733627026313612
134,0.989919654378492,0.010080345621508
135,0.230068939393418,0.769931060606582
136,0.638428698473836,0.361571301526164
137,0.603316491252873,0.396683508747127
138,0.399835288442137,0.600164711557863
139,0.145740936317688,0.854259063682312
140,0.022477038825332,0.977522961174668
141,0.435692441328945,0.564307558671055
142,0.31152436639446,0.68847563360554
143,0.381550664427381,0.618449335572619
144,0.527967362390834,0.472032637609166
145,0.430029229434762,0.569970770565238
146,0.641053685536197,0.358946314463803
147,0.558370823557584,0.441629176442416
148,0.636881703742389,0.363118296257611
149,0.0250912920255071,0.974908707974493
150,0.224833888460389,0.775166111539611
151,0.479555535062205,0.520444464937795
152,0.432587294151113,0.567412705848887
153,0.33248792405978,0.66751207594022
154,0.685948991186502,0.314051008813498
155,0.803076275485157,0.196923724514843
156,0.771971295978212,0.228028704021788
157,0.536702912984469,0.463297087015531
158,0.261520106040659,0.738479893959341
159,0.508075075990589,0.491924924009411
160,0.705818225581438,0.294181774418562
161,0.502919636630889,0.497080363369111
162,0.90313029417166,0.0968697058283397
163,0.181455134250929,0.818544865749071
164,0.759907088129843,0.240092911870157
165,0.327622850361299,0.672377149638701
166,0.469245072262118,0.530754927737882
167,0.1028611018188,0.8971388981812
168,0.592993321999541,0.407006678000459
169,0.365959235488979,0.634040764511021
170,0.417601801887685,0.582398198112315
171,0.436345857982427,0.563654142017573
172,0.300061889280407,0.699938110719593
173,0.553870269915762,0.446129730084238
174,0.840397962355205,0.159602037644795
175,0.198908141351078,0.801091858648922
176,0.136236745019092,0.863763254980908
177,0.28846723930495,0.71153276069505
178,0.476826375951992,0.523173624048008
179,0.591930380958178,0.408069619041822
180,0.477801990004909,0.522198009995091
181,0.917801527472472,0.0821984725275284
182,0.523311021056687,0.476688978943313
183,0.378898918449757,0.621101081550243
184,0.0301900558642334,0.969809944135767
185,0.656932200726722,0.343067799273278
186,0.914703714776511,0.0852962852234888
187,0.283014182931618,0.716985817068382
188,0.711524681232188,0.288475318767812
189,0.393518599573434,0.606481400426566
190,0.400096780499302,0.599903219500698
191,0.346777567277723,0.653222432722277
192,0.400844337410205,0.599155662589795
193,0.380852473968723,0.619147526031277
194,0.47433419633315,0.52566580366685
195,0.368122453531217,0.631877546468783
196,0.498195014647373,0.501804985352627
197,0.279029867659769,0.720970132340231
198,0.163042825373003,0.836957174626997
199,0.0954344118228948,0.904565588177105
200,0.558693827946148,0.441306172053852
201,0.532134968573398,0.467865031426602
202,0.387582957605785,0.612417042394215
203,0.489070565670646,0.510929434329354
204,0.210976615490542,0.789023384509458
205,0.792891767509358,0.207108232490642
206,0.705063505715862,0.294936494284138
207,0.326175351841031,0.673824648158969
208,0.926663950143885,0.0733360498561154
209,0.480822182189657,0.519177817810343
210,0.446598583805587,0.553401416194413
211,0.0210553418115644,0.978944658188436
212,0.747258518866036,0.252741481133964
213,0.482187138325742,0.517812861674258
214,0.645688214760226,0.354311785239774
215,0.40575027653535,0.59424972346465
216,0.746951964113543,0.253048035886457
217,0.857548605834079,0.142451394165921
218,0.278878142128386,0.721121857871614
219,0.0225989340663004,0.9774010659337
220,0.437633127089546,0.562366872910454
221,0.438649893646611,0.561350106353389
222,0.766982934225353,0.233017065774647
223,0.35707884615963,0.64292115384037
224,0.20863355009852,0.79136644990148
225,0.620431259101186,0.379568740898814
226,0.530058205736252,0.469941794263748
227,0.539570134454025,0.460429865545975
228,0.525060363993967,0.474939636006033
229,0.432529145648955,0.567470854351045
230,0.741809412721583,0.258190587278417
231,0.178323609143519,0.821676390856481
232,0.568218990327376,0.431781009672624
233,0.825528630807089,0.174471369192911
234,0.922920500171224,0.077079499828776
235,0.608426161232211,0.391573838767789
236,0.427699889715572,0.572300110284428
237,0.557632517782891,0.442367482217109
238,0.363605845108792,0.636394154891208
239,0.140442835259609,0.859557164740391
240,0.1590446486893,0.8409553513107
241,0.558914182503341,0.441085817496659
242,0.981955428779047,0.0180445712209534
243,0.813093265912425,0.186906734087575
244,0.659522604159919,0.340477395840081
245,0.482785998814523,0.517214001185477
246,0.431593443010532,0.568406556989468
247,0.187269887082938,0.812730112917062
248,0.918065518930755,0.081934481069245
249,0.566968252139828,0.433031747860172
250,0.514054627165331,0.485945372834669
251,0.478292543594057,0.521707456405943
252,0.409506418661158,0.590493581338842
253,0.836957354486374,0.163042645513626
254,0.316513735207303,0.683486264792697
255,0.266209744860197,0.733790255139803
256,0.467357851875616,0.532642148124384
257,0.717975938276779,0.282024061723221
258,0.610542807227844,0.389457192772156
259,0.20326790890865,0.79673209109135
260,0.717362017445461,0.282637982554539
261,0.850762621334071,0.149237378665929
262,0.349563895409767,0.650436104590233
263,0.177635427352005,0.822364572647995
264,0.805140176711729,0.194859823288271
265,0.473750730268373,0.526249269731627
266,0.389709160607384,0.610290839392616
267,0.435084077299159,0.564915922700841
268,0.194593415263479,0.805406584736521
269,0.287778202895813,0.712221797104187
270,0.499186008327902,0.500813991672098
271,0.830046815829367,0.169953184170632
272,0.638251734279957,0.361748265720043
273,0.47626789224116,0.52373210775884
274,0.310683833846203,0.689316166153797
275,0.436372639124607,0.563627360875393
276,0.509136412912197,0.490863587087803
277,0.259435243234015,0.740564756765985
278,0.00894784442929908,0.991052155570701
279,0.527872185643283,0.472127814356717
280,0.464343716097507,0.535656283902493
281,0.968479193983885,0.0315208060161145
282,0.329818643739327,0.670181356260673
283,0.0104139852145665,0.989586014785434
284,0.412529959109093,0.587470040890907
285,0.484439242072373,0.515560757927627
286,0.53552218272085,0.46447781727915
287,0.0433697524297086,0.956630247570291
288,0.545455775991314,0.454544224008686
289,0.395343466339402,0.604656533660598
290,0.449619819239846,0.550380180760154
291,0.378266868962715,0.621733131037285
292,0.0372323065967979,0.962767693403202
293,0.678254179231106,0.321745820768894
294,0.891337197710448,0.108662802289552
295,0.582586425050528,0.417413574949472
296,0.543539539712918,0.456460460287082
297,0.367401644228296,0.632598355771704
298,0.315340782898803,0.684659217101197
299,0.397856646667347,0.602143353332653
300,0.511664841406361,0.488335158593639
301,0.837367762061105,0.162632237938895
302,0.0849652291358269,0.915034770864173
303,0.449314554230598,0.550685445769402
304,0.341412214990625,0.658587785009375
305,0.376185255465267,0.623814744534733
306,0.906652053011073,0.0933479469889268
307,0.163725929411034,0.836274070588966
308,0.860161285077613,0.139838714922387
309,0.24861903193397,0.75138096806603
310,0.655966553607677,0.344033446392323
311,0.0670613538706487,0.932938646129351
312,0.604297945505268,0.395702054494732
313,0.00189373574334561,0.998106264256654
314,0.131582440987164,0.868417559012836
315,0.0990209034684265,0.900979096531573
316,0.542766861388561,0.457233138611439
317,0.161010914280361,0.838989085719639
318,0.588189653694132,0.411810346305868
319,0.486791604462292,0.513208395537708
320,0.198348886203305,0.801651113796695
321,0.549895849236232,0.450104150763768
322,0.468013009213957,0.531986990786043
323,0.701286210814239,0.298713789185761
324,0.795149338444576,0.204850661555424
325,0.157281531892348,0.842718468107652
326,0.764142540866047,0.235857459133953
327,0.987642221490887,0.012357778509113
328,0.572817278103676,0.427182721896324
329,0.644013037823189,0.355986962176811
330,0.361488989842005,0.638511010157995
331,0.495364374583334,0.504635625416666
332,0.427698438755174,0.572301561244826
333,0.824746763102246,0.175253236897754
334,0.546558377406564,0.453441622593436
335,0.0449151538827703,0.95508484611723
336,0.629490507170301,0.370509492829699
337,0.645012708963452,0.354987291036548
338,0.550046392195977,0.449953607804023
339,0.51660967571196,0.48339032428804
340,0.488363968102127,0.511636031897873
341,0.494914140731666,0.505085859268334
342,0.764111642101122,0.235888357898878
343,0.220860213395538,0.779139786604462
344,0.593322144028948,0.406677855971052
345,0.672143558374168,0.327856441625832
346,0.549588401030054,0.450411598969946
347,0.298652284370627,0.701347715629373
348,0.70441461532385,0.29558538467615
349,0.410757452009231,0.589242547990769
350,0.000960236762533984,0.999039763237466
351,0.678685566825393,0.321314433174607
352,0.493445285506399,0.506554714493601
353,0.0140389745490596,0.98596102545094
354,0.255213533563147,0.744786466436853
355,0.906610571691451,0.0933894283085491
356,0.534994805826526,0.465005194173474
357,0.40946305246209,0.59053694753791
358,0.297261487985807,0.702738512014193
359,0.163651350288508,0.836348649711492
360,0.541262833737653,0.458737166262347
361,0.632667815034706,0.367332184965294
362,0.165854333318223,0.834145666681777
363,0.385415171534983,0.614584828465017
364,0.238415247051423,0.761584752948577
365,0.510854175512397,0.489145824487604
366,0.620692314883959,0.379307685116041
367,0.102704205763396,0.897295794236604
368,0.989312886921374,0.010687113078626
369,0.3052719915474,0.6947280084526
370,0.478097223113717,0.521902776886283
371,0.0194324295814241,0.980567570418576
372,0.511245037708697,0.488754962291303
373,0.736941885249538,0.263058114750463
374,0.471760775589258,0.528239224410742
375,0.489680985530018,0.510319014469982
376,0.235797429620932,0.764202570379068
377,0.87729556313329,0.12270443686671
378,0.761811952797849,0.238188047202151
379,0.434586520723957,0.565413479276043
380,0.386703675265436,0.613296324734564
381,0.668508552990303,0.331491447009697
382,0.30535278563054,0.69464721436946
383,0.773129252616379,0.226870747383621
384,0.214651315726686,0.785348684273314
385,0.988854948495496,0.0111450515045043
386,0.996090175094246,0.00390982490575409
387,0.558144383129063,0.441855616870937
388,0.321397137218053,0.678602862781947
389,0.823339945940387,0.176660054059613
390,0.0681605163717706,0.931839483628229
391,0.520594286993015,0.479405713006985
392,0.0195238567853842,0.980476143214616
393,0.473250487200966,0.526749512799034
394,0.478149690011942,0.521850309988058
395,0.449979798796082,0.550020201203918
396,0.00816259828656263,0.991837401713437
397,0.663551744558069,0.336448255441931
398,0.049179321152485,0.950820678847515
399,0.558123430052137,0.441876569947863
400,0.521465669998288,0.478534330001712
401,0.327125662522936,0.672874337477064
402,0.499988917800454,0.500011082199546
403,0.494960530984724,0.505039469015276
404,0.454356077272025,0.545643922727975
405,0.732552228964963,0.267447771035037
406,0.489424853045022,0.510575146954978
407,0.833253488063286,0.166746511936714
408,0.598286589596235,0.401713410403765
409,0.24988874910795,0.75011125089205
410,0.493407996657286,0.506592003342714
411,0.304232091467884,0.695767908532116
412,0.325687690354198,0.674312309645802
413,0.32306864190535,0.67693135809465
414,0.999677078153904,0.000322921846095861
415,0.341364552069549,0.658635447930451
416,0.255431238174372,0.744568761825628
417,0.559426103196232,0.440573896803768
418,0.324480385930054,0.675519614069946
419,0.443010272797031,0.556989727202969
420,0.341656010603786,0.658343989396214
421,0.533378755384759,0.466621244615241
422,0.820118085819589,0.179881914180411
423,0.132883392971675,0.867116607028325
424,0.430646029949191,0.569353970050809
425,0.918927532589611,0.0810724674103888
426,0.821653301571681,0.178346698428319
427,0.621798437740657,0.378201562259343
428,0.462888251791663,0.537111748208337
429,0.44525116369406,0.55474883630594
430,0.02580592703952,0.97419407296048
431,0.507927700391444,0.492072299608556
432,0.371363674520031,0.628636325479969
433,0.529926442703831,0.470073557296169
434,0.850074412197014,0.149925587802986
435,0.387546436430003,0.612453563569997
436,0.098772404262441,0.901227595737559
437,0.654689444363617,0.345310555636383
438,0.466996931791484,0.533003068208516
439,0.508947262016854,0.491052737983146
440,0.710617007352468,0.289382992647532
441,0.565520037759521,0.434479962240479
442,0.234338708284098,0.765661291715902
443,0.506531273076444,0.493468726923556
444,0.212742551393654,0.787257448606346
445,0.782725758132374,0.217274241867626
446,0.467391874237569,0.532608125762431
447,0.738484662114687,0.261515337885313
448,0.199823443215441,0.800176556784559
449,0.211567565463746,0.788432434536254
450,0.469611635025084,0.530388364974916
451,0.00767886301956822,0.992321136980432
452,0.584423308393657,0.415576691606343
453,0.457290902003103,0.542709097996897
454,0.458405853984196,0.541594146015804
455,0.672627687213714,0.327372312786286
456,0.989353331325332,0.0106466686746682
457,0.504575841681711,0.495424158318289
458,0.234430152974315,0.765569847025685
459,0.249015050565068,0.750984949434932
460,0.369173839884209,0.630826160115791
461,0.962686068168358,0.0373139318316416
462,0.432486226393999,0.567513773606001
463,0.46832879603264,0.53167120396736
464,0.292690004790616,0.707309995209384
465,0.612545017345627,0.387454982654373
466,0.514927162513573,0.485072837486427
467,0.826447639659726,0.173552360340274
468,0.251690249667845,0.748309750332155
469,0.0474487489242174,0.952551251075783
470,0.228384101626737,0.771615898373263
471,0.521793401348088,0.478206598651912
472,0.758202388680484,0.241797611319516
473,0.571060898629874,0.428939101370126
474,0.522084447641814,0.477915552358186
475,0.762126274083377,0.237873725916623
476,0.621798437740657,0.378201562259343
477,0.476253689337018,0.523746310662982
478,0.907669021383581,0.0923309786164193
479,0.552369862800663,0.447630137199337
480,0.690708985939318,0.309291014060682
481,0.50483750882098,0.49516249117902
482,0.78332043485788,0.21667956514212
483,0.186311947077993,0.813688052922007
484,0.542766861388561,0.457233138611439
485,0.44010657706895,0.55989342293105
486,0.0640876072962246,0.935912392703775
487,0.246117092083716,0.753882907916284
488,0.569415962850387,0.430584037149613
489,0.0533976071520751,0.946602392847925
490,0.278950900965062,0.721049099034938
491,0.575406082328913,0.424593917671087
492,0.992789597640893,0.00721040235910661
493,0.416628472762779,0.583371527237221
494,0.710110576380496,0.289889423619504
495,0.547941712051796,0.452058287948204
496,0.318547540284453,0.681452459715547
497,0.613583377339371,0.386416622660629
498,0.491082600849083,0.508917399150917
499,0.453093859174504,0.546906140825496
500,0.948104275821643,0.0518957241783573
501,0.682129886070079,0.317870113929921
502,0.492714262403573,0.507285737596427
503,0.248222069311503,0.751777930688497
504,0.409882818911137,0.590117181088863
505,0.0557064591215721,0.944293540878428
506,0.903573156522189,0.0964268434778111
507,0.346877623135856,0.653122376864144
508,0.585516818045378,0.414483181954622
509,0.721317355773744,0.278682644226255
510,0.977485011231092,0.0225149887689075
511,0.546059048281769,0.453940951718231
512,0.554639314976458,0.445360685023542
513,0.485594846747016,0.514405153252984
514,0.250268556705895,0.749731443294105
515,0.409686059688946,0.590313940311054
516,0.265527567212337,0.734472432787663
517,0.490342237849981,0.509657762150019
518,0.812727538356174,0.187272461643826
519,0.522662427387745,0.477337572612255
520,0.383057918579984,0.616942081420016
521,0.576931726389458,0.423068273610542
522,0.256660874878501,0.743339125121499
523,0.274756833358764,0.725243166641236
524,0.231281428480526,0.768718571519474
525,0.409995627744289,0.590004372255711
526,0.37814425703334,0.62185574296666
527,0.466923096988386,0.533076903011614
528,0.603724471203828,0.396275528796172
529,0.467357851875616,0.532642148124384
530,0.861613320234273,0.138386679765727
531,0.597837620451408,0.402162379548592
532,0.411951472567643,0.588048527432357
533,0.451330468849427,0.548669531150573
534,0.443856889896177,0.556143110103823
535,0.477259729480621,0.522740270519379
536,0.261344671490654,0.738655328509346
537,0.425139449672303,0.574860550327697
538,0.833253488063286,0.166746511936714
539,0.38362814982109,0.61637185017891
540,0.507899713279365,0.492100286720635
541,0.460947645529385,0.539052354470615
542,0.594893304916884,0.405106695083116
543,0.14583132925608,0.85416867074392
544,0.0234674987187928,0.976532501281207
545,0.352534055878916,0.647465944121084
546,0.631917657033547,0.368082342966453
547,0.279824927864792,0.720175072135208
548,0.482678370535134,0.517321629464866
549,0.589343745937519,0.410656254062481
550,0.0710585508716988,0.928941449128301
551,0.384927365949454,0.615072634050546
552,0.384773869822164,0.615226130177836
553,0.168891867279502,0.831108132720498
554,0.325059049018005,0.674940950981995
555,0.802508036465152,0.197491963534848
556,0.365716831724957,0.634283168275043
557,0.0289498542800528,0.971050145719947
558,0.541365625340612,0.458634374659388
559,0.563914768710307,0.436085231289694
560,0.389278900513033,0.610721099486967
561,0.494539993494513,0.505460006505487
562,0.990007888593069,0.00999211140693089
563,0.40109053956073,0.59890946043927
564,0.447964388645511,0.552035611354489
565,0.639361312758839,0.360638687241161
566,0.180811129255643,0.819188870744357
567,0.0957605105997367,0.904239489400263
568,0.838808248586339,0.161191751413661
569,0.487635043803552,0.512364956196448
570,0.759017540105447,0.240982459894553
571,0.834995835506102,0.165004164493898
572,0.673764649475227,0.326235350524773
573,0.648133809006904,0.351866190993096
574,0.736736245791533,0.263263754208467
575,0.28078859139993,0.71921140860007
576,0.764664673578731,0.235335326421269
577,0.4565139775572,0.5434860224428
578,0.856653401852833,0.143346598147167
579,0.00906227122391945,0.990937728776081
580,0.477333508973285,0.522666491026715
581,0.547405479752902,0.452594520247098
582,0.553342137637538,0.446657862362462
583,0.456341846278663,0.543658153721337
584,0.521058290154408,0.478941709845592
585,0.533491268608264,0.466508731391736
586,0.464110554764736,0.535889445235264
587,0.163827604553034,0.836172395446966
588,0.363344026613376,0.636655973386624
589,0.821593468137048,0.178406531862952
590,0.479708655265746,0.520291344734254
591,0.741787457945909,0.258212542054091
592,0.264399273947664,0.735600726052336
593,0.388600007817182,0.611399992182818
594,0.74388851943676,0.25611148056324
595,0.411453069584068,0.588546930415932
596,0.437752206023716,0.562247793976284
597,0.753889373677618,0.246110626322382
598,0.402151404517266,0.597848595482734
599,0.483330000688212,0.516669999311788
600,0.337250291510432,0.662749708489568
601,0.0130923208415961,0.986907679158404
602,0.545497846958892,0.454502153041108
603,0.470073184272122,0.529926815727878
604,0.639752590306078,0.360247409693922
605,0.851576285659591,0.148423714340409
606,0.0985493316366229,0.901450668363377
607,0.438877469164152,0.561122530835848
608,0.480750058304249,0.519249941695751
609,0.901077599956264,0.0989224000437361
610,0.581098093355386,0.418901906644615
611,0.712089272350815,0.287910727649186
612,0.336645198703952,0.663354801296048
613,0.407209258581617,0.592790741418383
614,0.605946401172773,0.394053598827227
615,0.0427767623028963,0.957223237697104
616,0.628964815875512,0.371035184124488
617,0.298202236153273,0.701797763846727
618,0.348027645173759,0.651972354826241
619,0.823631717771804,0.176368282228196
620,0.240991086421901,0.759008913578099
621,0.453125814060782,0.546874185939218
622,0.521531444725011,0.478468555274989
623,0.113574856357135,0.886425143642865
624,0.458138616297338,0.541861383702662
625,0.36996111070273,0.63003888929727
626,0.408610241953102,0.591389758046898
627,0.0925798626426587,0.907420137357341
628,0.255342474139873,0.744657525860127
629,0.426619442606535,0.573380557393465
630,0.223811429395864,0.776188570604136
631,0.457853483890057,0.542146516109943
632,0.775039986376727,0.224960013623273
633,0.496384618087303,0.503615381912697
634,0.647824276026041,0.352175723973959
635,0.0112133068022222,0.988786693197778
636,0.75422762702191,0.24577237297809
637,0.370924348495772,0.629075651504228
638,0.395671772836184,0.604328227163816
639,0.567685288803669,0.432314711196331
640,0.81382192851621,0.18617807148379
641,0.970502900416036,0.0294970995839642
642,0.543491868078213,0.456508131921787
643,0.626665512940633,0.373334487059367
644,0.575085054653411,0.424914945346589
645,0.410418403333898,0.589581596666102
646,0.605417436788022,0.394582563211978
647,0.370506105930692,0.629493894069308
648,0.411447067150475,0.588552932849525
649,0.3441292209866,0.6558707790134
650,0.979698539713727,0.020301460286273
651,0.752021040939682,0.247978959060318
652,0.660661407103462,0.339338592896538
653,0.523096470734062,0.476903529265938
654,0.574111445649599,0.425888554350401
655,0.275428101611355,0.724571898388645
656,0.187602788450627,0.812397211549373
657,0.222095372929766,0.777904627070234
658,0.416727665393506,0.583272334606494
659,0.728373383054305,0.271626616945695
660,0.825046035615668,0.174953964384332
661,0.284714976567616,0.715285023432384
662,0.533804037853706,0.466195962146294
663,0.102332105151334,0.897667894848666
664,0.771813367985243,0.228186632014757
665,0.219635783263227,0.780364216736773
666,0.637619696414896,0.362380303585104
667,0.487910521861967,0.512089478138033
668,0.907186054543826,0.0928139454561744
669,0.435481994207438,0.564518005792562
670,0.602933783215899,0.397066216784101
671,0.541915843388346,0.458084156611655
672,0.521571463223898,0.478428536776102
673,0.693084990368687,0.306915009631313
674,0.495184294542093,0.504815705457907
675,0.280575858617651,0.719424141382349
676,0.768009222257528,0.231990777742472
677,0.82893149624394,0.17106850375606
678,0.694991909189096,0.305008090810904
679,0.490759493273999,0.509240506726001
680,0.359069900531699,0.640930099468301
681,0.51803535743732,0.48196464256268
682,0.111907439154297,0.888092560845703
683,0.425608681333112,0.574391318666888
684,0.577913623667812,0.422086376332188
685,0.967464869552397,0.0325351304476027
686,0.305013392671832,0.694986607328168
687,0.0455783840861602,0.95442161591384
688,0.680991406127182,0.319008593872818
689,0.242445360815202,0.757554639184798
690,0.592662815440146,0.407337184559854
691,0.527815995828042,0.472184004171958
692,0.620904096977149,0.379095903022851
693,0.560115730876934,0.439884269123066
694,0.493018181385195,0.506981818614805
695,0.60858451407216,0.39141548592784
696,0.603175781215729,0.396824218784271
697,0.465424158691086,0.534575841308914
698,0.684090328258081,0.315909671741919
699,0.788179599792255,0.211820400207745
700,0.88891130784561,0.11108869215439
701,0.43190395597042,0.56809604402958
702,0.451709725681631,0.548290274318369
703,0.638155750055178,0.361844249944822
704,0.473346630210909,0.526653369789091
705,0.777988319475967,0.222011680524033
706,0.187598091385355,0.812401908614645
707,0.280589848298975,0.719410151701025
708,0.642739099850963,0.357260900149037
709,0.0949708033914911,0.905029196608509
710,0.380316008063206,0.619683991936794
711,0.609409838641962,0.390590161358038
712,0.98407625356483,0.0159237464351698
713,0.230475416859553,0.769524583140447
714,0.483596592899695,0.516403407100305
715,0.301155270781214,0.698844729218786
716,0.897169295076768,0.102830704923232
717,0.258624106278733,0.741375893721267
718,0.142667967790577,0.857332032209423
719,0.704366335719239,0.295633664280761
720,0.975799691589409,0.0242003084105908
721,0.514658950653555,0.485341049346445
722,0.522987916053097,0.477012083946903
723,0.214407197598551,0.785592802401449
724,0.612449112209745,0.387550887790255
725,0.773697583158863,0.226302416841137
726,0.341530299008201,0.658469700991799
727,0.423767849601878,0.576232150398122
728,0.431103009598061,0.568896990401939
729,0.449853537693405,0.550146462306595
730,0.524810550275599,0.475189449724401
731,0.238570502388955,0.761429497611045
732,0.773052128130965,0.226947871869035
733,0.386139607747244,0.613860392252756
734,0.178431227651278,0.821568772348722
735,0.121707213883602,0.878292786116398
736,0.541912340603532,0.458087659396468
737,0.531627511909155,0.468372488090845
738,0.477809689940253,0.522190310059747
739,0.593955042306376,0.406044957693625
740,0.857347615934582,0.142652384065418
741,0.835050335983439,0.164949664016561
742,0.429852588265718,0.570147411734282
743,0.023376651832295,0.976623348167705
744,0.19105172626648,0.80894827373352
745,0.321955476238343,0.678044523761657
746,0.482420168772724,0.517579831227276
747,0.524534608197715,0.475465391802285
748,0.774078843354186,0.225921156645814
749,0.356201969001371,0.643798030998629
750,0.378242189516348,0.621757810483652
751,0.445703689392598,0.554296310607402
752,0.487361625317408,0.512638374682592
753,0.546064397230048,0.453935602769952
754,0.233616420334424,0.766383579665576
755,0.682245893995292,0.317754106004708
756,0.711836277616312,0.288163722383688
757,0.517268496430365,0.482731503569635
758,0.237188081269815,0.762811918730185
759,0.3933326927492,0.6066673072508
760,0.815966097615572,0.184033902384428
761,0.238781407320575,0.761218592679425
762,0.124646952509901,0.875353047490099
763,0.560030828840365,0.439969171159635
764,0.774405408233381,0.225594591766619
765,0.152802429702376,0.847197570297624
766,0.490703593752302,0.509296406247698
767,0.579849675403064,0.420150324596936
768,0.520785618919159,0.479214381080841
769,0.859162694294515,0.140837305705485
770,0.677305790328914,0.322694209671086
771,0.449311955687518,0.550688044312482
772,0.18068691311606,0.81931308688394
773,0.337448601729911,0.662551398270089
774,0.469654662670943,0.530345337329057
775,0.678628285360012,0.321371714639988
776,0.440832151637455,0.559167848362545
777,0.454356077272025,0.545643922727975
778,0.735878915266399,0.264121084733601
779,0.993699431276637,0.00630056872336333
780,0.432387567477567,0.567612432522433
781,0.49524097493131,0.50475902506869
782,0.0384136952786258,0.961586304721374
783,0.618001391324857,0.381998608675143
784,0.992797986371618,0.00720201362838223
785,0.546405838847398,0.453594161152602
786,0.472031195503481,0.527968804496519
787,0.548821667441112,0.451178332558888
788,0.952472692114153,0.047527307885847
789,0.410957686769755,0.589042313230245
790,0.557817805525931,0.442182194474069
791,0.519932260479759,0.480067739520241
792,0.590787892263828,0.409212107736172
793,0.930477711981402,0.0695222880185982
794,0.340634404170397,0.659365595829603
795,0.103717139119727,0.896282860880273
796,0.250981243923122,0.749018756076878
797,0.396040111394201,0.603959888605799
798,0.538125802357051,0.461874197642949
799,0.574433934328357,0.425566065671643
800,0.553832576914051,0.446167423085949
801,0.447957867810057,0.552042132189943
802,0.160678203133577,0.839321796866423
803,0.921152679277437,0.0788473207225625
804,0.485624835143717,0.514375164856283
805,0.592895039643776,0.407104960356224
806,0.561875640870061,0.438124359129939
807,0.097973068279013,0.902026931720987
808,0.836153735031868,0.163846264968132
809,0.145580437803495,0.854419562196505
810,0.759035862715543,0.240964137284457
811,0.251301174788836,0.748698825211164
812,0.94073118070956,0.0592688192904403
813,0.395984779613954,0.604015220386046
814,0.999092045992878,0.000907954007121963
815,0.87011801052945,0.12988198947055
816,0.906900460578063,0.0930995394219369
817,0.404778705982003,0.595221294017997
818,0.807467735349104,0.192532264650896
819,0.352670157776347,0.647329842223653
820,0.508121224940323,0.491878775059677
821,0.807848860775172,0.192151139224828
822,0.428434698371727,0.571565301628273
823,0.502241769257338,0.497758230742662
824,0.28240767698356,0.71759232301644
825,0.188704001672628,0.811295998327372
826,0.809138087032417,0.190861912967584
827,0.230293265608326,0.769706734391674
828,0.0136305337836017,0.986369466216398
829,0.286943268131381,0.713056731868619
830,0.368944884009431,0.631055115990569
831,0.59256456129878,0.40743543870122
832,0.490686496513595,0.509313503486405
833,0.5900070061917,0.4099929938083
834,0.175084592238465,0.824915407761535
835,0.421349248136151,0.578650751863849
836,0.970361175668381,0.0296388243316193
837,0.360203761580112,0.639796238419888
838,0.309554434333624,0.690445565666376
839,0.415868124230606,0.584131875769394
840,0.49513122735571,0.50486877264429
841,0.472689759624015,0.527310240375985
842,0.467880353189522,0.532119646810478
843,0.224066153911903,0.775933846088097
844,0.776807515617666,0.223192484382334
845,0.375581134631312,0.624418865368688
846,0.356067263769323,0.643932736230677
847,0.420567850699227,0.579432149300773
848,0.66467792216696,0.33532207783304
849,0.275882926081039,0.724117073918961
850,0.538665665893837,0.461334334106163
851,0.999472713930778,0.000527286069222218
852,0.302808276561479,0.697191723438521
853,0.45703623759289,0.54296376240711
854,0.990378312779821,0.00962168722017942
855,0.678143496409747,0.321856503590253
856,0.099312848109551,0.900687151890449
857,0.421748098570036,0.578251901429964
858,0.547238113639479,0.452761886360521
859,0.690999922500847,0.309000077499153
860,0.829742076820767,0.170257923179233
861,0.451678732171845,0.548321267828155
862,0.353923305852351,0.646076694147649
863,0.826986023283811,0.173013976716189
864,0.594721463559949,0.405278536440051
865,0.73467336925156,0.26532663074844
866,0.863151968117007,0.136848031882993
867,0.404686386751997,0.595313613248003
868,0.901807082120492,0.0981929178795078
869,0.0152041425201195,0.984795857479881
870,0.671626428654936,0.328373571345064
871,0.475705821027092,0.524294178972908
872,0.985197956972533,0.0148020430274669
873,0.471792425842,0.528207574158
874,0.244920088343401,0.755079911656599
875,0.494010899609384,0.505989100390616
876,0.477528023390657,0.522471976609343
877,0.764283999449687,0.235716000550313
878,0.127534792902732,0.872465207097268
879,0.183644169761109,0.816355830238891
880,0.534038103913332,0.465961896086668
881,0.61203542625793,0.38796457374207
882,0.314544971473602,0.685455028526398
883,0.668332985514938,0.331667014485062
884,0.218278362212835,0.781721637787165
885,0.854021486443939,0.145978513556061
886,0.0171904216515282,0.982809578348472
887,0.00535118972487381,0.994648810275126
888,0.395161128019262,0.604838871980738
889,0.654428984379093,0.345571015620907
890,0.58277684913803,0.41722315086197
891,0.94863011536091,0.05136988463909
892,0.463787272390759,0.536212727609241
893,0.986680642314882,0.0133193576851178
894,0.501156455770504,0.498843544229496
895,0.487574980902742,0.512425019097258
896,0.521151299346258,0.478848700653742
897,0.994020245254516,0.00597975474548391
898,0.328205301741272,0.671794698258728
899,0.942671109149821,0.0573288908501789
900,0.395965319991987,0.604034680008013
901,0.407712736641887,0.592287263358113
902,0.654223118504173,0.345776881495827
903,0.454182952615176,0.545817047384824
904,0.469135863732305,0.530864136267695
905,0.509136412912197,0.490863587087803
906,0.229464002997121,0.770535997002879
907,0.462720076453311,0.537279923546689
908,0.137084663909495,0.862915336090505
909,0.404282586181845,0.595717413818155
910,0.702292351300526,0.297707648699474
911,0.472407694898758,0.527592305101242
912,0.676152219737695,0.323847780262305
913,0.656502133836913,0.343497866163087
914,0.634987667473548,0.365012332526453
915,0.000355035292014638,0.999644964707985
916,0.577315278073802,0.422684721926198
917,0.733927322436262,0.266072677563738
918,0.377618263045162,0.622381736954838
919,0.668575132730078,0.331424867269922
920,0.523035631194665,0.476964368805335
921,0.637616402647037,0.362383597352963
922,0.425906263156261,0.574093736843739
923,0.149254505759886,0.850745494240114
924,0.858727338958584,0.141272661041416
925,0.524847833383585,0.475152166616415
926,0.0788359336476518,0.921164066352348
927,0.120687836193276,0.879312163806724
928,0.363834338216638,0.636165661783362
929,0.544358739693987,0.455641260306013
930,0.514294447772677,0.485705552227323
931,0.979951165899365,0.0200488341006349
932,0.492496752082792,0.507503247917208
933,0.58625583795094,0.41374416204906
934,0.430877083167871,0.569122916832129
935,0.150420024485948,0.849579975514052
936,0.56563430126198,0.43436569873802
937,0.90617636150276,0.0938236384972403
938,0.328232895572602,0.671767104427398
939,0.484381888731156,0.515618111268844
940,0.473055304389662,0.526944695610338
941,0.29830245507264,0.70169754492736
942,0.387371201506211,0.612628798493789
943,0.7262343445345,0.2737656554655
944,0.457959601987213,0.542040398012787
945,0.782725758132374,0.217274241867626
946,0.212742551393654,0.787257448606346
947,0.492292618179069,0.507707381820931
948,0.259312120230647,0.740687879769353
949,0.767265854393161,0.232734145606839
950,0.859278611956744,0.140721388043256
951,0.512354932080809,0.487645067919191
952,0.993628698011751,0.00637130198824858
953,0.391800370762593,0.608199629237407
954,0.644286825314944,0.355713174685056
955,0.484574600577017,0.515425399422983
956,0.292308642291881,0.707691357708119
957,0.0146612591229496,0.98533874087705
958,0.464003349821806,0.535996650178194
959,0.741830388702552,0.258169611297448
960,0.700270411976244,0.299729588023756
961,0.696753320265888,0.303246679734112
962,0.0531469660122946,0.946853033987705
963,0.544434130335712,0.455565869664288
964,0.481537202330363,0.518462797669637
965,0.6901308922054,0.3098691077946
966,0.313748171373458,0.686251828626542
967,0.441940551842589,0.558059448157411
968,0.185480196742462,0.814519803257538
969,0.723636234581153,0.276363765418847
970,0.953371551961372,0.046628448038628
971,0.761941271422719,0.238058728577281
972,0.43870172117882,0.56129827882118
973,0.186540058120892,0.813459941879108
974,0.360391795118108,0.639608204881892
975,0.447279891883876,0.552720108116124
976,0.274335459566733,0.725664540433267
977,0.363834338216638,0.636165661783362
978,0.484567585865737,0.515432414134263
979,0.0974055587291255,0.902594441270875
980,0.418576866304777,0.581423133695223
981,0.294346259616227,0.705653740383773
982,0.447119694602345,0.552880305397655
983,0.167365310389879,0.832634689610121
984,0.76956254734909,0.23043745265091
985,0.404778705982003,0.595221294017997
986,0.47337654340175,0.52662345659825
987,0.880108424388779,0.119891575611221
988,0.737709486582191,0.262290513417809
989,0.394562834878494,0.605437165121506
990,0.902889307427021,0.0971106925729795
991,0.70876099668434,0.29123900331566
992,0.402901659755232,0.597098340244768
993,0.0138214230408844,0.986178576959116
994,0.581000204544151,0.418999795455849
995,0.26871032451224,0.73128967548776
996,0.448302457001569,0.551697542998431
997,0.634344481464632,0.365655518535368
998,0.435779164196405,0.564220835803595
999,0.462589501508373,0.537410498491627
1000,0.513560066947122,0.486439933052878
1001,0.0526695616592392,0.947330438340761
1002,0.307283170459019,0.692716829540981
