"ID","Choice0","Choice1"
1,0.447231881584119,0.552768118415881
2,0.902260616958669,0.0977393830413314
3,0.237209467944439,0.762790532055561
4,0.447283520150904,0.552716479849096
5,0.05971238500981,0.94028761499019
6,0.724239105752223,0.275760894247777
7,0.0907426799891796,0.90925732001082
8,0.447283520150904,0.552716479849096
9,0.0736086701692952,0.926391329830705
10,0.447283520150904,0.552716479849096
11,0.174666352470603,0.825333647529397
12,0.722137496723631,0.277862503276369
13,0.90336501079697,0.0966349892030303
14,0.703939253634174,0.296060746365826
15,0.781055310590429,0.218944689409571
16,0.447284637294807,0.552715362705193
17,0.251241255856278,0.748758744143722
18,0.145885942495466,0.854114057504534
19,0.74183901931887,0.25816098068113
20,0.559985981014874,0.440014018985126
21,0.901495495376508,0.0985045046234917
22,0.904387162290386,0.0956128377096141
23,0.827186343138928,0.172813656861072
24,0.334684438218552,0.665315561781448
25,0.90265748343099,0.0973425165690102
26,0.529882152994718,0.470117847005282
27,0.297877223915324,0.702122776084676
28,0.448034817498005,0.551965182501995
29,0.0639603221801396,0.93603967781986
30,0.112696057991689,0.887303942008311
31,0.783950506855414,0.216049493144586
32,0.487025026871076,0.512974973128924
33,0.433734393670348,0.566265606329652
34,0.530792538952197,0.469207461047803
35,0.903887319487932,0.0961126805120683
36,0.800172576687345,0.199827423312655
37,0.0597315674486145,0.940268432551385
38,0.833404534407874,0.166595465592126
39,0.447283520150904,0.552716479849096
40,0.876367581649277,0.123632418350723
41,0.448747188513402,0.551252811486598
42,0.758547135758074,0.241452864241926
43,0.447283520150904,0.552716479849096
44,0.890226749764614,0.109773250235386
45,0.232289296817467,0.767710703182533
46,0.447286353505569,0.552713646494431
47,0.469528640098502,0.530471359901498
48,0.39430496725939,0.60569503274061
49,0.90443503623506,0.0955649637649397
50,0.447550274272541,0.552449725727459
51,0.904317836595382,0.0956821634046178
52,0.904423897595816,0.0955761024041843
53,0.90312858354407,0.0968714164559304
54,0.0657007264058995,0.9342992735941
55,0.888619709779833,0.111380290220167
56,0.904438149631915,0.0955618503680845
57,0.0713652077851326,0.928634792214867
58,0.683021401691029,0.316978598308972
59,0.817849299127114,0.182150700872886
60,0.348401679872301,0.651598320127699
61,0.447230300978879,0.552769699021121
62,0.904432821690809,0.0955671783091912
63,0.85614000577952,0.14385999422048
64,0.374948136248559,0.625051863751441
65,0.904366825934311,0.0956331740656888
66,0.903016476009424,0.0969835239905762
67,0.447283520150904,0.552716479849096
68,0.421007434032288,0.578992565967712
69,0.0958804682834662,0.904119531716534
70,0.447283520150904,0.552716479849096
71,0.074407526149136,0.925592473850864
72,0.0597616065164849,0.940238393483515
73,0.447283520150904,0.552716479849096
74,0.674262058038226,0.325737941961774
75,0.430700246918865,0.569299753081135
76,0.570727017405428,0.429272982594572
77,0.446773803342679,0.553226196657321
78,0.904438149631915,0.0955618503680845
79,0.517881812051494,0.482118187948506
80,0.446183533343413,0.553816466656587
81,0.432747550802321,0.567252449197679
82,0.557937631227422,0.442062368772578
83,0.428368131685136,0.571631868314864
84,0.307564650260108,0.692435349739892
85,0.460264182007305,0.539735817992695
86,0.903751321893546,0.0962486781064538
87,0.88953886558513,0.11046113441487
88,0.447283520150904,0.552716479849096
89,0.454517842279546,0.545482157720454
90,0.447283520150904,0.552716479849096
91,0.882217139270695,0.117782860729305
92,0.452782652420278,0.547217347579722
93,0.0659135311268561,0.934086468873144
94,0.447243532333995,0.552756467666005
95,0.878129942242091,0.121870057757909
96,0.101263663611451,0.898736336388549
97,0.447283520150904,0.552716479849096
98,0.459301393165611,0.540698606834389
99,0.847692494002807,0.152307505997193
100,0.904438149631915,0.0955618503680845
101,0.400069864197595,0.599930135802405
102,0.718154774534465,0.281845225465535
103,0.238326065592733,0.761673934407267
104,0.0606372965532415,0.939362703446759
105,0.904429898486189,0.0955701015138111
106,0.59784195557776,0.40215804442224
107,0.466732578689277,0.533267421310723
108,0.0819948904330224,0.918005109566978
109,0.213896305134889,0.786103694865111
110,0.0611359848324284,0.938864015167572
111,0.447286726299812,0.552713273700188
112,0.710637000885366,0.289362999114634
113,0.447858456810573,0.552141543189427
114,0.904438149631915,0.0955618503680845
115,0.220871060981409,0.779128939018591
116,0.730525292099647,0.269474707900353
117,0.872564408846187,0.127435591153813
118,0.0677163966496896,0.93228360335031
119,0.447391544756241,0.552608455243759
120,0.554538198492896,0.445461801507104
121,0.107665562437751,0.892334437562249
122,0.904430036731325,0.0955699632686752
123,0.427134087071073,0.572865912928927
124,0.449444800189706,0.550555199810294
125,0.904370024318078,0.0956299756819217
126,0.898096563321035,0.101903436678965
127,0.904263790740648,0.0957362092593518
128,0.604832759763106,0.395167240236894
129,0.904433691033767,0.0955663089662327
130,0.505951237383679,0.494048762616321
131,0.106445854005442,0.893554145994558
132,0.457043013847121,0.542956986152879
133,0.433654789166389,0.566345210833611
134,0.904438149631915,0.0955618503680845
135,0.0820607385697967,0.917939261430203
136,0.888348292694761,0.111651707305239
137,0.881437442586172,0.118562557413828
138,0.115227155282639,0.884772844717361
139,0.0894209160996152,0.910579083900385
140,0.0616925565252164,0.938307443474784
141,0.559985897537925,0.440014102462075
142,0.265875719207017,0.734124280792983
143,0.197375712383918,0.802624287616082
144,0.390885302180395,0.609114697819605
145,0.447283520150904,0.552716479849096
146,0.635873734999457,0.364126265000543
147,0.825600898445254,0.174399101554746
148,0.897055340153347,0.102944659846653
149,0.0598796382080703,0.94012036179193
150,0.064476813383025,0.935523186616975
151,0.447283520150904,0.552716479849096
152,0.223176642833334,0.776823357166666
153,0.0597148357184281,0.940285164281572
154,0.89139618719136,0.10860381280864
155,0.904239694257602,0.0957603057423984
156,0.791016248049153,0.208983751950847
157,0.427018387207442,0.572981612792558
158,0.12136789733257,0.87863210266743
159,0.05971238500981,0.94028761499019
160,0.88842363711364,0.11157636288636
161,0.447283520150904,0.552716479849096
162,0.902671854581129,0.0973281454188712
163,0.0597124531339636,0.940287546866036
164,0.895490661476768,0.104509338523232
165,0.296071899052644,0.703928100947356
166,0.420179801167376,0.579820198832624
167,0.447283520150904,0.552716479849096
168,0.447284572796971,0.552715427203029
169,0.0921219399523928,0.907878060047607
170,0.357430337483064,0.642569662516936
171,0.363257382927739,0.636742617072261
172,0.127315996328056,0.872684003671944
173,0.447293212648377,0.552706787351623
174,0.447283520150904,0.552716479849096
175,0.0754576457721965,0.924542354227804
176,0.357516747870033,0.642483252129967
177,0.104581629515526,0.895418370484474
178,0.44531404007845,0.55468595992155
179,0.672182724301118,0.327817275698882
180,0.446789687392766,0.553210312607234
181,0.447283520150904,0.552716479849096
182,0.83146889923676,0.16853110076324
183,0.180106223989247,0.819893776010753
184,0.0895657854947188,0.910434214505281
185,0.904436499610248,0.0955635003897523
186,0.904395488509385,0.0956045114906145
187,0.0807492081422796,0.91925079185772
188,0.901262331443407,0.0987376685565931
189,0.447241564876447,0.552758435123553
190,0.904194184614069,0.0958058153859314
191,0.0883594497679034,0.911640550232097
192,0.415005332829804,0.584994667170196
193,0.875536197973741,0.124463802026259
194,0.444068960781064,0.555931039218936
195,0.105800111044234,0.894199888955766
196,0.595680399150167,0.404319600849833
197,0.121328410048322,0.878671589951678
198,0.254799053210735,0.745200946789265
199,0.447283520150904,0.552716479849096
200,0.740327952088666,0.259672047911334
201,0.438774812723437,0.561225187276563
202,0.447283520150904,0.552716479849096
203,0.690549432841251,0.309450567158749
204,0.0642102515854819,0.935789748414518
205,0.904438149631915,0.0955618503680845
206,0.898200343173022,0.101799656826978
207,0.259922965447949,0.740077034552051
208,0.447283520150904,0.552716479849096
209,0.447283520150904,0.552716479849096
210,0.447336883415906,0.552663116584094
211,0.05971238500981,0.94028761499019
212,0.891495780931176,0.108504219068824
213,0.46063974473408,0.53936025526592
214,0.871071908456861,0.128928091543139
215,0.05971238500981,0.94028761499019
216,0.897815959667406,0.102184040332594
217,0.904377215576435,0.0956227844235651
218,0.0598731933872282,0.940126806612772
219,0.0825328250304403,0.91746717496956
220,0.19362033119503,0.80637966880497
221,0.362781260514138,0.637218739485862
222,0.903603269053767,0.0963967309462329
223,0.110072629205239,0.889927370794761
224,0.0686533265643731,0.931346673435627
225,0.496630373770279,0.503369626229721
226,0.649194365285357,0.350805634714643
227,0.745842778263367,0.254157221736633
228,0.829587961294051,0.170412038705949
229,0.356058479778129,0.643941520221871
230,0.902803400996145,0.0971965990038553
231,0.0781688114106556,0.921831188589344
232,0.827753072387917,0.172246927612084
233,0.872228571978007,0.127771428021993
234,0.447283520150904,0.552716479849096
235,0.447283520150904,0.552716479849096
236,0.398800275151652,0.601199724848348
237,0.447283520150904,0.552716479849096
238,0.134574004223517,0.865425995776483
239,0.0632924630214339,0.936707536978566
240,0.0626961013573553,0.937303898642645
241,0.447551291232512,0.552448708767488
242,0.904438149631915,0.0955618503680845
243,0.902486330032923,0.097513669967077
244,0.874227210014724,0.125772789985276
245,0.483913213014197,0.516086786985803
246,0.387017373040901,0.612982626959099
247,0.0611965926356547,0.938803407364345
248,0.904438149631915,0.0955618503680845
249,0.452933339530666,0.547066660469334
250,0.499787000572339,0.500212999427661
251,0.379178070340523,0.620821929659477
252,0.167262342064659,0.832737657935341
253,0.904414200207271,0.095585799792729
254,0.05971238500981,0.94028761499019
255,0.116369931291527,0.883630068708473
256,0.447283895408999,0.552716104591001
257,0.902336559754044,0.097663440245956
258,0.447308330474856,0.552691669525144
259,0.447283520150904,0.552716479849096
260,0.902277406514943,0.0977225934850568
261,0.903907747003318,0.0960922529966821
262,0.431789227951692,0.568210772048308
263,0.0876652004989982,0.912334799501002
264,0.903413197963061,0.096586802036939
265,0.404815772929001,0.595184227070999
266,0.21884143511535,0.78115856488465
267,0.383737639058412,0.616262360941588
268,0.05971238500981,0.94028761499019
269,0.149408600919885,0.850591399080115
270,0.64801781136705,0.35198218863295
271,0.903714128628475,0.0962858713715248
272,0.668987812898133,0.331012187101867
273,0.615952712066598,0.384047287933403
274,0.190382909232651,0.809617090767349
275,0.4483666162944,0.5516333837056
276,0.750582045549995,0.249417954450006
277,0.447278500359553,0.552721499640447
278,0.0597126636223307,0.940287336377669
279,0.616979773567042,0.383020226432958
280,0.271651162955392,0.728348837044608
281,0.904438149631915,0.0955618503680845
282,0.173742379007121,0.826257620992879
283,0.0597137408826404,0.94028625911736
284,0.170850078445566,0.829149921554434
285,0.468737217492664,0.531262782507336
286,0.447283520150904,0.552716479849096
287,0.447282223683354,0.552717776316646
288,0.761581154240655,0.238418845759345
289,0.565202966804339,0.434797033195661
290,0.341239447909983,0.658760552090017
291,0.114318887193149,0.885681112806851
292,0.0667732878927431,0.933226712107257
293,0.447519099670884,0.552480900329116
294,0.904429877741416,0.0955701222585843
295,0.446458462766514,0.553541537233486
296,0.503799261138274,0.496200738861726
297,0.440391826132858,0.559608173867142
298,0.447283520150904,0.552716479849096
299,0.210603068557385,0.789396931442615
300,0.721140681686176,0.278859318313824
301,0.865098698374747,0.134901301625253
302,0.05971238500981,0.94028761499019
303,0.466627785844617,0.533372214155383
304,0.901137986111163,0.0988620138888371
305,0.702823061562479,0.297176938437521
306,0.902875871892251,0.0971241281077488
307,0.0631034980137439,0.936896501986256
308,0.904415670130647,0.0955843298693527
309,0.34076329038098,0.65923670961902
310,0.447283520150904,0.552716479849096
311,0.05971238500981,0.94028761499019
312,0.798220419987857,0.201779580012143
313,0.447283520150904,0.552716479849096
314,0.0627370531592654,0.937262946840735
315,0.0598417609226031,0.940158239077397
316,0.76876454249544,0.23123545750456
317,0.0690007024315222,0.930999297568478
318,0.858419747040631,0.141580252959369
319,0.853643006995382,0.146356993004618
320,0.447283520150904,0.552716479849096
321,0.873254713263351,0.126745286736649
322,0.444090303642642,0.555909696357358
323,0.903649528041912,0.0963504719580885
324,0.904334816852578,0.0956651831474217
325,0.0961459426818959,0.903854057318104
326,0.904290526480595,0.0957094735194046
327,0.904433281900745,0.0955667180992555
328,0.447284400507347,0.552715599492653
329,0.447283520150904,0.552716479849096
330,0.127264375573375,0.872735624426625
331,0.782489236859849,0.217510763140151
332,0.447269975256462,0.552730024743538
333,0.904432467681622,0.0955675323183782
334,0.836227865593716,0.163772134406284
335,0.447283520150904,0.552716479849096
336,0.447284111622266,0.552715888377734
337,0.786342943159561,0.213657056840439
338,0.580089897831013,0.419910102168987
339,0.298303282513017,0.701696717486983
340,0.650882283415613,0.349117716584387
341,0.519890909287218,0.480109090712782
342,0.904359333022282,0.0956406669777178
343,0.0612626167064031,0.938737383293597
344,0.775179299875312,0.224820700124688
345,0.447555053715042,0.552444946284958
346,0.857940774908442,0.142059225091558
347,0.0825645425133499,0.91743545748665
348,0.902597485761316,0.0974025142386843
349,0.556855388766087,0.443144611233913
350,0.447283520150904,0.552716479849096
351,0.889838066347109,0.110161933652891
352,0.40445669314999,0.59554330685001
353,0.0597126569207785,0.940287343079221
354,0.824839660133952,0.175160339866048
355,0.904437881008001,0.0955621189919989
356,0.73706898744152,0.26293101255848
357,0.329564981872975,0.670435018127025
358,0.0645936431082577,0.935406356891742
359,0.425940005052259,0.574059994947741
360,0.447285436110739,0.552714563889261
361,0.759357929467013,0.240642070532987
362,0.425913795695788,0.574086204304212
363,0.522153575955923,0.477846424044077
364,0.0769176871853742,0.923082312814626
365,0.05971238500981,0.94028761499019
366,0.447283520150904,0.552716479849096
367,0.0597353877147418,0.940264612285258
368,0.904438149631915,0.0955618503680845
369,0.0874471653662791,0.912552834633721
370,0.451508447588592,0.548491552411408
371,0.0597404410833512,0.940259558916649
372,0.439100228676662,0.560899771323338
373,0.903292573687806,0.0967074263121943
374,0.402909784501551,0.597090215498449
375,0.468002647641262,0.531997352358738
376,0.421826121318567,0.578173878681433
377,0.904437161180111,0.0955628388198895
378,0.90376152735275,0.0962384726472497
379,0.331926537689784,0.668073462310216
380,0.447274720454003,0.552725279545997
381,0.843571170697631,0.156428829302369
382,0.165425668993199,0.834574331006801
383,0.72511011127263,0.27488988872737
384,0.05971238500981,0.94028761499019
385,0.90443758487017,0.09556241512983
386,0.904438149631915,0.0955618503680845
387,0.758868490042265,0.241131509957735
388,0.060052432789101,0.939947567210899
389,0.447283520150904,0.552716479849096
390,0.446895564985103,0.553104435014897
391,0.448491751522181,0.551508248477819
392,0.447283520150904,0.552716479849096
393,0.672553050966139,0.327446949033861
394,0.422489689172403,0.577510310827597
395,0.109213569350066,0.890786430649934
396,0.0624409949814482,0.937559005018552
397,0.447285048260351,0.552714951739649
398,0.447283520150904,0.552716479849096
399,0.458474641243268,0.541525358756732
400,0.447283520150904,0.552716479849096
401,0.0912314489978756,0.908768551002124
402,0.836596137968729,0.163403862031271
403,0.506649016106991,0.493350983893009
404,0.246671704757536,0.753328295242464
405,0.90244696771425,0.0975530322857503
406,0.391274948141141,0.608725051858859
407,0.90407607582212,0.0959239241778802
408,0.447283520150904,0.552716479849096
409,0.201602370485724,0.798397629514276
410,0.475020883013867,0.524979116986133
411,0.446334817826919,0.553665182173081
412,0.0673859095384978,0.932614090461502
413,0.377057572617874,0.622942427382126
414,0.904438149631915,0.0955618503680845
415,0.279652145713895,0.720347854286105
416,0.0918490763815699,0.90815092361843
417,0.889191379696827,0.110808620303173
418,0.0928939946908394,0.907106005309161
419,0.392284278097334,0.607715721902666
420,0.109321511850941,0.890678488149059
421,0.499508336531506,0.500491663468494
422,0.903010570261901,0.0969894297380992
423,0.0622192244684489,0.937780775531551
424,0.442514078567091,0.557485921432909
425,0.904433824251848,0.0955661757481518
426,0.904360204619269,0.0956397953807313
427,0.882220669910419,0.117779330089581
428,0.465258470101456,0.534741529898544
429,0.426300337470217,0.573699662529783
430,0.05971238500981,0.94028761499019
431,0.450977033255056,0.549022966744944
432,0.170513453547062,0.829486546452938
433,0.524256507296487,0.475743492703513
434,0.904369062511556,0.0956309374884444
435,0.278812466333696,0.721187533666304
436,0.061761044350393,0.938238955649607
437,0.48785534382996,0.51214465617004
438,0.447305847252257,0.552694152747743
439,0.447283031689613,0.552716968310387
440,0.903845058372909,0.0961549416270914
441,0.709689488497914,0.290310511502086
442,0.115549285526994,0.884450714473006
443,0.516547824491266,0.483452175508734
444,0.0640393706667725,0.935960629333228
445,0.904418455168754,0.0955815448312462
446,0.460348587787886,0.539651412212114
447,0.894418108971358,0.105581891028642
448,0.0775152099902567,0.922484790009743
449,0.0598164864374793,0.940183513562521
450,0.337945252309452,0.662054747690548
451,0.0597124946134898,0.94028750538651
452,0.834293940826073,0.165706059173927
453,0.417804758551331,0.582195241448669
454,0.511146769730976,0.488853230269024
455,0.890834555477004,0.109165444522997
456,0.904438149631915,0.0955618503680845
457,0.510826153069768,0.489173846930232
458,0.0616893599922927,0.938310640007707
459,0.0853080207843998,0.9146919792156
460,0.059798022787,0.940201977213
461,0.447283520150904,0.552716479849096
462,0.447283520150904,0.552716479849096
463,0.899857765804388,0.100142234195612
464,0.140423811320493,0.859576188679507
465,0.523345213610152,0.476654786389848
466,0.435757493065907,0.564242506934093
467,0.903663163680473,0.0963368363195269
468,0.447283520150904,0.552716479849096
469,0.0598572497163795,0.94014275028362
470,0.426876016178024,0.573123983821976
471,0.548236977274802,0.451763022725198
472,0.903581807111707,0.0964181928882933
473,0.902877420052855,0.0971225799471446
474,0.703883001456351,0.296116998543649
475,0.904380835868761,0.0956191641312391
476,0.882220669910419,0.117779330089581
477,0.402649688867148,0.597350311132852
478,0.904437407802752,0.0955625921972483
479,0.505455356508206,0.494544643491793
480,0.447943251172569,0.552056748827431
481,0.490825711538397,0.509174288461603
482,0.870265557926575,0.129734442073425
483,0.270311586693882,0.729688413306118
484,0.76876454249544,0.23123545750456
485,0.339399915834387,0.660600084165613
486,0.05975275624221,0.94024724375779
487,0.085314038958989,0.914685961041011
488,0.884827953381703,0.115172046618297
489,0.13632594643771,0.86367405356229
490,0.0853144317644509,0.914685568235549
491,0.820029439066988,0.179970560933012
492,0.447283520150904,0.552716479849096
493,0.32262456539596,0.67737543460404
494,0.903111529654246,0.096888470345754
495,0.447283730094949,0.552716269905051
496,0.150036516174742,0.849963483825258
497,0.904424713710536,0.0955752862894636
498,0.544434899010625,0.455565100989375
499,0.31613999437376,0.68386000562624
500,0.904435879413541,0.0955641205864595
501,0.90342156553776,0.0965784344622396
502,0.466716871149839,0.533283128850161
503,0.0897393402979091,0.910260659702091
504,0.447284247304441,0.552715752695559
505,0.447283520150904,0.552716479849096
506,0.904438149631915,0.0955618503680845
507,0.0638554530291079,0.936144546970892
508,0.898004301331776,0.101995698668224
509,0.447381594978416,0.552618405021584
510,0.904438023414207,0.0955619765857932
511,0.44728405061866,0.55271594938134
512,0.785952252668828,0.214047747331172
513,0.178933788701344,0.821066211298656
514,0.0686918919890857,0.931308108010914
515,0.28362950317985,0.71637049682015
516,0.447172240341487,0.552827759658513
517,0.447283520150904,0.552716479849096
518,0.902805474132989,0.0971945258670114
519,0.439979102158594,0.560020897841406
520,0.221606851643424,0.778393148356576
521,0.536455654346533,0.463544345653467
522,0.0768178998346846,0.923182100165315
523,0.0598924197697392,0.940107580230261
524,0.426640641394503,0.573359358605497
525,0.904063528348866,0.0959364716511341
526,0.289245949616912,0.710754050383088
527,0.422763109860847,0.577236890139153
528,0.426159794123339,0.573840205876661
529,0.447283895408999,0.552716104591001
530,0.904430275485383,0.095569724514617
531,0.86053842997733,0.13946157002267
532,0.181159078966895,0.818840921033105
533,0.454334493707716,0.545665506292284
534,0.414352938139697,0.585647061860303
535,0.411097209817295,0.588902790182705
536,0.0702084950483627,0.929791504951637
537,0.155003236163522,0.844996763836478
538,0.90407607582212,0.0959239241778802
539,0.190212396424456,0.809787603575544
540,0.447283520150904,0.552716479849096
541,0.222210421885498,0.777789578114502
542,0.448712103567867,0.551287896432133
543,0.367508125469337,0.632491874530663
544,0.447283520150904,0.552716479849096
545,0.104392628672084,0.895607371327916
546,0.755645411137303,0.244354588862697
547,0.445365549479692,0.554634450520308
548,0.409990254431034,0.590009745568966
549,0.869951179018346,0.130048820981655
550,0.05971238500981,0.94028761499019
551,0.447718323951165,0.552281676048835
552,0.0708593521390497,0.92914064786095
553,0.0690164902012874,0.930983509798713
554,0.280422159892079,0.719577840107921
555,0.904036872670879,0.0959631273291214
556,0.130182965927366,0.869817034072634
557,0.232179087257668,0.767820912742332
558,0.883123987250812,0.116876012749188
559,0.13380891879629,0.86619108120371
560,0.10141706769818,0.89858293230182
561,0.533321662133811,0.466678337866189
562,0.904388826628571,0.0956111733714285
563,0.0633719840492538,0.936628015950746
564,0.3166446435272,0.6833553564728
565,0.865963631558788,0.134036368441212
566,0.061034037214493,0.938965962785507
567,0.0611661111180025,0.938833888881997
568,0.447283520150904,0.552716479849096
569,0.540463029258573,0.459536970741427
570,0.903811880388826,0.0961881196111739
571,0.447283520150904,0.552716479849096
572,0.902033196792203,0.0979668032077971
573,0.846362010817372,0.153637989182628
574,0.60320169776351,0.39679830223649
575,0.0597139950216945,0.940286004978306
576,0.688943864154044,0.311056135845956
577,0.483000363120213,0.516999636879787
578,0.902557896060643,0.0974421039393571
579,0.05971238500981,0.94028761499019
580,0.419022898520536,0.580977101479464
581,0.861374011771109,0.138625988228891
582,0.691255349991052,0.308744650008948
583,0.363009606628454,0.636990393371546
584,0.639058316530562,0.360941683469438
585,0.651939587465861,0.348060412534139
586,0.476611584449692,0.523388415550308
587,0.446844937395122,0.553155062604878
588,0.0979441291550222,0.902055870844978
589,0.447283520150904,0.552716479849096
590,0.556360828981298,0.443639171018702
591,0.904205639182568,0.0957943608174321
592,0.107937261124044,0.892062738875956
593,0.447278400348429,0.552721599651571
594,0.904074037171746,0.0959259628282538
595,0.471367719658986,0.528632280341014
596,0.42394393278622,0.57605606721378
597,0.904437501547238,0.095562498452762
598,0.447283520150904,0.552716479849096
599,0.465641894493303,0.534358105506697
600,0.140584707020446,0.859415292979554
601,0.0597125845617122,0.940287415438288
602,0.477753562714181,0.522246437285819
603,0.177251915088843,0.822748084911157
604,0.869554284017696,0.130445715982304
605,0.904406214952733,0.0955937850472666
606,0.0612412307513143,0.938758769248686
607,0.486149004014751,0.513850995985249
608,0.452553394288905,0.547446605711095
609,0.896231270084426,0.103768729915574
610,0.737018851507409,0.262981148492591
611,0.904007372698161,0.0959926273018392
612,0.447283834915173,0.552716165084827
613,0.240298688983436,0.759701311016564
614,0.449841661276833,0.550158338723167
615,0.0597132504974084,0.940286749502592
616,0.759597184595411,0.240402815404589
617,0.149136617254884,0.850863382745116
618,0.25882348511699,0.74117651488301
619,0.903717320474108,0.0962826795258919
620,0.447283520150904,0.552716479849096
621,0.402179049772023,0.597820950227977
622,0.822725092937596,0.177274907062404
623,0.0606321706470667,0.939367829352933
624,0.503929403278514,0.496070596721486
625,0.447283520150904,0.552716479849096
626,0.0604592915536833,0.939540708446317
627,0.443907422978339,0.556092577021661
628,0.0661883950248946,0.933811604975105
629,0.378839182044153,0.621160817955847
630,0.061481365332835,0.938518634667165
631,0.413358629082934,0.586641370917066
632,0.861781760242255,0.138218239757745
633,0.447283052633683,0.552716947366317
634,0.818004094987082,0.181995905012918
635,0.05971238500981,0.94028761499019
636,0.899150643745468,0.100849356254532
637,0.445288933397134,0.554711066602866
638,0.139782121641879,0.860217878358121
639,0.784769221028133,0.215230778971867
640,0.903879961801838,0.0961200381981615
641,0.591942812361819,0.408057187638181
642,0.320663595136892,0.679336404863108
643,0.557461006548624,0.442538993451376
644,0.861089036361417,0.138910963638583
645,0.698829987288952,0.301170012711048
646,0.605433508905558,0.394566491094442
647,0.447220686097282,0.552779313902718
648,0.173040611432131,0.826959388567869
649,0.100588038688191,0.899411961311809
650,0.904438149631915,0.0955618503680845
651,0.903959727135104,0.0960402728648963
652,0.447283520150904,0.552716479849096
653,0.856949083553367,0.143050916446633
654,0.470641831590193,0.529358168409807
655,0.145677469344142,0.854322530655858
656,0.0890397523453272,0.910960247654673
657,0.4269069067262,0.5730930932738
658,0.486233565992273,0.513766434007727
659,0.902275638935474,0.0977243610645257
660,0.904438149631915,0.0955618503680845
661,0.372648898853666,0.627351101146334
662,0.447283520150904,0.552716479849096
663,0.0613295970655087,0.938670402934491
664,0.902420820261087,0.0975791797389125
665,0.0824664196970909,0.917533580302909
666,0.878852265876993,0.121147734123007
667,0.601930504518003,0.398069495481997
668,0.447343117279601,0.552656882720399
669,0.447283520150904,0.552716479849096
670,0.883160067966191,0.116839932033809
671,0.511881419276686,0.488118580723314
672,0.597453804600909,0.402546195399091
673,0.896684364741228,0.103315635258772
674,0.447283520150904,0.552716479849096
675,0.447283520150904,0.552716479849096
676,0.897686833281932,0.102313166718068
677,0.780523895593487,0.219476104406513
678,0.903297886804888,0.0967021131951123
679,0.485469746643779,0.514530253356221
680,0.245662528018672,0.754337471981328
681,0.535165039416528,0.464834960583472
682,0.447283520150904,0.552716479849096
683,0.191974103018333,0.808025896981667
684,0.864675083968488,0.135324916031512
685,0.904437533516851,0.0955624664831493
686,0.0858710146335279,0.914128985366472
687,0.0779736094680735,0.922026390531926
688,0.893299372895366,0.106700627104634
689,0.0613952521063333,0.938604747893667
690,0.646835694341412,0.353164305658588
691,0.326433737600651,0.673566262399349
692,0.861392521336503,0.138607478663497
693,0.63400662639695,0.36599337360305
694,0.528680056626143,0.471319943373857
695,0.447283520150904,0.552716479849096
696,0.900613507477548,0.0993864925224521
697,0.387248637164344,0.612751362835656
698,0.771130370606073,0.228869629393927
699,0.879567494556145,0.120432505443855
700,0.904434037711927,0.0955659622880727
701,0.327755680584426,0.672244319415574
702,0.88087160864999,0.11912839135001
703,0.448618090484423,0.551381909515577
704,0.261742632961904,0.738257367038096
705,0.904420612501766,0.0955793874982336
706,0.0597763713239964,0.940223628676004
707,0.0768313086495523,0.923168691350448
708,0.75403619719287,0.24596380280713
709,0.447283520150904,0.552716479849096
710,0.490496435061074,0.509503564938926
711,0.628065378108776,0.371934621891224
712,0.904438149631915,0.0955618503680845
713,0.0857128111649207,0.914287188835079
714,0.475119433977128,0.524880566022872
715,0.448698814331481,0.551301185668519
716,0.904438149631915,0.0955618503680845
717,0.0664223464197148,0.933577653580285
718,0.0630234687527094,0.936976531247291
719,0.904397519197307,0.0956024808026928
720,0.904438000443598,0.0955619995564018
721,0.836845330253925,0.163154669746075
722,0.51570502382563,0.48429497617437
723,0.0995357782301619,0.900464221769838
724,0.862212988767487,0.137787011232513
725,0.903002471487363,0.0969975285126368
726,0.447269823247918,0.552730176752082
727,0.34536685582221,0.65463314417779
728,0.32115235850371,0.67884764149629
729,0.109387009668749,0.890612990331251
730,0.541386861381274,0.458613138618726
731,0.0785341151685589,0.921465884831441
732,0.903128304684696,0.0968716953153037
733,0.12830080452887,0.87169919547113
734,0.0634697858354616,0.936530214164538
735,0.447283520150904,0.552716479849096
736,0.447283520150904,0.552716479849096
737,0.548897076014584,0.451102923985416
738,0.447283520150904,0.552716479849096
739,0.888685711692162,0.111314288307838
740,0.9042274520343,0.0957725479657001
741,0.904231383332758,0.0957686166672423
742,0.447316124457389,0.552683875542611
743,0.05971238500981,0.94028761499019
744,0.44401159502753,0.55598840497247
745,0.0969061996602696,0.90309380033973
746,0.490645187482558,0.509354812517442
747,0.757253170114915,0.242746829885085
748,0.899049750698277,0.100950249301723
749,0.05971238500981,0.94028761499019
750,0.321463642070671,0.678536357929329
751,0.468743456147198,0.531256543852802
752,0.591942884351681,0.408057115648319
753,0.791408675816067,0.208591324183933
754,0.05971238500981,0.94028761499019
755,0.467128679756351,0.532871320243649
756,0.833313673705348,0.166686326294652
757,0.448034817498005,0.551965182501995
758,0.0862186449431191,0.913781355056881
759,0.447283520150904,0.552716479849096
760,0.461781533969309,0.538218466030691
761,0.0828172085391923,0.917182791460808
762,0.0597323502442191,0.940267649755781
763,0.417659647276602,0.582340352723398
764,0.902288406910774,0.097711593089226
765,0.110904780778283,0.889095219221717
766,0.501740447236525,0.498259552763475
767,0.733428896521709,0.266571103478291
768,0.753302666814235,0.246697333185765
769,0.904438149631915,0.0955618503680845
770,0.85339551892152,0.14660448107848
771,0.333144305207203,0.666855694792797
772,0.0635929856986414,0.936407014301359
773,0.270287902539102,0.729712097460898
774,0.572284349941732,0.427715650058268
775,0.903721867149547,0.0962781328504527
776,0.0599143631544528,0.940085636845547
777,0.246671704757536,0.753328295242464
778,0.469909464847309,0.530090535152691
779,0.904438149631915,0.0955618503680845
780,0.333770771087992,0.666229228912008
781,0.709014607952589,0.290985392047411
782,0.447283520150904,0.552716479849096
783,0.894227178191766,0.105772821808234
784,0.904438149631915,0.0955618503680845
785,0.813146993704074,0.186853006295926
786,0.462011253088995,0.537988746911005
787,0.447283520150904,0.552716479849096
788,0.903851404005451,0.0961485959945488
789,0.266959347444344,0.733040652555656
790,0.607633613877438,0.392366386122562
791,0.666282030929189,0.333717969070811
792,0.837332501773556,0.162667498226444
793,0.904397762279759,0.0956022377202415
794,0.447283520150904,0.552716479849096
795,0.06036359680519,0.93963640319481
796,0.322794450357735,0.677205549642265
797,0.410356718449451,0.589643281550549
798,0.320763588280822,0.679236411719178
799,0.447283520150904,0.552716479849096
800,0.764082063594514,0.235917936405486
801,0.245715704078367,0.754284295921633
802,0.355532964439669,0.644467035560331
803,0.904355442288036,0.0956445577119636
804,0.399770918916154,0.600229081083846
805,0.383879939946452,0.616120060053548
806,0.440824341639142,0.559175658360858
807,0.0628058807516462,0.937194119248354
808,0.904400001511007,0.0955999984889929
809,0.0611727364561143,0.938827263543886
810,0.90147033434621,0.0985296656537895
811,0.447283520150904,0.552716479849096
812,0.904435772377083,0.0955642276229166
813,0.162054153444596,0.837945846555404
814,0.903959616761867,0.0960403832381331
815,0.90118439605595,0.0988156039440504
816,0.904437885687878,0.095562114312122
817,0.163951120252491,0.836048879747509
818,0.902816021201993,0.0971839787980069
819,0.160529406058088,0.839470593941912
820,0.252997630234751,0.747002369765249
821,0.447289935443277,0.552710064556723
822,0.141704225751975,0.858295774248025
823,0.520982590534756,0.479017409465244
824,0.0703097882048705,0.929690211795129
825,0.0605868735176055,0.939413126482395
826,0.904221249046496,0.0957787509535035
827,0.0643781999611331,0.935621800038867
828,0.444898543392505,0.555101456607495
829,0.449094661728083,0.550905338271917
830,0.447283520150904,0.552716479849096
831,0.89038117174935,0.10961882825065
832,0.294202823979439,0.705797176020561
833,0.904436274676495,0.0955637253235047
834,0.0600639628387764,0.939936037161224
835,0.308764034825537,0.691235965174463
836,0.448054502636197,0.551945497363803
837,0.447283520150904,0.552716479849096
838,0.12926248069677,0.87073751930323
839,0.354995065996811,0.645004934003189
840,0.797841873486253,0.202158126513747
841,0.512015223313917,0.487984776686083
842,0.413455045523992,0.586544954476008
843,0.274695936363016,0.725304063636984
844,0.904391571071903,0.0956084289280974
845,0.367173813108009,0.632826186891991
846,0.447283520150904,0.552716479849096
847,0.122872790497602,0.877127209502398
848,0.87746326619673,0.12253673380327
849,0.0809467859457215,0.919053214054279
850,0.555308814374767,0.444691185625233
851,0.447283520150904,0.552716479849096
852,0.137507909228529,0.862492090771471
853,0.504519520579113,0.495480479420887
854,0.904438149631915,0.0955618503680845
855,0.405336464557154,0.594663535442846
856,0.0598392196015686,0.940160780398431
857,0.283228252699683,0.716771747300317
858,0.750094374496382,0.249905625503618
859,0.903545517152409,0.0964544828475912
860,0.867619117097971,0.132380882902029
861,0.447283724409115,0.552716275590885
862,0.226891196189488,0.773108803810512
863,0.878551373586959,0.121448626413041
864,0.428043298260803,0.571956701739197
865,0.903288435362304,0.0967115646376961
866,0.904438149631915,0.0955618503680845
867,0.447283520150904,0.552716479849096
868,0.904438006572117,0.0955619934278827
869,0.059712682758685,0.940287317241315
870,0.9022408356668,0.0977591643331998
871,0.415099431918011,0.584900568081989
872,0.904438149631915,0.0955618503680845
873,0.814086928039508,0.185913071960492
874,0.0718592865092961,0.928140713490704
875,0.546615910423097,0.453384089576903
876,0.462114200504304,0.537885799495696
877,0.901561870031994,0.0984381299680063
878,0.0599474554713327,0.940052544528667
879,0.0958102877484943,0.904189712251506
880,0.632197085406296,0.367802914593704
881,0.475044137323902,0.524955862676098
882,0.119738937558634,0.880261062441366
883,0.888429094584657,0.111570905415343
884,0.447281475803552,0.552718524196448
885,0.90442283624194,0.0955771637580602
886,0.446536246349145,0.553463753650855
887,0.0597125019234366,0.940287498076563
888,0.156363897357282,0.843636102642718
889,0.904402264168665,0.0955977358313353
890,0.447283520150904,0.552716479849096
891,0.461322205358052,0.538677794641948
892,0.447282449735707,0.552717550264293
893,0.904258406768621,0.0957415932313785
894,0.440076254290115,0.559923745709885
895,0.515263159188512,0.484736840811488
896,0.817833706069118,0.182166293930882
897,0.904438149631915,0.0955618503680845
898,0.447283520150904,0.552716479849096
899,0.447283520150904,0.552716479849096
900,0.446662905790072,0.553337094209928
901,0.447286662384122,0.552713337615878
902,0.887033034211441,0.112966965788559
903,0.0930344411456043,0.906965558854396
904,0.482924311739154,0.517075688260846
905,0.750582045549995,0.249417954450006
906,0.0689623023457195,0.93103769765428
907,0.447646216236989,0.552353783763011
908,0.0597315674486145,0.940268432551385
909,0.447284053881128,0.552715946118872
910,0.816842694310272,0.183157305689728
911,0.479613301426071,0.520386698573929
912,0.851298620615646,0.148701379384354
913,0.903815603715867,0.0961843962841334
914,0.66592455243818,0.33407544756182
915,0.05971238500981,0.94028761499019
916,0.389592780876799,0.610407219123201
917,0.891829626865363,0.108170373134637
918,0.447447807151545,0.552552192848455
919,0.900559722499875,0.099440277500125
920,0.787074519493459,0.212925480506541
921,0.865219587095711,0.134780412904289
922,0.388568321960876,0.611431678039124
923,0.0597745508167328,0.940225449183267
924,0.904278725756093,0.0957212742439066
925,0.745413790973055,0.254586209026945
926,0.0602564547079993,0.939743545292001
927,0.05971238500981,0.94028761499019
928,0.118040406412299,0.881959593587701
929,0.445986650796595,0.554013349203405
930,0.511129955679719,0.488870044320281
931,0.904438149631915,0.0955618503680845
932,0.447283520150904,0.552716479849096
933,0.866808380603626,0.133191619396374
934,0.43589102417208,0.56410897582792
935,0.0778816580538847,0.922118341946115
936,0.744963610698089,0.255036389301911
937,0.902064393689189,0.0979356063108109
938,0.447917746888301,0.552082253111699
939,0.0617091668143552,0.938290833185645
940,0.44889256099564,0.55110743900436
941,0.124165238942458,0.875834761057542
942,0.430855558612488,0.569144441387512
943,0.888789547647955,0.111210452352045
944,0.380681897850337,0.619318102149663
945,0.904418455168754,0.0955815448312462
946,0.0640393706667725,0.935960629333228
947,0.557519036129461,0.442480963870539
948,0.109864502657905,0.890135497342095
949,0.897762225731384,0.102237774268616
950,0.904437485285,0.0955625147150002
951,0.506258003353239,0.493741996646761
952,0.904438149631915,0.0955618503680845
953,0.256993734283051,0.743006265716949
954,0.472540229392425,0.527459770607575
955,0.353824832921168,0.646175167078832
956,0.0836279418537338,0.916372058146266
957,0.0597286466529582,0.940271353347042
958,0.421069924665468,0.578930075334532
959,0.90331988190187,0.0966801180981295
960,0.904436826588258,0.0955631734117421
961,0.448302816964143,0.551697183035857
962,0.447283520150904,0.552716479849096
963,0.44728432830468,0.55271567169532
964,0.228561486463104,0.771438513536896
965,0.9026514006444,0.0973485993555999
966,0.484664866811751,0.515335133188249
967,0.493786321909879,0.506213678090121
968,0.0637335788522813,0.936266421147719
969,0.447283520150904,0.552716479849096
970,0.904438025039712,0.0955619749602876
971,0.751888062362609,0.248111937637391
972,0.377712146530023,0.622287853469977
973,0.111725940428225,0.888274059571775
974,0.447287125821473,0.552712874178527
975,0.296467404701378,0.703532595298622
976,0.447283520150904,0.552716479849096
977,0.118040406412299,0.881959593587701
978,0.363382455243419,0.636617544756581
979,0.0600766826357999,0.9399233173642
980,0.526205041625487,0.473794958374513
981,0.904294809033133,0.0957051909668671
982,0.436810063165464,0.563189936834536
983,0.0787023155175913,0.921297684482409
984,0.903981512953816,0.0960184870461841
985,0.163951120252491,0.836048879747509
986,0.420072491236639,0.579927508763361
987,0.893937162510946,0.106062837489054
988,0.898333815919882,0.101666184080118
989,0.0876093363098335,0.912390663690167
990,0.904250888202865,0.0957491117971353
991,0.892516436517475,0.107483563482525
992,0.208173494630504,0.791826505369496
993,0.447283520150904,0.552716479849096
994,0.650512487658005,0.349487512341995
995,0.0864449771152808,0.913555022884719
996,0.447283520150904,0.552716479849096
997,0.7668040322025,0.2331959677975
998,0.438782691152582,0.561217308847418
999,0.375321862978888,0.624678137021112
1000,0.622238583625597,0.377761416374403
1001,0.359545256852931,0.640454743147069
1002,0.0630623647840063,0.936937635215994
