"ID","Choice0","Choice1"
1,0.438486335967027,0.561513664032973
2,0.915168805150806,0.0848311948491943
3,0.401753414103375,0.598246585896625
4,0.612298821561532,0.387701178438468
5,0.306566169815765,0.693433830184235
6,0.724768854637228,0.275231145362772
7,0.295338076465382,0.704661923534618
8,0.471613017659368,0.528386982340632
9,0.0871698770884661,0.912830122911534
10,0.473355660740488,0.526644339259512
11,0.171066245155282,0.828933754844718
12,0.634821072016742,0.365178927983258
13,0.917055114702941,0.0829448852970595
14,0.70596889816697,0.29403110183303
15,0.73333827723452,0.26666172276548
16,0.473587045385297,0.526412954614703
17,0.222757553984755,0.777242446015245
18,0.11845927886743,0.88154072113257
19,0.770466586442059,0.229533413557941
20,0.566897929979584,0.433102070020416
21,0.914896744224806,0.0851032557751939
22,0.934718231454806,0.0652817685451944
23,0.910027442747305,0.0899725572526947
24,0.155887886263627,0.844112113736373
25,0.857628009103885,0.142371990896115
26,0.554700443859778,0.445299556140222
27,0.134772607773358,0.865227392226642
28,0.477855728094561,0.522144271905439
29,0.0964329558097691,0.903567044190231
30,0.146651295283946,0.853348704716054
31,0.801278049811235,0.198721950188765
32,0.519854754483461,0.480145245516539
33,0.45060949234203,0.54939050765797
34,0.560308252667942,0.439691747332058
35,0.90423303135604,0.0957669686439597
36,0.790145329425066,0.209854670574934
37,0.0922511543407029,0.907748845659297
38,0.818387714322949,0.181612285677051
39,0.473458044789183,0.526541955210817
40,0.703087760023941,0.296912239976059
41,0.378710205533132,0.621289794466868
42,0.897686329497274,0.102313670502726
43,0.61223638616462,0.38776361383538
44,0.889478164820713,0.110521835179287
45,0.29165057183413,0.70834942816587
46,0.513111363788411,0.486888636211589
47,0.451222894989616,0.548777105010384
48,0.401482824724861,0.598517175275139
49,0.936845265358125,0.0631547346418748
50,0.478920013829623,0.521079986170377
51,0.885212734838503,0.114787265161497
52,0.92258809968116,0.0774119003188404
53,0.849155829488688,0.150844170511312
54,0.0989974982220166,0.901002501777983
55,0.874570131049984,0.125429868950016
56,0.82888143396319,0.17111856603681
57,0.207254663939272,0.792745336060727
58,0.740145983447046,0.259854016552954
59,0.817094814391725,0.182905185608275
60,0.431649018188016,0.568350981811984
61,0.231757336513463,0.768242663486537
62,0.902965963413483,0.0970340365865168
63,0.690676130799396,0.309323869200604
64,0.199836607954645,0.800163392045355
65,0.930483287764727,0.0695167122352732
66,0.932675864515027,0.0673241354849733
67,0.47348722774444,0.52651277225556
68,0.428441975632399,0.571558024367601
69,0.11379962761353,0.88620037238647
70,0.497797957118325,0.502202042881675
71,0.103218045723535,0.896781954276464
72,0.0993269440573094,0.900673055942691
73,0.53953017601601,0.46046982398399
74,0.578168351587822,0.421831648412178
75,0.227397580904663,0.772602419095337
76,0.524793619122116,0.475206380877884
77,0.159020805158285,0.840979194841715
78,0.937413549345701,0.0625864506542993
79,0.531212351857697,0.468787648142303
80,0.33859687009442,0.661403129905579
81,0.277263353927507,0.722736646072493
82,0.565456944449543,0.434543055550457
83,0.328901314056339,0.67109868594366
84,0.265552038700259,0.734447961299741
85,0.447347980513127,0.552652019486873
86,0.802828916422113,0.197171083577887
87,0.88183832685928,0.11816167314072
88,0.473486894999545,0.526513105000455
89,0.462393502668433,0.537606497331567
90,0.0908282320844532,0.909171767915547
91,0.895223956427274,0.104776043572726
92,0.501261335662088,0.498738664337912
93,0.101828419526877,0.898171580473123
94,0.46346812168951,0.53653187831049
95,0.693499147605971,0.306500852394029
96,0.107517129093545,0.892482870906455
97,0.612236299578591,0.387763700421409
98,0.481633562871985,0.518366437128015
99,0.827851695011416,0.172148304988584
100,0.93765829127926,0.06234170872074
101,0.415258548738003,0.584741451261997
102,0.639503762136104,0.360496237863896
103,0.13928603222568,0.86071396777432
104,0.0892885474349309,0.910711452565069
105,0.922358802145467,0.0776411978545333
106,0.554906712113699,0.445093287886301
107,0.444866532402974,0.555133467597026
108,0.094322872220801,0.905677127779199
109,0.199429378218534,0.800570621781466
110,0.110142711292394,0.889857288707606
111,0.474440057879534,0.525559942120466
112,0.763563215285058,0.236436784714942
113,0.315839652784582,0.684160347215418
114,0.93612757153198,0.0638724284680195
115,0.451582414783467,0.548417585216533
116,0.847387063541594,0.152612936458406
117,0.846216041725477,0.153783958274523
118,0.175520785943971,0.824479214056029
119,0.488218419684869,0.511781580315131
120,0.543231406235975,0.456768593764025
121,0.159302462732158,0.840697537267842
122,0.92591093322108,0.0740890667789196
123,0.392145606916979,0.607854393083021
124,0.482986523973624,0.517013476026376
125,0.932510730424826,0.0674892695751736
126,0.769429554315335,0.230570445684665
127,0.919155282811381,0.0808447171886189
128,0.632955161650279,0.367044838349721
129,0.924748841653253,0.0752511583467473
130,0.613110480119778,0.386889519880222
131,0.129841996656326,0.870158003343674
132,0.500773174362778,0.499226825637222
133,0.369818768274763,0.630181231725237
134,0.936733139887887,0.0632668601121133
135,0.0955547298801669,0.904445270119833
136,0.653488927914788,0.346511072085212
137,0.87779760116232,0.12220239883768
138,0.359452512737348,0.640547487262652
139,0.0994130323860983,0.900586967613902
140,0.0850560280306973,0.914943971969303
141,0.493699780893928,0.506300219106072
142,0.246483878414785,0.753516121585215
143,0.199736765309592,0.800263234690408
144,0.436114328715967,0.563885671284033
145,0.47324588047012,0.52675411952988
146,0.555482828466189,0.444517171533811
147,0.822420981551303,0.177579018448697
148,0.900784144146982,0.0992158558530177
149,0.0916645597861922,0.908335440213808
150,0.103846772362869,0.896153227637131
151,0.47348722774444,0.52651277225556
152,0.224700268194887,0.775299731805113
153,0.335688429533612,0.664311570466388
154,0.881977297142199,0.118022702857801
155,0.882242286406739,0.117757713593261
156,0.90403909303345,0.0959609069665499
157,0.451059306639791,0.548940693360209
158,0.0987874853167565,0.901212514683244
159,0.188523967038854,0.811476032961146
160,0.650831597191875,0.349168402808125
161,0.473477733045393,0.526522266954607
162,0.93240776605293,0.06759223394707
163,0.190489321901003,0.809510678098997
164,0.914592972170527,0.0854070278294728
165,0.283956811795267,0.716043188204733
166,0.463839036671826,0.536160963328174
167,0.469800191172489,0.530199808827511
168,0.473812360359603,0.526187639640397
169,0.119310040497733,0.880689959502267
170,0.335783896112231,0.664216103887769
171,0.392002942640638,0.607997057359362
172,0.21027763004586,0.78972236995414
173,0.473673723573228,0.526326276426772
174,0.47348722774444,0.52651277225556
175,0.104558137227693,0.895441862772307
176,0.194162541755805,0.805837458244195
177,0.109118836276934,0.890881163723066
178,0.507648343339577,0.492351656660423
179,0.609899975787787,0.390100024212213
180,0.429072437507725,0.570927562492275
181,0.47348722774444,0.52651277225556
182,0.769043635982999,0.230956364017001
183,0.197064353422676,0.802935646577324
184,0.0978961749003575,0.902103825099643
185,0.928337973289792,0.0716620267102083
186,0.794901972942358,0.205098027057642
187,0.109713726666681,0.890286273333319
188,0.870054393542458,0.129945606457542
189,0.436679816046987,0.563320183953013
190,0.830696132076764,0.169303867923236
191,0.129231309581063,0.870768690418937
192,0.332128629909698,0.667871370090302
193,0.713277336294234,0.286722663705766
194,0.357700730069093,0.642299269930907
195,0.242575437031592,0.757424562968408
196,0.609013680752069,0.390986319247931
197,0.200304093024379,0.799695906975621
198,0.124557915810454,0.875442084189546
199,0.497797957118325,0.502202042881675
200,0.636908641418401,0.363091358581599
201,0.453175464616066,0.546824535383934
202,0.472661647521093,0.527338352478907
203,0.607237987308578,0.392762012691422
204,0.127440819162741,0.872559180837259
205,0.920350044272251,0.0796499557277494
206,0.91223957129851,0.0877604287014895
207,0.25558884584594,0.74441115415406
208,0.473495953368673,0.526504046631327
209,0.497797957118325,0.502202042881675
210,0.474475040600323,0.525524959399677
211,0.0850822600396601,0.91491773996034
212,0.910150581699379,0.0898494183006207
213,0.492963029305768,0.507036970694232
214,0.622624157477299,0.377375842522701
215,0.295672352296575,0.704327647703425
216,0.921596952986822,0.0784030470131777
217,0.924890806573943,0.0751091934260569
218,0.115390554265489,0.884609445734511
219,0.0878683516418779,0.912131648358122
220,0.255185345990557,0.744814654009443
221,0.328931599694309,0.671068400305691
222,0.90179485997591,0.0982051400240903
223,0.122882271433493,0.877117728566507
224,0.0972501633861234,0.902749836613877
225,0.408094717708884,0.591905282291116
226,0.638629579946385,0.361370420053615
227,0.707624011603294,0.292375988396706
228,0.849244318554228,0.150755681445772
229,0.374581335596399,0.625418664403601
230,0.914857972246592,0.0851420277534077
231,0.103312349159501,0.896687650840499
232,0.77732777685742,0.22267222314258
233,0.912867487632668,0.0871325123673317
234,0.47348722774444,0.52651277225556
235,0.47348722774444,0.52651277225556
236,0.382188346758572,0.617811653241428
237,0.473490078903102,0.526509921096898
238,0.12935454123897,0.87064545876103
239,0.0906769882868241,0.909323011713176
240,0.091721901060446,0.908278098939554
241,0.479738358434008,0.520261641565992
242,0.937654640789506,0.062345359210494
243,0.746676337195958,0.253323662804042
244,0.890311237816948,0.109688762183052
245,0.45612880885458,0.54387119114542
246,0.309074910981168,0.690925089018832
247,0.123859136350939,0.876140863649061
248,0.820700131312248,0.179299868687752
249,0.518209956794654,0.481790043205346
250,0.522757764615688,0.477242235384312
251,0.40061418942868,0.59938581057132
252,0.227507346794707,0.772492653205293
253,0.933483103262176,0.0665168967378242
254,0.187569906228936,0.812430093771064
255,0.177645349560567,0.822354650439433
256,0.470561310930137,0.529438689069863
257,0.905512090044102,0.0944879099558978
258,0.474104763605198,0.525895236394802
259,0.471878622045726,0.528121377954274
260,0.908932001706465,0.0910679982935351
261,0.927043208551648,0.0729567914483523
262,0.55943373644621,0.44056626355379
263,0.105667992353706,0.894332007646294
264,0.91730499514757,0.0826950048524303
265,0.402928024077152,0.597071975922848
266,0.20098731165735,0.79901268834265
267,0.320828478124287,0.679171521875713
268,0.0851600887014016,0.914839911298598
269,0.202363764284656,0.797636235715344
270,0.568818703486165,0.431181296513834
271,0.930756125019814,0.0692438749801859
272,0.720656440742426,0.279343559257575
273,0.479687427834747,0.520312572165253
274,0.216536036577606,0.783463963422394
275,0.480016973364757,0.519983026635244
276,0.665010420416096,0.334989579583904
277,0.427941270898832,0.572058729101168
278,0.088345285937275,0.911654714062725
279,0.644762788076433,0.355237211923567
280,0.282310472123269,0.717689527876731
281,0.71349560627234,0.28650439372766
282,0.127430312403958,0.872569687596042
283,0.177992046331207,0.822007953668793
284,0.257604672184115,0.742395327815885
285,0.48272762612292,0.51727237387708
286,0.47348722774444,0.52651277225556
287,0.316893917342209,0.683106082657791
288,0.769048802462043,0.230951197537957
289,0.438625891709807,0.561374108290193
290,0.475892669871186,0.524107330128814
291,0.139860799119812,0.860139200880188
292,0.0974013364006936,0.902598663599306
293,0.479571184272571,0.520428815727429
294,0.930183443491633,0.0698165565083669
295,0.425161975611836,0.574838024388164
296,0.482478585258864,0.517521414741136
297,0.407866096060645,0.592133903939355
298,0.640184167752077,0.359815832247923
299,0.296034263110077,0.703965736889923
300,0.748226933773116,0.251773066226884
301,0.877893360762972,0.122106639237028
302,0.0851137927898485,0.914886207210151
303,0.421668163221637,0.578331836778363
304,0.714920875045699,0.285079124954301
305,0.565761282355466,0.434238717644535
306,0.930168155711119,0.0698318442888814
307,0.0920185041516318,0.907981495848368
308,0.931647370524433,0.0683526294755673
309,0.210372888578368,0.789627111421631
310,0.49779811977175,0.50220188022825
311,0.0850707097483528,0.914929290251647
312,0.860524192343398,0.139475807656602
313,0.315650128512758,0.684349871487242
314,0.0906963279775808,0.909303672022419
315,0.0870829202804883,0.912917079719512
316,0.673955969931329,0.326044030068671
317,0.106127482837487,0.893872517162514
318,0.69496649967181,0.30503350032819
319,0.818488683584617,0.181511316415383
320,0.473396759357322,0.526603240642678
321,0.86160551993911,0.13839448006089
322,0.551498600512987,0.448501399487013
323,0.914725140645647,0.0852748593543531
324,0.921683637238956,0.0783163627610436
325,0.106969914722869,0.893030085277131
326,0.922226974077924,0.0777730259220763
327,0.784455765948599,0.215544234051401
328,0.497847517476656,0.502152482523344
329,0.47348722774444,0.52651277225556
330,0.123554777831433,0.876445222168567
331,0.791687525693712,0.208312474306288
332,0.322341213079971,0.677658786920028
333,0.924666211836401,0.0753337881635995
334,0.829615428703988,0.170384571296012
335,0.351515606639564,0.648484393360436
336,0.473699777289076,0.526300222710924
337,0.82231069357749,0.17768930642251
338,0.652602560220805,0.347397439779195
339,0.287008897723873,0.712991102276127
340,0.456839577925036,0.543160422074964
341,0.534869721009625,0.465130278990375
342,0.857552243366612,0.142447756633388
343,0.227162740541697,0.772837259458303
344,0.58089032641703,0.41910967358297
345,0.476149198324406,0.523850801675594
346,0.85258125813159,0.14741874186841
347,0.115119867840829,0.884880132159171
348,0.909344200394744,0.0906557996052555
349,0.433282512240391,0.566717487759609
350,0.245456521345597,0.754543478654403
351,0.876693781195753,0.123306218804247
352,0.408851674161267,0.591148325838733
353,0.0851805182780394,0.914819481721961
354,0.56234744217942,0.43765255782058
355,0.934844916804497,0.0651550831955025
356,0.744669345210565,0.255330654789435
357,0.246101581039928,0.753898418960072
358,0.0980406729447185,0.901959327055282
359,0.161299951032732,0.838700048967267
360,0.473494243695442,0.526505756304558
361,0.8051204209414,0.1948795790586
362,0.16047571721509,0.83952428278491
363,0.409370715256567,0.590629284743433
364,0.102600248519335,0.897399751480665
365,0.193669604704575,0.806330395295425
366,0.473487174748599,0.526512825251401
367,0.0874686735671594,0.912531326432841
368,0.937751271979956,0.0622487280200444
369,0.109657841420072,0.890342158579928
370,0.456420935028157,0.543579064971844
371,0.0853298293788099,0.91467017062119
372,0.354332272806828,0.645667727193172
373,0.905997394833251,0.0940026051667485
374,0.39188137242188,0.60811862757812
375,0.500478693220677,0.499521306779323
376,0.233511276499599,0.766488723500401
377,0.931428437149189,0.0685715628508107
378,0.905972866215876,0.0940271337841242
379,0.434612515822055,0.565387484177945
380,0.454807579451291,0.545192420548709
381,0.825435847740578,0.174564152259422
382,0.124801564987653,0.875198435012347
383,0.613773702300122,0.386226297699878
384,0.0852835609711463,0.914716439028854
385,0.786019287432596,0.213980712567404
386,0.937622244845425,0.0623777551545749
387,0.691367831912781,0.308632168087219
388,0.1195202406418,0.8804797593582
389,0.487855230743591,0.512144769256409
390,0.11819064739966,0.88180935260034
391,0.520826479870281,0.479173520129719
392,0.345267174105813,0.654732825894187
393,0.711689018067786,0.288310981932214
394,0.473526185474636,0.526473814525364
395,0.164841642038728,0.835158357961272
396,0.0862969000071201,0.91370309999288
397,0.473626199045144,0.526373800954856
398,0.25256424836222,0.74743575163778
399,0.51035794802874,0.48964205197126
400,0.358351206560288,0.641648793439712
401,0.111907989705168,0.888092010294832
402,0.842433031064762,0.157566968935238
403,0.480318042799301,0.519681957200699
404,0.259451371620247,0.740548628379753
405,0.796334093278015,0.203665906721985
406,0.385255595476299,0.614744404523701
407,0.926559618768365,0.073440381231635
408,0.473544217509189,0.526455782490811
409,0.14115508467246,0.85884491532754
410,0.538812599438418,0.461187400561582
411,0.288437987749068,0.711562012250932
412,0.09995429342564,0.90004570657436
413,0.355406030507954,0.644593969492046
414,0.938083810796502,0.0619161892034983
415,0.287698729660969,0.712301270339031
416,0.0988822845584831,0.901117715441517
417,0.536679113951189,0.46332088604881
418,0.145149435553383,0.854850564446617
419,0.205734088690128,0.794265911309873
420,0.11139661461106,0.88860338538894
421,0.474369572984846,0.525630427015154
422,0.908214497973558,0.0917855020264423
423,0.0914586277358099,0.90854137226419
424,0.253197890749817,0.746802109250183
425,0.93090142657065,0.0690985734293504
426,0.783464797548292,0.216535202451708
427,0.752986333843955,0.247013666156045
428,0.412500641386105,0.587499358613895
429,0.431583523225299,0.568416476774701
430,0.08511221430441,0.91488778569559
431,0.424781644743674,0.575218355256326
432,0.172086581620967,0.827913418379033
433,0.489942108374686,0.510057891625314
434,0.928407959762876,0.0715920402371241
435,0.23541239263478,0.76458760736522
436,0.0897534984658188,0.910246501534181
437,0.524104588868774,0.475895411131226
438,0.612251503896353,0.387748496103647
439,0.467026982215827,0.532973017784173
440,0.776972215733397,0.223027784266603
441,0.615251978803982,0.384748021196018
442,0.127475900604133,0.872524099395867
443,0.638711621818299,0.361288378181701
444,0.0976278750981968,0.902372124901803
445,0.92663375957422,0.0733662404257797
446,0.545876523012389,0.454123476987611
447,0.905258137415134,0.0947418625848664
448,0.10581417698448,0.89418582301552
449,0.209130651948466,0.790869348051534
450,0.429661651574276,0.570338348425724
451,0.0853056087846759,0.914694391215324
452,0.788154729293749,0.211845270706251
453,0.396232992705477,0.603767007294523
454,0.647036498005737,0.352963501994263
455,0.900039542944134,0.0999604570558658
456,0.937540399830871,0.0624596001691294
457,0.633970486892006,0.366029513107994
458,0.0938514712557897,0.90614852874421
459,0.105564415052491,0.894435584947509
460,0.197107903746899,0.802892096253101
461,0.580329176540985,0.419670823459015
462,0.47315478668638,0.52684521331362
463,0.420683834247939,0.579316165752061
464,0.183633915082179,0.816366084917821
465,0.673088157358789,0.326911842641211
466,0.409881119252578,0.590118880747422
467,0.930788156397254,0.0692118436027458
468,0.370743983334063,0.629256016665937
469,0.0865029340048545,0.913497065995145
470,0.249016027663825,0.750983972336175
471,0.58179971066361,0.41820028933639
472,0.898728288792462,0.101271711207538
473,0.578947941015463,0.421052058984537
474,0.642788326986912,0.357211673013088
475,0.643376085135753,0.356623914864247
476,0.752986333843955,0.247013666156045
477,0.345838310179059,0.654161689820941
478,0.929656453674128,0.0703435463258716
479,0.498332097738437,0.501667902261563
480,0.507107884141821,0.492892115858179
481,0.482832991894969,0.517167008105031
482,0.804723341648114,0.195276658351886
483,0.139064366747126,0.860935633252874
484,0.673955969931329,0.326044030068671
485,0.407978722630016,0.592021277369985
486,0.100590118725022,0.899409881274978
487,0.0973218812371206,0.902678118762879
488,0.870837604120948,0.129162395879052
489,0.120088680312121,0.879911319687879
490,0.0995899848354556,0.900410015164544
491,0.805535057535858,0.194464942464142
492,0.612236299578591,0.387763700421409
493,0.618383571875999,0.381616428124001
494,0.91523792636677,0.08476207363323
495,0.473493900746778,0.526506099253222
496,0.180834137601697,0.819165862398303
497,0.908785524528601,0.0912144754713988
498,0.58272961335302,0.41727038664698
499,0.379546449262885,0.620453550737115
500,0.796471086031804,0.203528913968196
501,0.914768289006359,0.085231710993641
502,0.507411475172462,0.492588524827538
503,0.0953347427814718,0.904665257218528
504,0.611289134723926,0.388710865276074
505,0.440378660462262,0.559621339537738
506,0.818686377129998,0.181313622870002
507,0.296750107682287,0.703249892317713
508,0.899021629677039,0.100978370322961
509,0.476095960761634,0.523904039238366
510,0.934040227098231,0.0659597729017686
511,0.473570338631121,0.526429661368879
512,0.679438813982573,0.320561186017427
513,0.197667822733194,0.802332177266806
514,0.0978076473339466,0.902192352666053
515,0.250333862710484,0.749666137289516
516,0.313352371932672,0.686647628067328
517,0.473418935522589,0.526581064477411
518,0.795670328216997,0.204329671783003
519,0.459649245729276,0.540350754270724
520,0.281217115300754,0.718782884699246
521,0.562015166067624,0.437984833932376
522,0.105916179112863,0.894083820887137
523,0.111141482535829,0.888858517464171
524,0.255003824055686,0.744996175944314
525,0.831406928077694,0.168593071922306
526,0.19346742919489,0.80653257080511
527,0.447127927916919,0.552872072083081
528,0.771150453075946,0.228849546924054
529,0.470561310930137,0.529438689069863
530,0.923125159331683,0.0768748406683168
531,0.73910470886846,0.26089529113154
532,0.234566197944903,0.765433802055097
533,0.454406131929844,0.545593868070156
534,0.400338162541407,0.599661837458593
535,0.383400096228699,0.616599903771301
536,0.110257439047307,0.889742560952693
537,0.207787563977384,0.792212436022616
538,0.926559618768365,0.073440381231635
539,0.145735942446115,0.854264057553885
540,0.473518269903116,0.526481730096883
541,0.176546347603731,0.823453652396269
542,0.486603604103688,0.513396395896312
543,0.195245445025756,0.804754554974244
544,0.336650591229482,0.663349408770518
545,0.120788733043571,0.879211266956429
546,0.811751375272247,0.188248624727753
547,0.325293326197765,0.674706673802235
548,0.571607360996806,0.428392639003194
549,0.69873863278044,0.30126136721956
550,0.0850741099267171,0.914925890073283
551,0.46978516359502,0.53021483640498
552,0.149807428465912,0.850192571534088
553,0.0958521143448974,0.904147885655103
554,0.161929224444075,0.838070775555925
555,0.925941815788495,0.0740581842115045
556,0.133138673524118,0.866861326475882
557,0.088747807050356,0.911252192949644
558,0.690383234276766,0.309616765723234
559,0.338798977397014,0.661201022602986
560,0.122341395512016,0.877658604487984
561,0.628905728763175,0.371094271236825
562,0.784338869866414,0.215661130133586
563,0.140596611269346,0.859403388730654
564,0.247306623237512,0.752693376762488
565,0.826605917374415,0.173394082625585
566,0.115800176081473,0.884199823918527
567,0.0889593992996024,0.911040600700398
568,0.612103403387316,0.387896596612684
569,0.5405680785749,0.4594319214251
570,0.906712068690731,0.0932879313092686
571,0.612236299578591,0.387763700421409
572,0.906206599555579,0.0937934004444209
573,0.740630020246913,0.259369979753087
574,0.515925223201003,0.484074776798997
575,0.192396486368658,0.807603513631342
576,0.583938626286036,0.416061373713964
577,0.385594329796831,0.614405670203169
578,0.795430720214331,0.204569279785669
579,0.0851091369861596,0.91489086301384
580,0.445294414919953,0.554705585080047
581,0.656370700987852,0.343629299012148
582,0.618459384976121,0.381540615023879
583,0.45090475263721,0.54909524736279
584,0.593841322390412,0.406158677609588
585,0.687170475005156,0.312829524994844
586,0.455543188352696,0.544456811647304
587,0.210634761785264,0.789365238214736
588,0.132690838236986,0.867309161763014
589,0.47348732088526,0.52651267911474
590,0.610807764946916,0.389192235053084
591,0.676671851704847,0.323328148295153
592,0.252713959822288,0.747286040177712
593,0.447222631660437,0.552777368339563
594,0.908450944012555,0.0915490559874447
595,0.516891158505142,0.483108841494858
596,0.358853008511811,0.641146991488189
597,0.858900065161394,0.141099934838606
598,0.473485948514889,0.526514051485111
599,0.496045601966394,0.503954398033606
600,0.179088698188,0.820911301812
601,0.0851496796357784,0.914850320364222
602,0.53029404093641,0.46970595906359
603,0.373780491898591,0.626219508101409
604,0.792843006601439,0.207156993398561
605,0.923500185434078,0.0764998145659217
606,0.0913838748142528,0.908616125185747
607,0.493213381561638,0.506786618438362
608,0.44456503182568,0.55543496817432
609,0.910297419617249,0.0897025803827508
610,0.731981658190851,0.268018341809149
611,0.918024397214175,0.081975602785825
612,0.473525419645446,0.526474580354554
613,0.225383734500548,0.774616265499452
614,0.483536183823012,0.516463816176988
615,0.0856941545930711,0.914305845406929
616,0.760097307562483,0.239902692437517
617,0.204971866442437,0.795028133557563
618,0.139664054560328,0.860335945439672
619,0.927586858085661,0.0724131419143391
620,0.403867993083943,0.596132006916057
621,0.355260095428751,0.644739904571249
622,0.707538027140388,0.292461972859612
623,0.0895345119123615,0.910465488087638
624,0.466936222973083,0.533063777026917
625,0.35141366444712,0.64858633555288
626,0.17551877118965,0.82448122881035
627,0.305023684082947,0.694976315917053
628,0.0978467292180272,0.902153270781973
629,0.470639187513739,0.529360812486261
630,0.188677828990506,0.811322171009494
631,0.390274495536199,0.609725504463801
632,0.899992290118638,0.100007709881362
633,0.468777303048214,0.531222696951786
634,0.738152555498092,0.261847444501908
635,0.0851585953910883,0.914841404608912
636,0.913182173644551,0.086817826355449
637,0.280177857245481,0.719822142754519
638,0.255696296344286,0.744303703655714
639,0.726139359661755,0.273860640338245
640,0.923963725020788,0.0760362749792123
641,0.651796869690945,0.348203130309055
642,0.409480013669723,0.590519986330277
643,0.658580918866892,0.341419081133108
644,0.817610918663271,0.182389081336729
645,0.533865076690727,0.466134923309273
646,0.493257256467182,0.506742743532818
647,0.442838346183136,0.557161653816864
648,0.281212389882616,0.718787610117384
649,0.116492518258793,0.883507481741207
650,0.793695205705287,0.206304794294714
651,0.918283761587357,0.081716238412643
652,0.47348722774444,0.52651277225556
653,0.641600673311508,0.358399326688492
654,0.523447258869192,0.476552741130808
655,0.142951898346744,0.857048101653256
656,0.102084409195701,0.897915590804299
657,0.230535683970794,0.769464316029206
658,0.494713701240493,0.505286298759507
659,0.909826691117528,0.0901733088824724
660,0.757800630757859,0.242199369242141
661,0.235675434862475,0.764324565137525
662,0.473487524629865,0.526512475370135
663,0.0894328390903229,0.910567160909677
664,0.642941534052586,0.357058465947414
665,0.100516765695692,0.899483234304308
666,0.734141230070939,0.265858769929061
667,0.588773470444499,0.411226529555501
668,0.612853724952586,0.387146275047414
669,0.473484629055465,0.526515370944535
670,0.889059147431374,0.110940852568626
671,0.569463482498824,0.430536517501176
672,0.590189313588042,0.409810686411958
673,0.8846252210956,0.1153747789044
674,0.351443287446018,0.648556712553982
675,0.496069260185962,0.503930739814038
676,0.906895821026219,0.0931041789737814
677,0.914208167220574,0.0857918327794264
678,0.876383180939213,0.123616819060787
679,0.51247249901446,0.48752750098554
680,0.287198006271194,0.712801993728806
681,0.531169696340705,0.468830303659295
682,0.47348722774444,0.52651277225556
683,0.187725403414354,0.812274596585646
684,0.81902542405491,0.18097457594509
685,0.934624082286729,0.0653759177132704
686,0.10543850378958,0.89456149621042
687,0.105581893372642,0.894418106627358
688,0.902942463666175,0.0970575363338253
689,0.139247037980535,0.860752962019465
690,0.608130844231188,0.391869155768812
691,0.149297649064091,0.850702350935909
692,0.883897318631689,0.116102681368311
693,0.60942251094992,0.39057748905008
694,0.357609418138251,0.642390581861749
695,0.497896392376664,0.502103607623336
696,0.890511350453135,0.109488649546865
697,0.361437004386001,0.638562995613999
698,0.836118716192629,0.163881283807371
699,0.776334823352474,0.223665176647526
700,0.645682450386486,0.354317549613514
701,0.285814598755992,0.714185401244008
702,0.533616703654162,0.466383296345837
703,0.476977180607947,0.523022819392053
704,0.202432221476945,0.797567778523055
705,0.928540389357312,0.0714596106426878
706,0.154284604827465,0.845715395172535
707,0.101383418863968,0.898616581136032
708,0.814978766784522,0.185021233215478
709,0.473300413787735,0.526699586212265
710,0.754130776997807,0.245869223002194
711,0.422928880439382,0.577071119560618
712,0.937700814633366,0.0622991853666337
713,0.10388495496121,0.89611504503879
714,0.477833918570071,0.522166081429929
715,0.342913106837443,0.657086893162557
716,0.818019267007542,0.181980732992458
717,0.177943768841259,0.822056231158741
718,0.0926853921412321,0.907314607858768
719,0.934597016620637,0.0654029833793632
720,0.935456728947751,0.0645432710522486
721,0.821622852979182,0.178377147020818
722,0.618757056524056,0.381242943475945
723,0.198081288056425,0.801918711943575
724,0.871948250159892,0.128051749840108
725,0.921727680007542,0.0782723199924585
726,0.463537004526192,0.536462995473808
727,0.297295798310268,0.702704201689732
728,0.237662070027755,0.762337929972245
729,0.222514724349913,0.777485275650087
730,0.531556732141235,0.468443267858765
731,0.104553839012292,0.895446160987708
732,0.920783810615221,0.0792161893847789
733,0.184583019938782,0.815416980061218
734,0.0958162946334797,0.90418370536652
735,0.47348722774444,0.52651277225556
736,0.612236299578591,0.387763700421409
737,0.577960276674977,0.422039723325023
738,0.472848435050962,0.527151564949038
739,0.874346838894533,0.125653161105467
740,0.926264329199401,0.0737356708005988
741,0.924257591949759,0.0757424080502405
742,0.469281058902618,0.530718941097382
743,0.08508712294739,0.91491287705261
744,0.283488088289249,0.716511911710751
745,0.105941628283451,0.894058371716549
746,0.466163050757704,0.533836949242296
747,0.680397177751447,0.319602822248553
748,0.859907283072514,0.140092716927486
749,0.236978003401153,0.763021996598847
750,0.284609463775741,0.715390536224259
751,0.404014340648334,0.595985659351666
752,0.609897528934075,0.390102471065925
753,0.787939175407931,0.212060824592069
754,0.0855784952578607,0.914421504742139
755,0.737859941525204,0.262140058474796
756,0.854545144153459,0.145454855846541
757,0.477855728094561,0.522144271905439
758,0.122438403591715,0.877561596408285
759,0.473416304587235,0.526583695412765
760,0.515077491705466,0.484922508294534
761,0.115049391034701,0.884950608965299
762,0.0917831305926587,0.908216869407341
763,0.474922231493096,0.525077768506904
764,0.914602878304472,0.0853971216955284
765,0.10379191683775,0.89620808316225
766,0.557605862094272,0.442394137905728
767,0.714279704980943,0.285720295019057
768,0.708757988148652,0.291242011851349
769,0.937517716929813,0.0624822830701868
770,0.856830905836258,0.143169094163742
771,0.317419503902292,0.682580496097708
772,0.16618940035465,0.83381059964535
773,0.260288044934724,0.739711955065276
774,0.418464671353968,0.581535328646032
775,0.797063970114403,0.202936029885597
776,0.355300774752257,0.644699225247743
777,0.259451371620247,0.740548628379753
778,0.529141419357678,0.470858580642322
779,0.93749499735064,0.0625050026493599
780,0.30122637210416,0.69877362789584
781,0.563552071727921,0.436447928272079
782,0.344504956597208,0.655495043402792
783,0.834936073362961,0.165063926637039
784,0.937131685330936,0.0628683146690642
785,0.820466805625847,0.179533194374153
786,0.437703738388729,0.562296261611271
787,0.47348722774444,0.52651277225556
788,0.787225013663952,0.212774986336047
789,0.218128284150633,0.781871715849367
790,0.585417976832944,0.414582023167056
791,0.581822239341156,0.418177760658844
792,0.846745439709433,0.153254560290567
793,0.796140385636469,0.203859614363531
794,0.471134040430725,0.528865959569275
795,0.0885399635462459,0.911460036453754
796,0.348795615233536,0.651204384766464
797,0.439241853989686,0.560758146010314
798,0.537206609355525,0.462793390644475
799,0.497797957118325,0.502202042881675
800,0.694292857119634,0.305707142880367
801,0.240968259390091,0.759031740609909
802,0.264453111705695,0.735546888294305
803,0.86028262292026,0.13971737707974
804,0.20828465713831,0.79171534286169
805,0.202150143161568,0.797849856838432
806,0.509360753954487,0.490639246045513
807,0.0899644558976905,0.91003554410231
808,0.926207730219042,0.0737922697809578
809,0.0889929411629044,0.911007058837096
810,0.862770712324821,0.137229287675179
811,0.599181678730618,0.400818321269381
812,0.936990995757434,0.0630090042425661
813,0.311977448666379,0.688022551333621
814,0.784109847057639,0.215890152942361
815,0.926238487801771,0.0737615121982296
816,0.934792403001863,0.0652075969981374
817,0.183970956993628,0.816029043006372
818,0.911722392499158,0.088277607500842
819,0.228622719352061,0.771377280647939
820,0.346905354016638,0.653094645983362
821,0.475293098357319,0.524706901642681
822,0.286929598594573,0.713070401405427
823,0.571990122263078,0.428009877736922
824,0.0997483458506784,0.900251654149322
825,0.101185614744805,0.898814385255195
826,0.918345200329083,0.0816547996709169
827,0.0952469041967718,0.904753095803228
828,0.0923288396813259,0.907671160318674
829,0.540848048045601,0.459151951954399
830,0.47348722774444,0.52651277225556
831,0.872012902640721,0.127987097359279
832,0.315869558987792,0.684130441012208
833,0.743407677245263,0.256592322754736
834,0.101140807846178,0.898859192153822
835,0.170835104457699,0.829164895542301
836,0.657492264535272,0.342507735464728
837,0.473443089830136,0.526556910169864
838,0.168005962609921,0.831994037390079
839,0.361040383755114,0.638959616244886
840,0.765756990113007,0.234243009886993
841,0.396188804899078,0.603811195100922
842,0.423708957123025,0.576291042876975
843,0.138919473952711,0.861080526047289
844,0.854162059506044,0.145837940493956
845,0.328899009726089,0.671100990273911
846,0.473137627807841,0.526862372192159
847,0.139781716778355,0.860218283221645
848,0.873694028889165,0.126305971110835
849,0.100532828291864,0.899467171708136
850,0.452128183194529,0.547871816805471
851,0.612403556259718,0.387596443740282
852,0.108119671476631,0.891880328523369
853,0.518554090507959,0.481445909492041
854,0.937810714993666,0.0621892850063339
855,0.4252744924555,0.574725507544499
856,0.0870956269270606,0.912904373072939
857,0.228156300571097,0.771843699428903
858,0.756291191113969,0.243708808886031
859,0.920660803972715,0.0793391960272853
860,0.923363346020394,0.0766366539796064
861,0.47133483996195,0.528665160038051
862,0.291980317995203,0.708019682004796
863,0.925446812909872,0.0745531870901277
864,0.481660933545277,0.518339066454723
865,0.911804666121404,0.0881953338785959
866,0.724815409016699,0.275184590983301
867,0.473479895890426,0.526520104109574
868,0.936183530248974,0.0638164697510257
869,0.0851971602439043,0.914802839756096
870,0.895912950832588,0.104087049167412
871,0.413108950408482,0.586891049591518
872,0.93722959838645,0.0627704016135498
873,0.793161374731323,0.206838625268677
874,0.0956310659926857,0.904368934007314
875,0.520805181539087,0.479194818460913
876,0.517461616263096,0.482538383736904
877,0.811925578845644,0.188074421154357
878,0.0894919611188129,0.910508038881187
879,0.11014547777506,0.88985452222494
880,0.543082668036658,0.456917331963342
881,0.555707041585814,0.444292958414186
882,0.147442558577604,0.852557441422396
883,0.803193722285516,0.196806277714484
884,0.359917930165543,0.640082069834457
885,0.936217286450993,0.0637827135490068
886,0.232048562014617,0.767951437985383
887,0.085107277627071,0.914892722372929
888,0.169909816224086,0.830090183775914
889,0.934136805763231,0.0658631942367694
890,0.315473472426063,0.684526527573937
891,0.752318767366514,0.247681232633486
892,0.465393418903208,0.534606581096792
893,0.784106403084874,0.215893596915126
894,0.393991065767867,0.606008934232133
895,0.539082215881778,0.460917784118222
896,0.709218871509584,0.290781128490416
897,0.860957774594059,0.139042225405941
898,0.467640225468777,0.532359774531223
899,0.612236299578591,0.387763700421409
900,0.352055098903023,0.647944901096977
901,0.473814878031465,0.526185121968536
902,0.900176986121849,0.0998230138781512
903,0.201043778216826,0.798956221783174
904,0.49467705600124,0.50532294399876
905,0.665010420416096,0.334989579583904
906,0.201192585099558,0.798807414900442
907,0.464191995601344,0.535808004398656
908,0.0922511543407029,0.907748845659297
909,0.473385337108947,0.526614662891053
910,0.789985748199229,0.210014251800771
911,0.417190261820893,0.582809738179107
912,0.745988246074822,0.254011753925178
913,0.917335751663817,0.0826642483361827
914,0.673403633752952,0.326596366247049
915,0.0850812182141401,0.91491878178586
916,0.6522966090222,0.3477033909778
917,0.910987973825338,0.0890120261746619
918,0.138333265288085,0.861666734711915
919,0.909453051116317,0.0905469488836827
920,0.60330692728465,0.39669307271535
921,0.876925059572799,0.123074940427201
922,0.369812744864491,0.630187255135509
923,0.0970648575886558,0.902935142411344
924,0.927311595308349,0.072688404691651
925,0.717269226928183,0.282730773071818
926,0.0885571941536699,0.91144280584633
927,0.0922270436030826,0.907772956396917
928,0.299380676791339,0.700619323208661
929,0.437125459421184,0.562874540578816
930,0.45731214136938,0.54268785863062
931,0.937005293437834,0.0629947065621657
932,0.473486486391288,0.526513513608712
933,0.833567276919735,0.166432723080265
934,0.466218480417308,0.533781519582692
935,0.170130315580844,0.829869684419156
936,0.675732703368936,0.324267296631064
937,0.931146936874212,0.0688530631257881
938,0.346532267444566,0.653467732555434
939,0.290329965234043,0.709670034765957
940,0.515988244619908,0.484011755380092
941,0.210051290624426,0.789948709375574
942,0.370075189500316,0.629924810499684
943,0.878576938478844,0.121423061521156
944,0.362583340605017,0.637416659394983
945,0.92663375957422,0.0733662404257797
946,0.0976278750981968,0.902372124901803
947,0.464163532773978,0.535836467226022
948,0.0968007941616299,0.90319920583837
949,0.908707443380984,0.0912925566190155
950,0.93688873205999,0.0631112679400101
951,0.636133320578266,0.363866679421734
952,0.937603262354593,0.0623967376454065
953,0.15844085326854,0.84155914673146
954,0.729637458362901,0.270362541637099
955,0.35247990360869,0.64752009639131
956,0.115461107104297,0.884538892895703
957,0.0852154218688923,0.914784578131108
958,0.367161956211179,0.632838043788821
959,0.913532445745883,0.0864675542541165
960,0.860117834784494,0.139882165215506
961,0.643411922309409,0.356588077690591
962,0.473482734077257,0.526517265922743
963,0.612351766140177,0.387648233859823
964,0.217011377475494,0.782988622524506
965,0.747596851892065,0.252403148107935
966,0.430638883155801,0.569361116844199
967,0.417358512576521,0.582641487423479
968,0.16428446141253,0.83571553858747
969,0.612236794919416,0.387763205080584
970,0.935253167511945,0.0647468324880552
971,0.901698371745324,0.0983016282546757
972,0.397079986841801,0.602920013158199
973,0.114587050338504,0.885412949661496
974,0.0861813353290851,0.913818664670915
975,0.36868584988326,0.63131415011674
976,0.468261729196786,0.531738270803214
977,0.299380676791339,0.700619323208661
978,0.484158064957037,0.515841935042963
979,0.0871842593509955,0.912815740649005
980,0.369498019586382,0.630501980413618
981,0.531046063383275,0.468953936616725
982,0.409564375260108,0.590435624739892
983,0.159380651492152,0.840619348507848
984,0.829880210414765,0.170119789585235
985,0.183970956993628,0.816029043006372
986,0.300634615386298,0.699365384613702
987,0.80739024620092,0.19260975379908
988,0.911680633989163,0.0883193660108372
989,0.108882845129999,0.891117154870001
990,0.767317548327475,0.232682451672525
991,0.894749022249869,0.105250977750131
992,0.164811443086164,0.835188556913836
993,0.47348722774444,0.52651277225556
994,0.597415243882567,0.402584756117433
995,0.0988646872797794,0.901135312720221
996,0.473389534131812,0.526610465868187
997,0.826650052167758,0.173349947832242
998,0.243819619254252,0.756180380745748
999,0.410310248004787,0.589689751995213
1000,0.604319849633378,0.395680150366622
1001,0.089273589128228,0.910726410871772
1002,0.113445645403003,0.886554354596997
