"ID","Choice"
1,1
2,1
3,1
4,0
5,1
6,0
7,1
8,1
9,0
10,0
11,0
12,1
13,0
14,0
15,0
16,0
17,1
18,0
19,0
20,0
21,0
22,0
23,0
24,1
25,0
26,0
27,0
28,0
29,0
30,1
31,0
32,0
33,0
34,0
35,0
36,0
37,1
38,0
39,1
40,1
41,0
42,0
43,1
44,1
45,0
46,0
47,0
48,1
49,1
50,0
51,1
52,0
53,0
54,0
55,0
56,0
57,1
58,1
59,1
60,0
61,0
62,1
63,0
64,1
65,0
66,0
67,0
68,0
69,1
70,1
71,0
72,1
73,1
74,0
75,0
76,0
77,0
78,0
79,0
80,0
81,1
82,0
83,0
84,0
85,0
86,0
87,0
88,1
89,0
90,0
91,1
92,0
93,1
94,1
95,1
96,1
97,1
98,0
99,0
100,0
101,0
102,0
103,0
104,1
105,1
106,1
107,0
108,0
109,0
110,1
111,1
112,1
113,0
114,1
115,0
116,1
117,1
118,0
119,0
120,0
121,0
122,0
123,0
124,1
125,0
126,0
127,0
128,1
129,0
130,0
131,0
132,1
133,1
134,0
135,1
136,0
137,0
138,1
139,0
140,0
141,0
142,0
143,1
144,0
145,0
146,0
147,0
148,0
149,0
150,1
151,1
152,1
153,0
154,1
155,0
156,0
157,0
158,1
159,1
160,1
161,1
162,0
163,1
164,1
165,0
166,0
167,0
168,1
169,1
170,0
171,0
172,0
173,0
174,1
175,1
176,0
177,0
178,0
179,0
180,1
181,1
182,0
183,1
184,0
185,1
186,1
187,1
188,0
189,0
190,1
191,1
192,1
193,1
194,1
195,1
196,0
197,1
198,0
199,0
200,1
201,0
202,0
203,1
204,0
205,0
206,0
207,0
208,1
209,0
210,0
211,1
212,1
213,0
214,1
215,1
216,0
217,1
218,1
219,0
220,0
221,0
222,0
223,1
224,1
225,1
226,0
227,0
228,0
229,0
230,1
231,1
232,0
233,1
234,1
235,1
236,0
237,0
238,0
239,0
240,0
241,1
242,1
243,1
244,1
245,0
246,0
247,1
248,0
249,0
250,0
251,0
252,0
253,1
254,0
255,0
256,1
257,0
258,0
259,1
260,0
261,0
262,1
263,1
264,1
265,0
266,0
267,0
268,0
269,1
270,0
271,0
272,1
273,0
274,1
275,0
276,0
277,0
278,0
279,0
280,0
281,1
282,0
283,1
284,0
285,0
286,1
287,0
288,1
289,1
290,0
291,0
292,1
293,0
294,0
295,0
296,0
297,1
298,1
299,1
300,1
301,1
302,1
303,0
304,1
305,0
306,0
307,0
308,0
309,0
310,1
311,1
312,1
313,1
314,0
315,1
316,0
317,1
318,1
319,0
320,1
321,0
322,1
323,1
324,0
325,1
326,0
327,0
328,0
329,1
330,0
331,0
332,1
333,0
334,0
335,0
336,1
337,0
338,0
339,0
340,0
341,0
342,1
343,1
344,0
345,0
346,0
347,0
348,0
349,0
350,1
351,1
352,0
353,0
354,1
355,0
356,1
357,1
358,1
359,0
360,1
361,0
362,0
363,0
364,1
365,1
366,1
367,1
368,0
369,1
370,0
371,0
372,0
373,0
374,0
375,0
376,0
377,0
378,0
379,0
380,0
381,1
382,1
383,1
384,1
385,0
386,0
387,0
388,1
389,0
390,1
391,1
392,0
393,0
394,0
395,0
396,0
397,1
398,1
399,1
400,1
401,0
402,1
403,0
404,0
405,1
406,0
407,0
408,0
409,1
410,0
411,1
412,1
413,0
414,0
415,0
416,0
417,1
418,0
419,0
420,0
421,0
422,0
423,1
424,1
425,1
426,0
427,0
428,0
429,1
430,1
431,0
432,0
433,0
434,1
435,1
436,0
437,1
438,0
439,1
440,1
441,0
442,1
443,0
444,0
445,0
446,0
447,1
448,1
449,1
450,0
451,1
452,0
453,1
454,1
455,0
456,1
457,0
458,1
459,1
460,1
461,1
462,1
463,0
464,0
465,0
466,0
467,0
468,1
469,1
470,0
471,0
472,0
473,1
474,0
475,0
476,0
477,0
478,0
479,1
480,0
481,0
482,0
483,1
484,0
485,0
486,1
487,1
488,0
489,1
490,1
491,0
492,0
493,0
494,0
495,0
496,0
497,1
498,0
499,1
500,1
501,0
502,1
503,1
504,0
505,0
506,0
507,1
508,0
509,1
510,0
511,1
512,0
513,1
514,0
515,0
516,0
517,1
518,1
519,1
520,0
521,0
522,0
523,1
524,0
525,1
526,1
527,0
528,0
529,1
530,0
531,1
532,0
533,0
534,1
535,0
536,0
537,1
538,0
539,0
540,1
541,1
542,1
543,0
544,1
545,1
546,0
547,1
548,0
549,1
550,1
551,1
552,0
553,0
554,1
555,0
556,0
557,0
558,1
559,0
560,1
561,0
562,0
563,0
564,1
565,1
566,1
567,0
568,0
569,0
570,0
571,1
572,0
573,1
574,1
575,0
576,1
577,0
578,1
579,1
580,0
581,0
582,1
583,0
584,0
585,0
586,0
587,1
588,0
589,1
590,1
591,0
592,1
593,0
594,0
595,0
596,0
597,1
598,1
599,0
600,0
601,0
602,0
603,0
604,1
605,0
606,1
607,1
608,0
609,0
610,1
611,0
612,1
613,0
614,0
615,1
616,0
617,0
618,1
619,0
620,1
621,0
622,0
623,1
624,0
625,0
626,0
627,0
628,1
629,1
630,1
631,0
632,0
633,1
634,0
635,1
636,1
637,1
638,0
639,0
640,1
641,0
642,1
643,1
644,0
645,0
646,0
647,1
648,0
649,0
650,0
651,0
652,1
653,1
654,0
655,1
656,1
657,0
658,0
659,1
660,0
661,1
662,0
663,0
664,0
665,0
666,1
667,0
668,0
669,1
670,0
671,0
672,0
673,0
674,1
675,1
676,1
677,0
678,0
679,0
680,1
681,1
682,1
683,0
684,0
685,0
686,0
687,1
688,0
689,1
690,0
691,1
692,0
693,1
694,1
695,1
696,0
697,0
698,1
699,1
700,1
701,1
702,0
703,0
704,1
705,0
706,1
707,0
708,0
709,1
710,1
711,0
712,1
713,0
714,0
715,0
716,0
717,0
718,1
719,0
720,0
721,1
722,1
723,0
724,1
725,1
726,1
727,0
728,0
729,1
730,0
731,1
732,1
733,0
734,0
735,0
736,1
737,0
738,1
739,0
740,0
741,1
742,0
743,1
744,1
745,0
746,0
747,1
748,0
749,1
750,0
751,0
752,0
753,1
754,1
755,1
756,1
757,0
758,1
759,0
760,1
761,1
762,1
763,0
764,1
765,1
766,0
767,1
768,0
769,1
770,1
771,1
772,0
773,0
774,1
775,1
776,0
777,0
778,1
779,0
780,0
781,0
782,0
783,0
784,0
785,1
786,0
787,1
788,0
789,1
790,1
791,0
792,0
793,1
794,0
795,1
796,1
797,1
798,0
799,1
800,0
801,0
802,1
803,1
804,1
805,0
806,0
807,0
808,0
809,0
810,0
811,1
812,1
813,1
814,1
815,1
816,0
817,0
818,0
819,1
820,0
821,1
822,0
823,0
824,1
825,1
826,1
827,1
828,1
829,1
830,0
831,0
832,0
833,1
834,1
835,0
836,1
837,1
838,0
839,0
840,0
841,1
842,0
843,1
844,0
845,1
846,0
847,0
848,0
849,0
850,0
851,1
852,1
853,0
854,0
855,0
856,1
857,1
858,1
859,0
860,0
861,1
862,0
863,0
864,1
865,1
866,1
867,0
868,0
869,0
870,1
871,0
872,1
873,0
874,0
875,0
876,0
877,0
878,1
879,0
880,0
881,0
882,0
883,1
884,1
885,1
886,0
887,0
888,0
889,0
890,1
891,1
892,1
893,0
894,0
895,0
896,0
897,0
898,1
899,1
900,1
901,1
902,0
903,1
904,0
905,0
906,1
907,1
908,1
909,0
910,1
911,0
912,0
913,0
914,1
915,1
916,0
917,1
918,0
919,0
920,0
921,1
922,0
923,1
924,1
925,0
926,1
927,0
928,1
929,1
930,0
931,1
932,1
933,0
934,0
935,1
936,1
937,0
938,0
939,1
940,1
941,1
942,1
943,1
944,0
945,0
946,0
947,0
948,0
949,1
950,0
951,1
952,1
953,0
954,1
955,0
956,1
957,0
958,0
959,0
960,1
961,1
962,1
963,0
964,0
965,0
966,1
967,0
968,0
969,0
970,1
971,0
972,0
973,0
974,0
975,1
976,1
977,1
978,0
979,1
980,0
981,0
982,1
983,1
984,1
985,0
986,0
987,0
988,1
989,0
990,1
991,1
992,0
993,0
994,0
995,0
996,0
997,0
998,1
999,0
1000,1
1001,1
1002,1
