"ID","Choice0","Choice1"
1,0.00231421329444196,0.997685786705558
2,0.00916386470276022,0.99083613529724
3,0.722878137983065,0.277121862016935
4,0.999999999209866,7.90133588426383e-10
5,0.999785596355348,0.00021440364465239
6,0.132162912649952,0.867837087350048
7,0.00653136210391967,0.99346863789608
8,0.00124229970981643,0.998757700290184
9,5.76918959317351e-12,0.999999999994231
10,0.00349354964765043,0.996506450352349
11,0.00164205853900835,0.998357941460992
12,0.00268696522954243,0.997313034770458
13,0.00497830404867702,0.995021695951323
14,0.00335883533001238,0.996641164669988
15,0.0480285945228417,0.951971405477158
16,0.00521831529280416,0.994781684707196
17,0.00224583435573384,0.997754165644266
18,0.173284275266443,0.826715724733557
19,0.0140940029893588,0.985905997010641
20,0.00164362365568672,0.998356376344313
21,0.0593784269920513,0.940621573007949
22,0.99999999947547,5.24530460257395e-10
23,0.999102325986559,0.000897674013440742
24,0.000103470107541443,0.999896529892459
25,0.00243223809805895,0.997567761901941
26,0.0028773374221783,0.997122662577822
27,2.07686879908887e-09,0.999999997923131
28,0.00223406823273921,0.997765931767261
29,0.00126877920509598,0.998731220794904
30,0.00184055985976131,0.998159440140239
31,0.00339385767833711,0.996606142321663
32,0.00306841420829907,0.996931585791701
33,0.00288350758173596,0.997116492418264
34,0.00271552907578323,0.997284470924217
35,0.0073882040277378,0.992611795972262
36,0.00296623540590473,0.997033764594095
37,1.05277639895007e-05,0.99998947223601
38,0.00614248694618031,0.99385751305382
39,0.00399322893528776,0.996006771064712
40,0.00217302897927852,0.997826971020721
41,0.000318832361769854,0.99968116763823
42,0.905658680735932,0.0943413192640681
43,0.98890042942441,0.0110995705755903
44,0.00321551027515801,0.996784489724842
45,0.000527271278824926,0.999472728721175
46,1,3.44563895784963e-22
47,0.00256180223714556,0.997438197762855
48,0.00301843247502064,0.996981567524979
49,1,1.73187589089654e-23
50,0.00326590486908895,0.996734095130911
51,0.00279229720303863,0.997207702796961
52,0.0113252347100294,0.988674765289971
53,0.00565476014350556,0.994345239856494
54,0.00116625341078905,0.998833746589211
55,0.00388014488152013,0.99611985511848
56,0.999427239376747,0.000572760623252683
57,0.0195535879676114,0.980446412032388
58,0.00106791513975687,0.998932084860243
59,0.00307497583831653,0.996925024161684
60,0.00262264187520724,0.997377358124793
61,2.99172001178218e-06,0.999997008279988
62,0.000406875783588164,0.999593124216412
63,0.00219158710976258,0.997808412890237
64,0.00119542193345741,0.998804578066543
65,0.0102139719021885,0.989786028097812
66,0.994266415441228,0.00573358455877168
67,5.42307387331931e-11,0.999999999945769
68,0.00267999699084282,0.997320003009157
69,0.000177666054714927,0.999822333945285
70,1,9.74443115430344e-21
71,0.00208113140296706,0.997918868597033
72,0.0148796903691027,0.985120309630897
73,1.88978475036453e-05,0.999981102152496
74,3.58459403423285e-09,0.999999996415406
75,2.10859000940446e-05,0.999978914099906
76,0.00265140841906107,0.997348591580939
77,0.000371954584093978,0.999628045415906
78,0.999999999999996,4.45534506094888e-15
79,0.00270115038253376,0.997298849617466
80,0.00298888079173234,0.997011119208268
81,0.00354054899480447,0.996459451005196
82,0.00290076231728114,0.997099237682719
83,0.00220564044492148,0.997794359555079
84,0.00220727448346904,0.997792725516531
85,0.00684579463598258,0.993154205364017
86,0.107273724400444,0.892726275599556
87,0.00308608555170607,0.996913914448294
88,0.00424547892906264,0.995754521070937
89,0.00253611816468463,0.997463881835315
90,0.263703071776684,0.736296928223316
91,0.0208797572978453,0.979120242702155
92,0.0107626165495875,0.989237383450412
93,0.000859311724182506,0.999140688275818
94,0.00619739072170477,0.993802609278295
95,0.00540791961735889,0.994592080382641
96,3.34615391552228e-05,0.999966538460845
97,0.222597685405234,0.777402314594766
98,0.00271902805976032,0.99728097194024
99,0.0045154886417263,0.995484511358274
100,0.999999999996879,3.12123398707901e-12
101,0.00162874744969615,0.998371252550304
102,0.00252779273688847,0.997472207263112
103,0.00210462661965228,0.997895373380348
104,0.00124311104756627,0.998756888952434
105,0.0182892912693746,0.981710708730625
106,0.00272038501285268,0.997279614987147
107,0.0026204372490786,0.997379562750921
108,7.14827527969005e-08,0.999999928517247
109,0.00168119788449243,0.998318802115508
110,0.00294308496241397,0.997056915037586
111,0.00342683366797046,0.99657316633203
112,0.00405151111516218,0.995948488884838
113,0.000966732181548673,0.999033267818451
114,0.999816486338374,0.00018351366162632
115,0.000201261340090301,0.99979873865991
116,0.00628419048456075,0.993715809515439
117,0.0053023442455754,0.994697655754424
118,3.81777574696084e-06,0.999996182224253
119,0.102708676584553,0.897291323415447
120,0.00312735785027157,0.996872642149728
121,0.00224072442472294,0.997759275575277
122,0.0210531633829583,0.978946836617042
123,0.00306941185515199,0.996930588144848
124,0.000389390987401277,0.999610609012599
125,0.999999997278656,2.72134444874138e-09
126,0.999999993843944,6.15605606926976e-09
127,0.00770503865030653,0.992294961349694
128,0.00308620429911687,0.996913795700883
129,0.999999910644623,8.93553768320255e-08
130,0.00301987444821573,0.996980125551784
131,2.71879305167808e-06,0.999997281206948
132,0.00404954547535169,0.995950454524648
133,9.48000800546995e-06,0.999990519991995
134,0.999999999999994,5.5267265152425e-15
135,0.000522448968830083,0.99947755103117
136,0.00222946102323818,0.997770538976762
137,0.00196585013681697,0.998034149863183
138,0.00305607145820579,0.996943928541794
139,8.70613058538233e-06,0.999991293869415
140,7.56318475805814e-10,0.999999999243681
141,0.0010824871744641,0.998917512825536
142,0.000109030705311796,0.999890969294688
143,0.00167973568241556,0.998320264317585
144,0.00265523362663999,0.99734476637336
145,0.713237617384253,0.286762382615747
146,0.00225882253294914,0.997741177467051
147,0.00154435189668948,0.99845564810331
148,0.00493910474829134,0.995060895251709
149,6.76727676648561e-05,0.999932327232335
150,0.000939321936217723,0.999060678063782
151,0.999999579351618,4.20648382084535e-07
152,0.00271610889411018,0.99728389110589
153,0.933122189487221,0.0668778105127787
154,0.00651056717170822,0.993489432828292
155,0.0113112565351229,0.988688743464877
156,0.999250456084496,0.000749543915503729
157,0.00229848888775937,0.997701511112241
158,0.00086444187653647,0.999135558123464
159,0.999990024953199,9.97504680118819e-06
160,0.00391478269803717,0.996085217301963
161,7.14419752390621e-06,0.999992855802476
162,0.993871219497963,0.00612878050203735
163,0.937714591982908,0.0622854080170923
164,0.00938103948391598,0.990618960516084
165,0.00177496955923345,0.998225030440766
166,0.00252011606635199,0.997479883933648
167,1.76592021418942e-10,0.999999999823408
168,0.984773090528188,0.0152269094718121
169,0.00246252497903548,0.997537475020965
170,0.002040779015428,0.997959220984572
171,0.00212923847428966,0.99787076152571
172,0.000204401851107143,0.999795598148893
173,0.999998856768173,1.14323182648682e-06
174,0.999999999682264,3.17735874431369e-10
175,0.000759045525744575,0.999240954474255
176,1.31731289996004e-05,0.999986826871
177,0.00196186572994515,0.998038134270055
178,0.00272957223727213,0.997270427762728
179,0.00325664935556971,0.99674335064443
180,0.0038448302136959,0.996155169786304
181,0.999999999886445,1.13555183431464e-10
182,0.00283806184642468,0.997161938153575
183,0.00166664477275909,0.998333355227241
184,8.93372760406252e-12,0.999999999991066
185,0.00119182911927249,0.998808170880728
186,1,9.05374768802498e-19
187,0.00141757127084048,0.998582428729159
188,0.286998333987061,0.713001666012939
189,0.00282821235712489,0.997171787642875
190,0.00166585765182593,0.998334142348174
191,0.00199762982691126,0.998002370173089
192,0.00172684375135547,0.998273156248645
193,0.000824033273748173,0.999175966726252
194,0.00731521047433416,0.992684789525666
195,0.0027397902783933,0.997260209721607
196,0.00296809546049332,0.997031904539507
197,0.000834919442785378,0.999165080557215
198,9.32470048594771e-06,0.999990675299514
199,0.133005686106226,0.866994313893774
200,0.00250795825833137,0.997492041741669
201,0.557793921891641,0.442206078108359
202,0.0177649358440223,0.982235064155978
203,0.00292451198436539,0.997075488015635
204,0.00151296966254536,0.998487030337455
205,0.996771018290681,0.00322898170931859
206,0.00670448603573218,0.993295513964268
207,0.000743576676433745,0.999256423323566
208,0.993564876328111,0.00643512367188879
209,0.992399937250643,0.00760006274935724
210,0.0164233097278109,0.983576690272189
211,4.74772932435238e-06,0.999995252270676
212,0.00874238756519758,0.991257612434802
213,0.0027209056090557,0.997279094390944
214,0.0071742645572737,0.992825735442726
215,0.999744274597022,0.000255725402977997
216,0.0560720767369408,0.943927923263059
217,0.0151277432789474,0.984872256721053
218,1.02462110412083e-07,0.99999989753789
219,6.28141537958387e-12,0.999999999993719
220,0.00214375421581976,0.99785624578418
221,0.00225802445559856,0.997741975544401
222,0.0245835653285505,0.97541643467145
223,0.00161443289190512,0.998385567108095
224,0.00109507519217046,0.99890492480783
225,0.0182250720235962,0.981774927976404
226,0.00316909833689056,0.996830901663109
227,0.00348406513183893,0.996515934868161
228,0.00204827024285468,0.997951729757145
229,0.00213381144511424,0.997866188554886
230,0.00512301520282511,0.994876984797175
231,5.47633162515764e-05,0.999945236683748
232,0.00295869506675346,0.997041304933246
233,0.997621274799876,0.0023787252001237
234,0.999451196765489,0.000548803234511483
235,0.670753113795227,0.329246886204773
236,0.00211236613418782,0.997887633865812
237,0.999999909518122,9.0481878277526e-08
238,0.00142887864935366,0.998571121350646
239,0.000608442102737504,0.999391557897263
240,0.000735445607050704,0.999264554392949
241,0.00878881859520315,0.991211181404797
242,0.999999999999994,6.33057714393769e-15
243,0.273043563889995,0.726956436110005
244,0.00659393322252722,0.993406066777473
245,0.00267888070663977,0.99732111929336
246,0.00203879181863307,0.997961208181367
247,1.15438637854701e-05,0.999988456136214
248,1,3.04102703424494e-193
249,0.00822702775177862,0.991772972248221
250,0.00317875189836734,0.996821248101633
251,0.00278702047924842,0.997212979520751
252,0.00187705830674286,0.998122941693257
253,0.190203008818009,0.809796991181991
254,0.976747345953367,0.023252654046633
255,0.000446138129354285,0.999553861870646
256,0.00311539926035267,0.996884600739647
257,0.00513389949629756,0.994866100503702
258,0.00342976874613298,0.996570231253867
259,0.00122054994995249,0.998779450050048
260,0.00527449504786161,0.994725504952139
261,0.682308033078049,0.317691966921951
262,0.00254327551059012,0.99745672448941
263,5.24343695955604e-05,0.999947565630404
264,0.153103981782508,0.846896018217491
265,0.00271167883972759,0.997288321160272
266,0.00169322565839473,0.998306774341605
267,0.00232120318161331,0.997678796818387
268,0.00181230576907608,0.998187694230924
269,0.000509833002888828,0.999490166997111
270,0.00273249827157792,0.997267501728422
271,0.821376853651643,0.178623146348357
272,0.0152228436950432,0.984777156304957
273,0.00370243267706829,0.996297567322932
274,0.00254564624388498,0.997454353756115
275,1.50443791396501e-09,0.999999998495562
276,0.00284418122853318,0.997155818771467
277,0.000514229607803944,0.999485770392196
278,1.53279615684717e-05,0.999984672038432
279,0.00334162929022768,0.996658370709772
280,0.00273251062657773,0.997267489373422
281,0.692578661199322,0.307421338800678
282,0.000653167226784618,0.999346832773215
283,2.25608469517275e-05,0.999977439153048
284,0.00186802243300458,0.998131977566995
285,0.00276704499704472,0.997232955002955
286,0.942045575374021,0.0579544246259792
287,8.22432196344782e-12,0.999999999991776
288,0.00348547083382416,0.996514529166176
289,0.000661401340810873,0.999338598659189
290,0.00160602147290186,0.998393978527098
291,0.00190430202618026,0.99809569797382
292,1.14995148466851e-30,1
293,0.0500726345504678,0.949927365449532
294,0.0246000932136407,0.975399906786359
295,9.50481698019227e-14,0.999999999999905
296,0.00219524492071878,0.997804755079281
297,2.81698459329201e-05,0.999971830154067
298,0.147531105645082,0.852468894354917
299,0.00188011549065796,0.998119884509342
300,0.00292031586783423,0.997079684132166
301,0.993999449318055,0.00600055068194482
302,2.88799010947961e-05,0.999971120098905
303,0.865403401877321,0.134596598122679
304,0.00198199039325932,0.998018009606741
305,0.00052994495149189,0.999470055048508
306,0.994227189887791,0.00577281011220932
307,0.00133294837707405,0.998667051622926
308,0.0222115697700274,0.977788430229973
309,0.000202668249527862,0.999797331750472
310,1,1.01784086480483e-70
311,2.26529975612578e-05,0.999977347002439
312,0.00295193824197094,0.997048061758029
313,1.64089373552377e-05,0.999983591062645
314,1.89466660524072e-09,0.999999998105333
315,0.000920892013430807,0.999079107986569
316,0.00362422449680292,0.996375775503197
317,0.000667697158535341,0.999332302841465
318,0.00322491984884151,0.996775080151159
319,0.00083857683529562,0.999161423164704
320,0.00140566960974075,0.998594330390259
321,0.000737140514445221,0.999262859485555
322,0.00258989211700653,0.997410107882994
323,0.00691106139341604,0.993088938606584
324,0.00986660588173073,0.990133394118269
325,0.000256723713932407,0.999743276286068
326,0.00879665228596757,0.991203347714032
327,0.999999999999995,5.0283664415976e-15
328,0.993962114072767,0.00603788592723266
329,0.0329482862946214,0.967051713705379
330,0.00144344803427593,0.998556551965724
331,0.00175667156720842,0.998243328432792
332,0.962167033573241,0.0378329664267589
333,0.999999939845769,6.01542316215059e-08
334,0.0031985794480394,0.996801420551961
335,0.00178527434848747,0.998214725651512
336,0.00703334648717094,0.992966653512829
337,0.00457734978584632,0.995422650214154
338,0.00136398658948437,0.998636013410516
339,0.0145028935648312,0.985497106435169
340,0.00277465445447853,0.997225345545521
341,0.00288815104146457,0.997111848958535
342,0.00663700369171238,0.993362996308288
343,2.50676249323493e-06,0.999997493237507
344,0.999999998995578,1.00442183391904e-09
345,0.00964492431603797,0.990355075683962
346,0.00276193453652312,0.997238065463477
347,0.00137787874594065,0.998622121254059
348,0.004067280673265,0.995932719326735
349,0.00196410206574848,0.998035897934252
350,0.415813115193067,0.584186884806933
351,0.00655091181951922,0.993449088180481
352,0.00265795383372583,0.997342046166274
353,2.45679530506452e-12,0.999999999997543
354,0.00131117182048084,0.998688828179519
355,0.242109641248345,0.757890358751655
356,0.00343606574160482,0.996563934258395
357,0.0018602714880921,0.998139728511908
358,0.00164923582180823,0.998350764178192
359,2.3619882732189e-10,0.999999999763801
360,0.00247983343614195,0.997520166563858
361,0.0167302226811221,0.983269777318878
362,2.46237882020167e-10,0.999999999753762
363,0.00097704184329626,0.999022958156704
364,0.00111939249404296,0.998880607505957
365,0.999979365182615,2.06348173848347e-05
366,0.00738901817249858,0.992610981827501
367,0.0001216190159162,0.999878380984084
368,0.99999999999622,3.78022616867016e-12
369,0.00251009842628823,0.997489901573712
370,0.00268100608786423,0.997318993912136
371,2.13640694558298e-06,0.999997863593054
372,0.00773058993283523,0.992269410067165
373,0.00567775102983818,0.994322248970162
374,0.00259576615313269,0.997404233846867
375,0.00273073066366489,0.997269269336335
376,0.0017428561440263,0.998257143855974
377,0.348528016830157,0.651471983169843
378,0.0178601404577509,0.982139859542249
379,0.00151562678362743,0.998484373216373
380,0.00210795247945428,0.997892047520546
381,0.0102738458283855,0.989726154171615
382,0.00227283317118611,0.997727166828814
383,0.011722018454652,0.988277981545348
384,0.00105834706341701,0.998941652936583
385,0.999989009065523,1.09909344773278e-05
386,0.999998176254913,1.82374508637435e-06
387,0.00376836842510695,0.996231631574893
388,1.21792971684759e-07,0.999999878207028
389,1,8.33342167102786e-189
390,1.68699823962902e-05,0.999983130017604
391,0.00276324851688387,0.997236751483116
392,3.13846585836738e-05,0.999968615341416
393,0.00174751875608821,0.998252481243912
394,0.00262018805493915,0.997379811945061
395,0.00219924129176744,0.997800758708233
396,8.5159490119898e-06,0.999991484050988
397,0.0203339825113437,0.979666017488656
398,0.943930250971459,0.0560697490285408
399,0.00221840122106229,0.997781598778938
400,0.0213752210655228,0.978624778934477
401,0.00145545972709869,0.998544540272901
402,0.00214678391890367,0.997853216081096
403,0.00287559157774622,0.997124408422254
404,0.00250903577967129,0.997490964220329
405,0.0110525403654743,0.988947459634526
406,0.00265769186027172,0.997342308139728
407,0.644273368726914,0.355726631273086
408,0.00972029973570796,0.990279700264292
409,0.000953545752449347,0.999046454247551
410,0.00289464116128463,0.997105358838715
411,0.00206577458909337,0.997934225410907
412,0.00198488084270059,0.998015119157299
413,0.001114266358802,0.998885733641198
414,1,1.47581887382895e-68
415,2.74524027046598e-05,0.999972547597295
416,0.000265632795462676,0.999734367204537
417,6.9147373724393e-08,0.999999930852626
418,0.00224810005928514,0.997751899940715
419,0.00152263425478952,0.998477365745211
420,0.00120562875260202,0.998794371247398
421,0.00324574982902357,0.996754250170976
422,0.635664521130718,0.364335478869282
423,0.000884262844815954,0.999115737155184
424,0.00173633273918805,0.998263667260812
425,0.0249222984710489,0.975077701528951
426,1.00202765191169e-10,0.999999999899797
427,0.00281292889837351,0.997187071101627
428,0.000300176128221297,0.999699823871779
429,0.00232292774375407,0.997677072256246
430,5.64619631312805e-06,0.999994353803687
431,0.994392576607166,0.00560742339283385
432,0.00157414213975281,0.998425857860247
433,0.00327937153595993,0.99672062846404
434,0.0730158161668302,0.92698418383317
435,0.00155379647614586,0.998446203523854
436,7.10245986822516e-08,0.999999928975401
437,0.00568202743886002,0.99431797256114
438,6.76709034659997e-05,0.999932329096534
439,0.00545149894447269,0.994548501055527
440,0.0075844300915811,0.992415569908419
441,0.00315250312614185,0.996847496873858
442,0.000927302470745683,0.999072697529254
443,0.00310183247316342,0.996898167526837
444,0.00226317847232467,0.997736821527675
445,0.0166076597849144,0.983392340215086
446,0.00274570942630344,0.997254290573697
447,0.0407076024234874,0.959292397576513
448,0.000769500089616972,0.999230499910383
449,0.999975765124146,2.42348758542233e-05
450,0.0025305199435027,0.997469480056497
451,4.07991422495626e-05,0.99995920085775
452,0.00596500380760952,0.994034996192391
453,0.00210039769720957,0.997899602302791
454,0.000890122031581712,0.999109877968418
455,0.00367555617278397,0.996324443827216
456,0.999856736660816,0.0001432633391844
457,0.0029820512280439,0.997017948771956
458,0.00183871662720123,0.998161283372799
459,6.38999801284756e-05,0.999936100019872
460,0.00345764775179773,0.996542352248202
461,0.999746935701929,0.000253064298071171
462,0.00272731608082352,0.997272683919176
463,0.0016327299122642,0.998367270087736
464,0.00163678650714566,0.998363213492854
465,0.013187042664778,0.986812957335222
466,0.00313733380735579,0.996862666192644
467,0.821509763980066,0.178490236019934
468,2.48162472828977e-05,0.999975183752717
469,0.00072364774154109,0.999276352258459
470,3.58835771103762e-10,0.999999999641164
471,0.00325786125127773,0.996742138748722
472,0.0176342006672218,0.982365799332778
473,6.3565550236451e-08,0.99999993643445
474,0.00297338601251067,0.997026613987489
475,1.02618529268651e-07,0.999999897381471
476,0.00281292889837351,0.997187071101627
477,0.00266011228169951,0.997339887718301
478,0.0752672931194858,0.924732706880514
479,0.00588327762415909,0.994116722375841
480,0.999134069136885,0.000865930863114614
481,0.00292430947944522,0.997075690520555
482,0.0039939565181547,0.996006043481845
483,0.000308492204724457,0.999691507795276
484,0.00362422449680292,0.996375775503197
485,3.57408718954469e-05,0.999964259128104
486,3.13312571687384e-20,1
487,0.000579047649364105,0.999420952350636
488,0.00270075282675296,0.997299247173247
489,1.76367580115688e-30,1
490,0.000854333751773737,0.999145666248226
491,0.00567802166381789,0.994321978336182
492,1,2.64192984858084e-32
493,0.000271267678865528,0.999728732321134
494,0.00651042358168198,0.993489576418318
495,0.00465865410151173,0.995341345898488
496,0.0013211710252029,0.998678828974797
497,1.77195966474578e-07,0.999999822804034
498,0.0027595241154689,0.997240475884531
499,0.00243982128067313,0.997560178719327
500,0.112272628586335,0.887727371413665
501,0.00358784260255657,0.996412157397443
502,0.00374065665976426,0.996259343340236
503,0.000813374914398909,0.999186625085601
504,2.42957954860628e-05,0.999975704204514
505,1.29045089539329e-11,0.999999999987095
506,1,4.08457420000694e-193
507,2.32482512257609e-06,0.999997675174877
508,0.00134868892499597,0.998651311075004
509,0.00723453924178978,0.99276546075821
510,0.999999999438818,5.61181579194749e-10
511,0.00304234220220091,0.996957657797799
512,0.0038163763392204,0.99618362366078
513,0.00256139615293021,0.99743860384707
514,0.00166915659176721,0.998330843408233
515,0.00208136214855077,0.997918637851449
516,0.000203731396890558,0.999796268603109
517,0.00323239172589387,0.996767608274106
518,0.0107595164633117,0.989240483536688
519,5.31544695479725e-05,0.999946845530452
520,0.000625032909516954,0.999374967090483
521,0.00400922390232168,0.995990776097678
522,0.000143045816724483,0.999856954183275
523,9.6727528174044e-08,0.999999903272472
524,4.52164335952985e-10,0.999999999547836
525,0.00169493755837619,0.998305062441624
526,0.00246735984176841,0.997532640158232
527,0.00254185106344252,0.997458148936557
528,0.950395048014642,0.0496049519853576
529,0.00311539926035267,0.996884600739647
530,0.0252969970650922,0.974703002934908
531,0.00259060215240732,0.997409397847593
532,0.00209168973836425,0.997908310261636
533,0.00234488364391042,0.997655116356089
534,0.00229859533962231,0.997701404660378
535,0.00270659107949355,0.997293408920506
536,0.000962064540181516,0.999037935459818
537,0.00232678354262663,0.997673216457373
538,0.644273368726914,0.355726631273086
539,0.001227161797855,0.998772838202145
540,0.00277552393576824,0.997224476064232
541,0.00235223795933352,0.997647762040667
542,0.0181742973360686,0.981825702663931
543,1.4379464402443e-05,0.999985620535597
544,0.999586436556945,0.000413563443054779
545,0.00195723374674801,0.998042766253252
546,0.0167372294502927,0.983262770549707
547,0.000694580241467923,0.999305419758532
548,0.00303613229301469,0.996963867706985
549,0.00115829383172685,0.998841706168273
550,2.41458943516925e-05,0.999975854105648
551,0.00158240987101989,0.99841759012898
552,0.00137030727840418,0.998629692721596
553,0.00141446850819886,0.998585531491801
554,0.00216848480349101,0.997831515196509
555,0.00872911353882128,0.991270886461179
556,0.00145354456510824,0.998546455434892
557,6.80312855372797e-06,0.999993196871446
558,0.000236586753874413,0.999763413246126
559,0.00564144259118604,0.994358557408814
560,0.00216833401808331,0.997831665981917
561,0.00278086918864445,0.997219130811356
562,0.999999769337669,2.30662331310037e-07
563,0.0111024881315025,0.988897511868498
564,0.00232696409593257,0.997673035904067
565,0.00532902324343786,0.994670976756562
566,0.00178693348031014,0.99821306651969
567,7.10481252399091e-08,0.999999928951875
568,0.999999998650736,1.34926370082852e-09
569,0.00273240226964578,0.997267597730354
570,0.0174771472014741,0.982522852798526
571,0.999999999999384,6.16212332848918e-13
572,0.00345940700497726,0.996540592995023
573,0.000115280439607787,0.999884719560392
574,0.865471868316171,0.134528131683829
575,0.97172090793292,0.0282790920670798
576,0.853840922504483,0.146159077495517
577,0.00250358711923856,0.997496412880761
578,0.109201704104414,0.890798295895586
579,4.45447852907891e-06,0.999995545521471
580,0.00273434485078438,0.997265655149216
581,0.00176743083386855,0.998232569166132
582,0.00175122084795312,0.998248779152047
583,0.00256104150755261,0.997438958492447
584,0.00325726219742905,0.996742737802571
585,0.00324916585689106,0.996750834143109
586,0.00107967198497563,0.998920328015024
587,0.00105526109674144,0.998944738903259
588,0.00211003416470088,0.997889965835299
589,0.956424572044684,0.0435754279553164
590,0.0027924618787626,0.997207538121237
591,1.29350577883846e-06,0.999998706494221
592,0.000112726283306265,0.999887273716694
593,0.00065257153326615,0.999347428466734
594,0.00846169804369255,0.991538301956307
595,0.00088968546102425,0.999110314538976
596,0.000901959944969958,0.99909804005503
597,0.0235037240836177,0.976496275916382
598,0.0024138407745438,0.997586159225456
599,0.00271328682541222,0.997286713174588
600,0.00145869831326145,0.998541301686738
601,2.27420635971702e-12,0.999999999997726
602,0.00397424586420749,0.996025754135793
603,0.00261009575993248,0.997389904240068
604,0.00304711786868685,0.996952882131313
605,0.0138440450928287,0.986155954907171
606,0.0011123324005758,0.998887667599424
607,0.0022272648691579,0.997772735130842
608,0.0027679174315599,0.99723208256844
609,0.994023001839303,0.00597699816069652
610,0.00437702944818312,0.995622970551817
611,0.00553102727840505,0.994468972721595
612,0.00104102169779131,0.998958978302209
613,0.0018760404339788,0.998123959566021
614,0.00530836579123318,0.994691634208767
615,0.000228473213879198,0.999771526786121
616,0.048652303257621,0.951347696742379
617,0.00105835928146372,0.998941640718536
618,0.00113036936737107,0.998869630632629
619,0.817579504916212,0.182420495083788
620,0.00121795960423111,0.998782040395769
621,0.0023669572933869,0.997633042706613
622,0.00315430244135328,0.996845697558647
623,0.00133290400812494,0.998667095991875
624,0.0024039297482301,0.99759607025177
625,0.0285842631965861,0.971415736803414
626,6.12605835761686e-07,0.999999387394164
627,5.49598141586823e-11,0.99999999994504
628,0.00191298050277554,0.998087019497225
629,0.0023368788121543,0.997663121187846
630,2.5394675957376e-06,0.999997460532404
631,0.00249077678609049,0.99750922321391
632,0.799663680254732,0.200336319745268
633,0.00240144373020177,0.997598556269798
634,0.0529546482489582,0.947045351751042
635,5.6487532317783e-06,0.999994351246768
636,0.0122037997817598,0.98779620021824
637,0.00693138553481016,0.99306861446519
638,0.00416350305104157,0.995836496948958
639,0.0018136697871578,0.998186330212842
640,0.159497003067099,0.840502996932901
641,0.999999955216611,4.47833894596545e-08
642,0.00647274763025581,0.993527252369744
643,0.0243460456456233,0.975653954354377
644,0.00419900174050788,0.995800998259492
645,0.00210131089891484,0.997898689101085
646,0.43762781202721,0.56237218797279
647,0.00600621780448387,0.993993782195516
648,0.0035488076933458,0.996451192306654
649,0.00142032624625166,0.998579673753748
650,0.999979848780139,2.01512198604294e-05
651,0.00926123856515898,0.990738761434841
652,0.871833144966483,0.128166855033517
653,0.00221155333346477,0.997788446666535
654,4.66237423176324e-09,0.999999995337626
655,0.000884737288482548,0.999115262711517
656,0.00153719810463922,0.998462801895361
657,3.63658906198354e-10,0.999999999636341
658,0.00208507882952864,0.997914921170471
659,0.00862888601282871,0.991371113987171
660,1,4.41775989703373e-191
661,0.00321506692470267,0.996784933075297
662,0.999999890037122,1.09962878247522e-07
663,7.64679230987729e-08,0.999999923532077
664,2.42107078718129e-07,0.999999757892921
665,0.000603277152679073,0.999396722847321
666,0.00305452236715517,0.996945477632845
667,0.00275450966106571,0.997245490338934
668,0.999999988103051,1.18969491953103e-08
669,0.000492955347806931,0.999507044652193
670,0.00276285098079025,0.99723714901921
671,0.00339144123076912,0.996608558769231
672,0.00315492388196126,0.996845076118039
673,0.0380230413665474,0.961976958633453
674,4.90272119992962e-05,0.999950972788001
675,0.999999999921247,7.8753297419661e-11
676,0.00619473231592155,0.993805267684079
677,0.911771931347836,0.0882280686521635
678,0.00403851929574124,0.995961480704259
679,0.00271298625917761,0.997287013740822
680,0.00161084932368064,0.998389150676319
681,0.00184817474668545,0.998151825253314
682,0.440459983323662,0.559540016676338
683,0.00234320227917319,0.997656797720827
684,0.00424553369254303,0.995754466307457
685,0.999999999128425,8.7157546488044e-10
686,0.00412376735063818,0.995876232649362
687,1.41286027322162e-30,1
688,0.00374393093967077,0.996256069060329
689,3.49959892668306e-05,0.999965004010733
690,0.00249274433451996,0.99750725566548
691,0.000100865227971574,0.999899134772029
692,0.00315668773979201,0.996843312260208
693,0.00383161912436216,0.996168380875638
694,2.99280098242252e-05,0.999970071990176
695,0.999998803156421,1.1968435791716e-06
696,0.00255057456689917,0.997449425433101
697,0.00251735118084166,0.997482648819158
698,0.00530469135783767,0.994695308642162
699,0.131169603393954,0.868830396606045
700,3.73903135213681e-06,0.999996260968648
701,0.00274107852785642,0.997258921472144
702,5.43252040915418e-06,0.999994567479591
703,0.000653916785439021,0.999346083214561
704,0.00234536018867603,0.997654639811324
705,0.00632176645825411,0.993678233541746
706,0.0025011463822551,0.997498853617745
707,0.00107436162959179,0.998925638370408
708,0.00971641551640333,0.990283584483597
709,0.00851821650079876,0.991481783499201
710,0.00338464816527004,0.99661535183473
711,0.000115503328523189,0.999884496671477
712,0.999999999999995,5.43408188405307e-15
713,0.000641785438748139,0.999358214561252
714,0.00270996139752262,0.997290038602477
715,0.000548500046027173,0.999451499953973
716,1,3.75266628367396e-193
717,0.000159603970609025,0.999840396029391
718,0.00136474128553144,0.998635258714469
719,0.999999999451157,5.48842871904883e-10
720,0.999999999397014,6.02986395708585e-10
721,0.00296471139245906,0.997035288607541
722,0.00330205363334956,0.99669794636665
723,0.000298886849371127,0.999701113150629
724,0.00426078854822971,0.99573921145177
725,0.00577947179850479,0.994220528201495
726,8.76365585576053e-05,0.999912363441442
727,0.00218672766815097,0.997813272331849
728,0.00215603942882156,0.997843960571178
729,0.00334218739576465,0.996657812604235
730,0.00320108817051386,0.996798911829486
731,0.00118245989900084,0.998817540100999
732,0.0409260350377786,0.959073964962221
733,0.00204572202815171,0.997954277971848
734,2.71583914950164e-09,0.999999997284161
735,0.000373061751289733,0.99962693824871
736,0.99999999999998,1.9983072808286e-14
737,0.00320759007986685,0.996792409920133
738,5.44065091723948e-06,0.999994559349083
739,0.00393678000152057,0.996063219998479
740,0.0157373480712456,0.984262651928754
741,0.0129148481598182,0.987085151840182
742,0.000795309946655438,0.999204690053345
743,5.47024185722154e-06,0.999994529758143
744,0.00101916961568493,0.998980830384315
745,0.00109648822239253,0.998903511777608
746,0.00273438359222721,0.997265616407773
747,0.00318193779086776,0.996818062209132
748,0.577506453553636,0.422493546446364
749,0.999698078081479,0.000301921918521454
750,0.000370742321840726,0.999629257678159
751,0.00229193760493617,0.997708062395064
752,0.00262635044291185,0.997373649557088
753,0.00354534898739879,0.996454651012601
754,0.0011508323180173,0.998849167681983
755,0.549035070871798,0.450964929128201
756,0.0141833777173142,0.985816622282686
757,0.00223406823273921,0.997765931767261
758,0.000902773153914114,0.999097226846086
759,0.00559736874916997,0.99440263125083
760,0.198336597646715,0.801663402353285
761,0.0008779092596842,0.999122090740316
762,8.89711805657795e-06,0.999991102881943
763,6.0086205685926e-05,0.999939913794314
764,0.0420321105446658,0.957967889455334
765,9.00214701933392e-06,0.999990997852981
766,0.00276552484509689,0.997234475154903
767,0.00435046189782337,0.995649538102177
768,0.00299661869582932,0.997003381304171
769,0.0950872109534189,0.904912789046581
770,0.0105923026224853,0.989407697377515
771,0.00252542256221083,0.997474577437789
772,3.70547642544454e-06,0.999996294523575
773,0.000488202667979365,0.999511797332021
774,0.0015654083640012,0.998434591635999
775,0.00538704257559763,0.994612957424402
776,0.970532659214819,0.0294673407851811
777,0.00250903577967129,0.997490964220329
778,0.0138891831569753,0.986110816843025
779,0.999996222342991,3.77765700876006e-06
780,0.00217247307930849,0.997827526920692
781,0.00265654712730995,0.99734345287269
782,0.000224314956758451,0.999775685043242
783,0.00667908392039814,0.993320916079602
784,0.999994491876551,5.50812344890846e-06
785,0.00361929731774499,0.996380702682255
786,0.00265654115859353,0.997343458841407
787,0.686284092455311,0.313715907544689
788,0.999999999017643,9.82356973364952e-10
789,0.00191346701245328,0.998086532987547
790,0.0067675040869954,0.993232495913005
791,0.00477849428516857,0.995221505714831
792,0.00350268627908697,0.996497313720913
793,1,7.34186228834133e-19
794,0.000188915375028357,0.999811084624971
795,0.00114887159875241,0.998851128401248
796,0.99947003427639,0.000529965723609792
797,0.00193774361778699,0.998062256382213
798,0.0483707264640589,0.951629273535941
799,1,1.5599724061545e-70
800,0.00312961656106632,0.996870383438934
801,0.00249415622374029,0.99750584377626
802,1.07083815205718e-09,0.999999998929162
803,1,2.42128260126085e-23
804,6.24017008088084e-08,0.999999937598299
805,8.26617738612958e-05,0.999917338226139
806,0.00751857532898589,0.992481424671014
807,7.12094137762113e-08,0.999999928790586
808,0.0118713470488218,0.988128652951178
809,0.000792610540357695,0.999207389459642
810,0.0476851428335951,0.952314857166405
811,0.0396685359148691,0.960331464085131
812,1,1.61451019812041e-23
813,0.00239172638851566,0.997608273611484
814,1,2.95810195226701e-30
815,0.998392513431251,0.00160748656874886
816,0.242743037178576,0.757256962821424
817,0.00171812691274624,0.998281873087254
818,0.00510725667559157,0.994892743324408
819,0.00150138699055198,0.998498613009448
820,0.0102331711248999,0.9897668288751
821,0.0180600824873795,0.98193991751262
822,0.00834368190585711,0.991656318094143
823,0.00290440836565576,0.997095591634344
824,0.00171932261542062,0.998280677384579
825,0.00260505846060458,0.997394941539395
826,0.0244813087665895,0.975518691233411
827,0.001673007561823,0.998326992438177
828,4.57073123383875e-06,0.999995429268766
829,0.0013636231500412,0.998636376849959
830,0.0148852780435082,0.985114721956492
831,0.00388695818606787,0.996113041813932
832,0.00435723280253712,0.995642767197463
833,4.60280601823642e-08,0.99999995397194
834,1.68624511810129e-06,0.999998313754882
835,0.00205418535877603,0.997945814641224
836,0.999945259174815,5.4740825184861e-05
837,0.00285071086648703,0.997149289133513
838,0.00129462136634093,0.998705378633659
839,0.00490368859016362,0.995096311409836
840,0.00073253467357247,0.999267465326428
841,0.00268726424630739,0.997312735753693
842,0.0025571398513812,0.997442860148619
843,0.00182703700661217,0.998172962993388
844,0.999999908577331,9.14226685541217e-08
845,1.41787097218392e-07,0.999999858212903
846,0.00194238645974205,0.998057613540258
847,0.00250041294391274,0.997499587056087
848,0.00364936194323522,0.996350638056765
849,0.00178370975158047,0.99821629024842
850,0.0032220692693096,0.99677793073069
851,1,1.77185560453111e-22
852,0.00094189577410834,0.999058104225892
853,0.00237496566193048,0.99762503433807
854,0.999999999996683,3.31683527051807e-12
855,0.000119031902760485,0.999880968097239
856,0.000922687028248039,0.999077312971752
857,0.00193119725498457,0.998068802745015
858,0.00355205645987148,0.996447943540129
859,0.0075804154805884,0.992419584519412
860,0.999505493838778,0.000494506161222463
861,0.00289443427899623,0.997105565721004
862,0.000529180070858695,0.999470819929141
863,0.999491456986929,0.000508543013070762
864,0.00756566452091528,0.992434335479085
865,0.00474502364862238,0.995254976351377
866,1,6.04226754689551e-192
867,0.00436059158054279,0.995639408419457
868,0.995238242898884,0.0047617571011156
869,2.7240712972091e-12,0.999999999997276
870,0.00321173656671472,0.996788263433285
871,0.00270790825425399,0.997292091745746
872,0.999792819744081,0.000207180255919164
873,0.00101849877525428,0.998981501224746
874,0.00144067414171563,0.998559325858284
875,0.00285653265867204,0.997143467341328
876,0.00270076345967257,0.997299236540327
877,0.00826379710740993,0.99173620289259
878,0.000819187569109765,0.99918081243089
879,0.000172250178272448,0.999827749821728
880,0.00489896528649585,0.995101034713504
881,0.00356281367833597,0.996437186321664
882,0.000755400790460435,0.999244599209539
883,0.00342527517705415,0.996574724822946
884,0.00133353186134778,0.998666468138652
885,0.215641812412005,0.784358187587995
886,4.72068244694676e-05,0.999952793175531
887,7.06691142877746e-06,0.999992933088571
888,0.00176295854675758,0.998237041453242
889,0.999999999300865,6.99134723571832e-10
890,1,4.42014729550826e-16
891,0.999999999999981,1.93198858249616e-14
892,0.00196043440595964,0.99803956559404
893,0.999992409221865,7.59077813512692e-06
894,0.00432465560386353,0.995675344396136
895,0.00280959661974444,0.997190403380256
896,0.0032230456652484,0.996776954334752
897,0.999997572732215,2.42726778503541e-06
898,0.00146311855440486,0.998536881445595
899,0.458500020537701,0.541499979462299
900,0.0017565582091465,0.998243441790854
901,0.000117228860886793,0.999882771139113
902,0.00490136552389927,0.995098634476101
903,0.00283157087791857,0.997168429122081
904,0.00254636559935807,0.997453634400642
905,0.00284418122853318,0.997155818771467
906,0.000109572536813743,0.999890427463186
907,0.00252014819091121,0.997479851809089
908,1.05277639895007e-05,0.99998947223601
909,0.000883858149227104,0.999116141850773
910,0.00449219340922807,0.995507806590772
911,0.00253996817217364,0.997460031827826
912,0.00912865325283394,0.990871346747166
913,0.00625399670045292,0.993746003299547
914,0.00579367003946218,0.994206329960538
915,7.60223212722485e-18,1
916,0.0554433047874931,0.944556695212507
917,0.0265211588996067,0.973478841100393
918,0.841739107051707,0.158260892948293
919,0.0036485631005943,0.996351436899406
920,0.00470181792131894,0.995298182078681
921,0.00595228523916989,0.99404771476083
922,0.00214596276566167,0.997854037234338
923,1.07289891062337e-05,0.999989271010894
924,0.0104681993805341,0.989531800619466
925,0.0036922593802464,0.996307740619754
926,0.000860634531012292,0.999139365468988
927,0.998123473710863,0.00187652628913708
928,0.00276595078719877,0.997234049212801
929,0.022093164415884,0.977906835584116
930,0.00315779686193017,0.99684220313807
931,0.999999999999993,6.9496682028445e-15
932,0.00592499490362752,0.994075005096373
933,0.00446470948544544,0.995535290514555
934,0.0022019586069374,0.997798041393063
935,0.000669291062182264,0.999330708937818
936,0.00425614008318974,0.99574385991681
937,0.994147724674176,0.00585227532582382
938,0.000961566368045031,0.999038433631955
939,0.831078173527724,0.168921826472276
940,0.00108872391310055,0.998911276086899
941,0.00238571651244806,0.997614283487552
942,0.00190906211199238,0.998090937888008
943,0.00500129266146444,0.994998707338535
944,0.00241590966018004,0.99758409033982
945,0.0166076597849144,0.983392340215086
946,0.00226317847232467,0.997736821527675
947,0.00263716122247724,0.997362838777523
948,0.000175230748047872,0.999824769251952
949,0.00610783016022597,0.993892169839774
950,1.41668099057944e-05,0.999985833190094
951,0.00321240309041136,0.996787596909589
952,0.999999999994917,5.08256438289069e-12
953,0.00127221913108047,0.99872778086892
954,0.0821226360945873,0.917877363905413
955,0.00533490725865445,0.994665092741346
956,0.00144883663708472,0.998551163362915
957,1.63555016609459e-06,0.999998364449834
958,0.00252993659701535,0.997470063402985
959,0.00603568913988505,0.993964310860115
960,0.0102395483932317,0.989760451606768
961,0.999999350349954,6.49650046349135e-07
962,0.00559201103230354,0.994407988967697
963,0.00402167426165202,0.995978325738348
964,0.00342750589690092,0.996572494103099
965,0.00458769741766543,0.995412302582335
966,0.000287526423497176,0.999712473576503
967,0.00223121972533276,0.997768780274667
968,3.71250437523684e-06,0.999996287495625
969,0.56734995193835,0.43265004806165
970,0.132114885021513,0.867885114978487
971,0.999226758634685,0.000773241365314983
972,0.00222777818079531,0.997772221819205
973,0.000173365772373488,0.999826634227626
974,0.843165560375066,0.156834439624934
975,0.00242792713517774,0.997572072864822
976,0.994050644413101,0.00594935558689889
977,0.00276595078719877,0.997234049212801
978,0.00270955792262672,0.997290442077373
979,0.00177959732202095,0.998220402677979
980,0.00126203208668178,0.998737967913318
981,3.34905753471497e-10,0.999999999665094
982,0.00233254373290647,0.997667456267094
983,0.000408030674743627,0.999591969325256
984,0.018819733964467,0.981180266035533
985,0.00171812691274624,0.998281873087254
986,0.247980222432194,0.752019777567806
987,0.99999999457412,5.42587976454632e-09
988,0.0111850607541365,0.988814939245864
989,0.00249731656725427,0.997502683432746
990,1,1.12748675381851e-18
991,0.00776965534141809,0.992230344658582
992,0.00134299478634392,0.998657005213656
993,1.16315462825019e-17,1
994,0.0373719940410609,0.962628005958939
995,0.00106878296328643,0.998931217036714
996,0.00194190766089147,0.998058092339109
997,0.00441650654088615,0.995583493459114
998,0.974540935994933,0.0254590640050672
999,0.00261808616097503,0.997381913839025
1000,0.00286818563366311,0.997131814366337
1001,0.000812338364758494,0.999187661635241
1002,0.00372874166240076,0.996271258337599
