"ID","Choice0","Choice1"
1,0.0317065889433918,0.968293411056608
2,0.0743460393325495,0.925653960667451
3,0.617072824907181,0.382927175092819
4,1,5.68749891360079e-21
5,1.2035286771082e-27,1
6,0.877534727113616,0.122465272886383
7,0.0615785211390132,0.938421478860987
8,0.0184949572155103,0.98150504278449
9,3.41553097453838e-14,0.999999999999966
10,0.0462664312545817,0.953733568745418
11,0.0327294702001258,0.967270529799874
12,0.0615047338860107,0.938495266113989
13,0.166055498725771,0.833944501274229
14,0.0821304663161581,0.917869533683842
15,0.605877272464044,0.394122727535956
16,0.106643178023125,0.893356821976875
17,0.0027896996258111,0.997210300374189
18,0.80558204819648,0.19441795180352
19,0.31810822801598,0.68189177198402
20,0.0382250979425464,0.961774902057454
21,0.70494994814057,0.29505005185943
22,0.999999999999993,7.11246831055161e-15
23,0.999535907920586,0.000464092079413723
24,3.01876160843289e-06,0.999996981238392
25,0.0958177392189361,0.904182260781064
26,0.0693846042063937,0.930615395793606
27,1.02183658778431e-07,0.999999897816341
28,0.0889636197770694,0.911036380222931
29,0.000515194085996789,0.999484805914003
30,0.0547415805263505,0.94525841947365
31,0.0800865190270016,0.919913480972998
32,0.0757171149913402,0.92428288500866
33,0.0611669947068821,0.938833005293118
34,0.0634687277959377,0.936531272204062
35,0.184135455531405,0.815864544468595
36,0.0758713705661626,0.924128629433837
37,1.65018834776899e-05,0.999983498116522
38,0.137728920095387,0.862271079904613
39,0.101928127029622,0.898071872970378
40,0.0727472961398464,0.927252703860154
41,0.0279177968064339,0.972082203193566
42,0.940534687521849,0.0594653124781507
43,0.537872646060974,0.462127353939026
44,0.090656389378849,0.909343610621151
45,0.0117028352471608,0.988297164752839
46,0.999999999999954,4.6189764305654e-14
47,0.0580871787450848,0.941912821254915
48,0.042366454168425,0.957633545831575
49,0.999999999999999,1.2672528783044e-15
50,0.0854630474791519,0.914536952520848
51,0.00302925624631361,0.996970743753686
52,0.291394608826559,0.708605391173441
53,0.20019381497702,0.79980618502298
54,0.0163022988810452,0.983697701118955
55,0.0940466874602597,0.90595331253974
56,0.99978842376539,0.000211576234609654
57,0.00448135042416032,0.99551864957584
58,0.0259611890003029,0.974038810999697
59,0.0827054569536639,0.917294543046336
60,0.061785121388376,0.938214878611624
61,1.74594209656301e-08,0.999999982540579
62,0.00187274681521907,0.998127253184781
63,0.0495342855867046,0.950465714413295
64,0.0567168771937979,0.943283122806202
65,0.308159758330738,0.691840241669262
66,0.999784810837818,0.000215189162182491
67,3.37137864529193e-12,0.999999999996629
68,0.0623165180346536,0.937683481965346
69,0.00738673119817491,0.992613268801825
70,0.999913361174821,8.6638825178617e-05
71,0.0409717699380825,0.959028230061918
72,0.0441757957782468,0.955824204221753
73,0.00699317651378035,0.99300682348622
74,1.69372106837942e-07,0.999999830627893
75,0.00646291819674726,0.993537081803253
76,0.065020131551576,0.934979868448424
77,0.00290951539530004,0.9970904846047
78,0.999999998438207,1.56179322214481e-09
79,0.0633050477943323,0.936694952205668
80,0.0660928391315763,0.933907160868424
81,0.0730972497417932,0.926902750258207
82,0.0696889375518558,0.930311062448144
83,0.0491397998587461,0.950860200141254
84,0.0491331935335598,0.95086680646644
85,0.129398202142033,0.870601797857967
86,0.999993827236598,6.17276340188672e-06
87,0.0829554911951095,0.917044508804891
88,0.00684263330003476,0.993157366699965
89,0.0618334832189512,0.938166516781049
90,0.950374659974111,0.0496253400258889
91,0.241752422576677,0.758247577423323
92,0.228692635952754,0.771307364047246
93,0.0158487773713407,0.984151222628659
94,0.0689527665397914,0.931047233460209
95,0.261637570589331,0.738362429410669
96,2.68750709212981e-08,0.999999973124929
97,0.581418431639901,0.418581568360099
98,0.0633513638346055,0.936648636165394
99,0.117329306635627,0.882670693364373
100,0.999999999979743,2.02570466974077e-11
101,0.0470930275509309,0.952906972449069
102,0.0561775618234491,0.943822438176551
103,0.0400305661685553,0.959969433831445
104,0.0114548277616801,0.98854517223832
105,0.603084376986437,0.396915623013563
106,0.0715714300088237,0.928428569991176
107,0.0625442295968515,0.937455770403149
108,2.58991513208771e-06,0.999997410084868
109,0.0401056750932874,0.959894324906713
110,0.032760402233712,0.967239597766288
111,0.0335901552150667,0.966409844784933
112,0.0938010748949913,0.906198925105009
113,0.0302128175485427,0.969787182451457
114,0.998413522806963,0.001586477193037
115,0.00288641564163144,0.997113584358369
116,0.186342121321492,0.813657878678508
117,0.078463915845524,0.921536084154476
118,1.9235097460586e-05,0.99998076490254
119,0.999990802407805,9.19759219454819e-06
120,0.075924427818555,0.924075572181445
121,0.0432173999028889,0.956782600097111
122,0.686889522871974,0.313110477128026
123,0.0732625531170705,0.926737446882929
124,0.000218877971559811,0.99978112202844
125,0.999999999999803,1.97208543645384e-13
126,1,1.1901516094373e-19
127,0.233770530269845,0.766229469730155
128,0.0472650297447803,0.95273497025522
129,0.9999999971748,2.82520034121297e-09
130,0.0713320413090667,0.928667958690933
131,0.000154018384352004,0.999845981615648
132,0.0863225032020455,0.913677496797955
133,8.0838859830902e-08,0.99999991916114
134,0.999999998217917,1.78208264898045e-09
135,0.0181857809843889,0.981814219015611
136,0.105212163816817,0.894787836183183
137,0.0301458432982899,0.96985415670171
138,0.0660269130786152,0.933973086921385
139,0.00033915576671166,0.999660844233288
140,5.70239293297385e-13,0.99999999999943
141,0.0359474204374029,0.964052579562597
142,0.00224335535944324,0.997756644640557
143,0.0406842704489785,0.959315729551022
144,0.0564565857697333,0.943543414230267
145,1.08935750920849e-31,1
146,0.156044612250286,0.843955387749714
147,0.0280065511400156,0.971993448859985
148,0.138439700282158,0.861560299717842
149,3.48476451385662e-09,0.999999996515236
150,0.00801118216532899,0.991988817834671
151,0.999604179172455,0.000395820827544825
152,0.0693991064442541,0.930600893555746
153,0.975271643475394,0.0247283565246057
154,0.182526770424685,0.817473229575315
155,0.297816317784115,0.702183682215884
156,0.999601840694829,0.000398159305170504
157,0.0295870263383911,0.970412973661609
158,0.0392688916832881,0.960731108316712
159,2.30728641014732e-27,1
160,0.153645184877311,0.846354815122689
161,9.36310226733678e-14,0.999999999999906
162,0.999760608085828,0.000239391914172229
163,0.95160683645339,0.0483931635466104
164,0.160005933889855,0.839994066110145
165,0.078844370151043,0.921155629848957
166,0.0617095425734995,0.938290457426501
167,7.59103733055998e-13,0.999999999999241
168,0.982804846853128,0.0171951531468718
169,0.0449213482312006,0.955078651768799
170,0.0477177634002061,0.952282236599794
171,0.0504533077368344,0.949546692263166
172,0.00251377784080242,0.997486222159198
173,0.999999713141265,2.86858735105798e-07
174,0.0513100316056759,0.948689968394324
175,0.0135297688948989,0.986470231105101
176,0.00943615865677993,0.99056384134322
177,0.0283086791909033,0.971691320809097
178,0.0637915298202548,0.936208470179745
179,0.0626437326839332,0.937356267316067
180,0.0617030745189281,0.938296925481072
181,0.999999322508899,6.77491100644995e-07
182,0.0693318498850209,0.930668150114979
183,0.0395952579835613,0.960404742016439
184,4.60952678859481e-14,0.999999999999954
185,0.00383540165008549,0.996164598349914
186,1,1.53092904586465e-18
187,0.0306689289389183,0.969331071061082
188,0.826752663321671,0.173247336678329
189,0.060149873084953,0.939850126915047
190,0.767513406620536,0.232486593379464
191,0.0422425245805473,0.957757475419453
192,0.0405259823652812,0.959474017634719
193,1.69832313483585e-05,0.999983016768652
194,8.55216339926386e-15,0.999999999999991
195,0.0439599443530049,0.956040055646995
196,0.0709671308761666,0.929032869123833
197,0.0347586421408194,0.965241357859181
198,0.00032548397422044,0.99967451602578
199,0.999999794632297,2.05367703351297e-07
200,0.0383728640070379,0.961627135992962
201,0.975510371121027,0.0244896288789731
202,0.270173200432239,0.729826799567761
203,0.0674800117403499,0.93251998825965
204,0.0182128401237376,0.981787159876262
205,1,2.23017013521509e-33
206,0.17577396003711,0.82422603996289
207,0.0288818040715953,0.971118195928405
208,0.999923625002968,7.63749970318671e-05
209,1,1.5027615047867e-21
210,0.00127361242397812,0.998726387576022
211,5.60962756698415e-12,0.99999999999439
212,0.147924218906486,0.852075781093514
213,0.0633695847635681,0.936630415236432
214,0.111237495167935,0.888762504832065
215,8.43636040181929e-28,1
216,0.679601919520542,0.320398080479458
217,0.567383332388783,0.432616667611217
218,2.02899071765681e-25,1
219,3.24800674686532e-14,0.999999999999968
220,0.0539668147271868,0.946033185272813
221,0.0517462853486027,0.948253714651397
222,0.479293083012485,0.520706916987515
223,0.0336959028475499,0.96630409715245
224,0.023106677070198,0.976893322929802
225,0.352162778152169,0.647837221847831
226,0.0765112867794017,0.923488713220598
227,0.0791672896083429,0.920832710391657
228,0.057893209091606,0.942106790908394
229,0.0512700715734842,0.948729928426516
230,0.130232360683026,0.869767639316974
231,0.00109193489393783,0.998908065106062
232,0.0647745147345146,0.935225485265485
233,0.934755230327945,0.0652447696720544
234,0.99833716112056,0.00166283887943981
235,0.000636018949685346,0.999363981050315
236,0.0528884667828892,0.947111533217111
237,0.999999977383903,2.261609722733e-08
238,0.0295944543014727,0.970405545698527
239,0.00820930229253165,0.991790697707468
240,0.0104074451587195,0.989592554841281
241,0.169188113702483,0.830811886297517
242,0.999999999858678,1.41322265385092e-10
243,0.887979930459554,0.112020069540446
244,0.121492334321012,0.878507665678988
245,0.0623329082690158,0.937667091730984
246,0.0525232391729814,0.947476760827019
247,1.51081103739201e-05,0.999984891889626
248,1,5.56761064902811e-83
249,0.11082856079142,0.88917143920858
250,0.0791107826564582,0.920889217343542
251,0.068614194975843,0.931385805024157
252,0.0416604191703638,0.958339580829636
253,0.999999999997212,2.78798304833691e-12
254,8.85765956414672e-11,0.999999999911423
255,0.0231913135712931,0.976808686428707
256,0.0445495042950256,0.955450495704974
257,0.161096440921702,0.838903559078298
258,0.0940087727587982,0.905991227241202
259,0.00955773804789196,0.990442261952108
260,0.165364718199682,0.834635281800318
261,0.922617486484365,0.0773825135156351
262,0.802453253936317,0.197546746063683
263,0.00103082974401857,0.998969170255981
264,0.753544860411448,0.246455139588552
265,0.0639483441371841,0.936051655862816
266,0.0404422135722434,0.959557786427757
267,0.0524442472663283,0.947555752733672
268,0.00408083184132447,0.995919168158675
269,0.0291175847386384,0.970882415261362
270,0.0645018526742198,0.93549814732578
271,0.998157002893352,0.00184299710664772
272,0.210413325057772,0.789586674942228
273,0.119941608308718,0.880058391691282
274,0.0335668038796615,0.966433196120339
275,4.81632782216654e-08,0.999999951836722
276,0.0702022318760685,0.929797768123931
277,0.0125751378825538,0.987424862117446
278,2.22832290721414e-10,0.999999999777168
279,0.0830974889362033,0.916902511063797
280,0.064699881063229,0.935300118936771
281,0.0144184184075648,0.985581581592435
282,0.0138753870381257,0.986124612961874
283,2.25706085173141e-10,0.999999999774294
284,0.0498789581795971,0.950121041820403
285,0.0654639461606717,0.934536053839328
286,0.561368319439096,0.438631680560904
287,1.73385032879153e-14,0.999999999999983
288,0.0821327175862619,0.917867282413738
289,0.0396328912990062,0.960367108700994
290,0.0379535884079664,0.962046411592033
291,0.0414673193432592,0.958532680656741
292,8.56650027004949e-30,1
293,0.55494022120983,0.44505977879017
294,0.737075203422042,0.262924796577958
295,3.52260989731083e-15,0.999999999999996
296,0.0237929693032175,0.976207030696782
297,0.0013028623523754,0.998697137647624
298,2.49246085541229e-47,1
299,0.0461634647525529,0.953836535247447
300,0.069136025264246,0.930863974735754
301,0.00356117856967873,0.996438821430321
302,5.89366888772981e-21,1
303,0.998622568361147,0.00137743163885325
304,0.799039261311508,0.200960738688492
305,0.00146470226948207,0.998535297730518
306,0.999782826139596,0.000217173860404009
307,0.0132995731231179,0.986700426876882
308,0.460333440424393,0.539666559575607
309,0.00307837839649121,0.996921621603509
310,1,1.14249423339037e-67
311,3.13778762879677e-21,1
312,0.0508228028769489,0.949177197123051
313,2.45153311447283e-16,1
314,0.000223618428885033,0.999776381571115
315,0.00334489354449411,0.996655106455506
316,0.0868040263085676,0.913195973691432
317,0.0230193246027205,0.97698067539728
318,0.0878987269918436,0.912101273008156
319,0.021828819586575,0.978171180413425
320,0.00444291466355649,0.995557085336443
321,0.0116451306677999,0.9883548693322
322,0.0594046216258638,0.940595378374136
323,0.154631425317952,0.845368574682048
324,0.46769638527068,0.53230361472932
325,0.00785903131669366,0.992140968683306
326,0.264636958362024,0.735363041637976
327,0.999999998074142,1.92585825931301e-09
328,1,1.31266623723995e-21
329,0.0958463583093749,0.904153641690625
330,0.0301038068408019,0.969896193159198
331,0.0464490105203761,0.953550989479624
332,5.65389954936462e-05,0.999943461004506
333,0.99999999808184,1.91816010158967e-09
334,0.0856530699227596,0.91434693007724
335,9.84428276088546e-07,0.999999015571724
336,0.0658300141516618,0.934169985848338
337,0.102673464775376,0.897326535224624
338,0.020151693522229,0.979848306477771
339,0.457110521649843,0.542889478350157
340,0.0686768559402107,0.931323144059789
341,0.0694805735193039,0.930519426480696
342,0.583780241744046,0.416219758255954
343,6.56792306460807e-15,0.999999999999993
344,0.999999999999979,2.12526218568102e-14
345,0.18838504605171,0.81161495394829
346,0.0752854472154544,0.924714552784546
347,0.0362349021491194,0.963765097850881
348,0.12776435722375,0.87223564277625
349,0.0508163481751377,0.949183651824862
350,2.5899656922824e-15,0.999999999999997
351,0.0823300827313138,0.917669917268686
352,0.0557154704526149,0.944284529547385
353,1.66129480690308e-12,0.999999999998339
354,0.676664091876452,0.323335908123548
355,0.90781668258036,0.0921833174196405
356,0.0824637448447371,0.917536255155263
357,0.0439682641507112,0.956031735849289
358,0.023332969581975,0.976667030418025
359,2.64364785546858e-08,0.999999973563521
360,0.0690562658355421,0.930943734164458
361,0.358991952149341,0.641008047850659
362,2.86552981759127e-08,0.999999971344702
363,0.0307604981315727,0.969239501868427
364,0.0214711182754629,0.978528881724537
365,6.94436042143599e-31,1
366,0.147595939391138,0.852404060608862
367,1.97502284323203e-05,0.999980249771568
368,0.999999999975416,2.45836394677041e-11
369,0.0300699381973341,0.969930061802666
370,0.0642252415533199,0.93577475844668
371,1.17081195333856e-06,0.999998829188047
372,0.144215687243265,0.855784312756735
373,0.195450661730904,0.804549338269096
374,0.0586288505186858,0.941371149481314
375,0.0638655815437814,0.936134418456219
376,0.0184550096777763,0.981544990322224
377,0.926473415883764,0.0735265841162362
378,0.305808818024803,0.694191181975197
379,0.0346631843701352,0.965336815629865
380,0.0386981554955135,0.961301844504487
381,0.21266683962106,0.78733316037894
382,0.0264646633036165,0.973535336696384
383,0.467276835574507,0.532723164425493
384,0.000986392174560066,0.99901360782544
385,0.999999905250294,9.47497054326909e-08
386,0.99999997235861,2.7641389791588e-08
387,0.093855664964204,0.906144335035796
388,9.94565524892561e-26,1
389,1,1.05974647095253e-57
390,1.01677912034061e-11,0.999999999989832
391,0.0697977448803288,0.930202255119671
392,7.91499341311702e-10,0.999999999208501
393,0.0382239502696071,0.961776049730393
394,0.0605866091020053,0.939413390897995
395,0.0417080295101267,0.958291970489873
396,2.08313993890855e-10,0.999999999791686
397,0.234800451759383,0.765199548240617
398,0.996901423040177,0.00309857695982245
399,0.068044079339145,0.931955920660855
400,0.186490426707049,0.81350957329295
401,0.0310672422131068,0.968932757786893
402,0.0461289501264737,0.953871049873526
403,0.0689377774972017,0.931062222502798
404,0.0573020465800988,0.942697953419901
405,0.778808202029722,0.221191797970278
406,0.055582649368692,0.944417350631308
407,0.910083818129575,0.0899161818704252
408,0.132103448176234,0.867896551823766
409,0.0182158097628707,0.981784190237129
410,0.0677488449345782,0.932251155065422
411,0.0309983286254167,0.969001671374583
412,0.028175566684187,0.971824433315813
413,0.027554960366097,0.972445039633903
414,1,7.74818354391841e-48
415,0.00132787469021463,0.998672125309785
416,0.0200640823188458,0.979935917681154
417,4.93951304827023e-12,0.99999999999506
418,0.0349222055159406,0.965077794484059
419,0.0371109934120334,0.962889006587967
420,0.0376807498977867,0.962319250102213
421,0.0715594350896448,0.928440564910355
422,0.904049648718731,0.0959503512812694
423,0.00772097346665225,0.992279026533348
424,0.02428625176743,0.97571374823257
425,0.677249857669988,0.322750142330012
426,2.44021307505041e-08,0.999999975597869
427,0.0534312582577944,0.946568741742206
428,0.037253663209644,0.962746336790356
429,0.0510059032896607,0.948994096710339
430,5.04104936526814e-12,0.999999999994959
431,1,2.11625335905833e-32
432,0.0370108716381252,0.962989128361875
433,0.0800614960363024,0.919938503963697
434,0.899908333652988,0.100091666347012
435,0.0356973006651736,0.964302699334826
436,2.57917214171055e-06,0.999997420827858
437,0.0857543328259735,0.914245667174027
438,0.0233514790585605,0.97664852094144
439,0.0517640200699991,0.948235979930001
440,0.308454160012464,0.691545839987536
441,0.0846701945732325,0.915329805426768
442,0.0200398972144533,0.979960102785547
443,0.0727847424280732,0.927215257571927
444,0.0167739423424952,0.983226057657505
445,0.297637135438483,0.702362864561517
446,0.0649420081180547,0.935057991881945
447,0.153251657238576,0.846748342761424
448,0.0137689095071694,0.986231090492831
449,0.999898257042371,0.000101742957629187
450,0.0558860573163144,0.944113942683686
451,2.81082275354018e-08,0.999999971891772
452,0.130879786759529,0.869120213240471
453,0.00424176896466926,0.995758231035331
454,0.00169013700352766,0.998309862996472
455,0.101100570438807,0.898899429561193
456,0.999918724159477,8.12758405228103e-05
457,0.0693868331111661,0.930613166888834
458,0.00601552481690091,0.993984475183099
459,1.47826288612879e-07,0.999999852173711
460,8.05801672453858e-15,0.999999999999992
461,0.999999603979174,3.96020826033877e-07
462,0.0120141604324418,0.987985839567558
463,0.0159338906531953,0.984066109346805
464,0.0281518434984621,0.971848156501538
465,0.404329580966793,0.595670419033207
466,0.0701975331932584,0.929802466806742
467,0.998118963591194,0.00188103640880605
468,4.55855185108869e-05,0.999954414481489
469,0.00010971752910677,0.999890282470893
470,3.82370312136481e-08,0.999999961762969
471,0.0823132406237616,0.917686759376238
472,0.301486422377873,0.698513577622127
473,4.18897748741634e-12,0.999999999995811
474,0.0689439714473421,0.931056028552658
475,0.0641554619848497,0.93584453801515
476,0.0534312582577944,0.946568741742206
477,0.0613835783831716,0.938616421616828
478,0.94345004387352,0.0565499561264799
479,0.131559032816478,0.868440967183522
480,0.999591055707685,0.000408944292315266
481,0.0664289321949709,0.933571067805029
482,0.0883355616448066,0.911664438355193
483,0.00888548712504696,0.991114512874953
484,0.0868040263085676,0.913195973691432
485,1.09963705648857e-05,0.999989003629435
486,8.63633702865248e-47,1
487,0.021519913458106,0.978480086541894
488,0.078726523848697,0.921273476151303
489,2.5191730759676e-29,1
490,0.0410698000673835,0.958930199932617
491,0.125720219308791,0.874279780691209
492,1,1.25789159051419e-23
493,0.00368826471141227,0.996311735288588
494,0.151002672275707,0.848997327724293
495,0.0893425151510467,0.910657484848953
496,0.0375298005072624,0.962470199492738
497,0.993678758017619,0.00632124198238091
498,0.0663096619759285,0.933690338024072
499,0.0579957471803796,0.94200425281962
500,0.95586512836631,0.0441348716336898
501,0.149131810542093,0.850868189457907
502,0.114108689323784,0.885891310676216
503,0.0367039022976014,0.963296097702399
504,0.00252091154860337,0.997479088451397
505,1.14410391785712e-13,0.999999999999886
506,1,5.10187925643425e-83
507,2.4558753118255e-07,0.999999754412469
508,0.0782799632687004,0.9217200367313
509,0.134432459207176,0.865567540792824
510,1,1.35458176855037e-21
511,0.0945616087661729,0.905438391233827
512,0.0925814149221651,0.907418585077835
513,0.0642857872064412,0.935714212793559
514,0.0239402150252174,0.976059784974783
515,0.0447588701280006,0.955241129871999
516,0.00393775328102171,0.996062246718978
517,0.0686515209200918,0.931348479079908
518,0.494210112003434,0.505789887996567
519,1.36666467123244e-05,0.999986333353288
520,0.0123066704445413,0.987693329555459
521,0.124666450166007,0.875333549833993
522,0.00241736380265713,0.997582636197343
523,1.94060516986191e-25,1
524,4.61296846142499e-08,0.999999953870315
525,0.840565271050204,0.159434728949796
526,0.0357293314120592,0.964270668587941
527,0.0585332998607324,0.941466700139268
528,0.864442471990242,0.135557528009758
529,0.0445495042950256,0.955450495704974
530,0.954288369365661,0.0457116306343394
531,0.059371617922664,0.940628382077336
532,0.049716520183834,0.950283479816166
533,0.0536931504346845,0.946306849565316
534,0.0587543917164487,0.941245608283551
535,0.062698130680411,0.937301869319589
536,0.0162642948556781,0.983735705144322
537,0.0520331690560225,0.947966830943977
538,0.910083818129575,0.0899161818704252
539,0.0324055446507219,0.967594455349278
540,0.0291884354556424,0.970811564544358
541,0.0399685479267369,0.960031452073263
542,0.136496383007566,0.863503616992434
543,0.00879247837880819,0.991207521621192
544,0.00309059600283221,0.996909403997168
545,0.0448411993517673,0.955158800648233
546,0.359081303480437,0.640918696519563
547,4.39794575150054e-20,1
548,0.0692944886587849,0.930705511341215
549,0.0925380821095598,0.90746191789044
550,3.20818833021435e-21,1
551,0.0344833029724939,0.965516697027506
552,0.144451598374702,0.855548401625298
553,0.0151625516126723,0.984837448387328
554,0.0261749124783441,0.973825087521656
555,0.205589322050734,0.794410677949266
556,0.0301373312040953,0.969862668795905
557,3.59577257372799e-06,0.999996404227426
558,0.204059878180288,0.795940121819712
559,0.202701219304393,0.797298780695607
560,0.0448474448596984,0.955152555140302
561,0.0675582700648927,0.932441729935107
562,0.999999375029642,6.24970357940813e-07
563,0.216927188063026,0.783072811936974
564,0.0531649056646462,0.946835094335354
565,0.0736747238194586,0.926325276180541
566,0.016009248473201,0.983990751526799
567,2.53434761350091e-06,0.999997465652387
568,1,3.2669972135881e-19
569,0.0643440842545287,0.935655915745471
570,0.294546219742778,0.705453780257222
571,6.18728523734151e-10,0.999999999381271
572,0.105558995955436,0.894441004044564
573,0.0107882727839137,0.989211727216086
574,0.865668741961259,0.134331258038741
575,0.985366381601098,0.0146336183989015
576,0.835718909901523,0.164281090098477
577,0.0596544509020314,0.940345549097969
578,0.923326194880426,0.0766738051195737
579,4.46144949726428e-11,0.999999999955385
580,0.0650125601653986,0.934987439834602
581,0.033462254205671,0.966537745794329
582,0.0503811241432355,0.949618875856764
583,0.0589919102067532,0.941008089793247
584,0.0821999816864921,0.917800018313508
585,0.0801410315964941,0.919858968403506
586,0.038553025003993,0.961446974996007
587,0.00141395785000923,0.998586042149991
588,0.0486829513957899,0.95131704860421
589,0.985498387387637,0.0145016126123634
590,0.0691900491896447,0.930809950810355
591,1.00046987544637e-10,0.999999999899953
592,0.00311797814366339,0.996882021856337
593,0.0183741332875622,0.981625866712438
594,0.209755580843881,0.790244419156119
595,0.0468590147616831,0.953140985238317
596,0.00779702948559065,0.992202970514409
597,0.998895398018313,0.00110460198168699
598,0.00121005823794061,0.998789941762059
599,0.0632816538409068,0.936718346159093
600,0.0352694913978253,0.964730508602175
601,1.65211939972396e-12,0.999999999998348
602,0.0802238084898486,0.919776191510151
603,0.057469013731864,0.942530986268136
604,0.096009993303598,0.903990006696402
605,0.386512331599118,0.613487668400882
606,0.00193322479400126,0.998066775205999
607,0.0541700644016524,0.945829935598348
608,0.0664134439901401,0.93358655600986
609,0.999772215722186,0.000227784277813758
610,0.098965874047058,0.901034125952942
611,0.150668937499186,0.849331062500814
612,0.0704020359622311,0.929597964037769
613,0.0438849418590792,0.956115058140921
614,0.09936892502023,0.90063107497977
615,7.75339408242204e-05,0.999922466059176
616,0.72702029747054,0.27297970252946
617,0.0250635482337736,0.974936451766226
618,0.0526155933607531,0.947384406639247
619,0.99806655791039,0.00193344208960961
620,0.00230332165321926,0.997696678346781
621,0.0525001453707085,0.947499854629292
622,0.0853778161899816,0.914622183810018
623,0.00137183947026445,0.998628160529735
624,0.0546491427064153,0.945350857293585
625,0.587117103722344,0.412882896277656
626,5.40966871906746e-25,1
627,6.26346405708807e-13,0.999999999999374
628,0.0258272994348694,0.974172700565131
629,0.0854327669632014,0.914567233036799
630,5.28100613254554e-15,0.999999999999995
631,0.0592989316690975,0.940701068330903
632,0.989550676008158,0.0104493239918417
633,0.0460523409152489,0.953947659084751
634,0.952189010279926,0.0478109897200744
635,4.20395856435464e-11,0.999999999957961
636,0.117300173057581,0.882699826942419
637,0.0687615375281157,0.931238462471884
638,0.149875513934023,0.850124486065977
639,0.0430589393958896,0.95694106060411
640,0.770033342631272,0.229966657368728
641,1,5.44298405416372e-18
642,0.0975630907834225,0.902436909216577
643,0.384573855828724,0.615426144171276
644,0.117065954630262,0.882934045369738
645,0.071445765077266,0.928554234922734
646,1,1.1679637792233e-31
647,0.0346059363044772,0.965394063695523
648,0.106091908357426,0.893908091642574
649,0.0278249193352799,0.97217508066472
650,0.999999548102603,4.51897396766508e-07
651,0.379034199167579,0.620965800832421
652,0.607136268159328,0.392863731840673
653,0.0535348989598999,0.9464651010401
654,1.60755113835999e-07,0.999999839244886
655,0.0202801236383425,0.979719876361657
656,0.0145599568210852,0.985440043178915
657,3.71556007419595e-08,0.999999962844399
658,0.0704493484589583,0.929550651541042
659,0.0756012662196389,0.924398733780361
660,1,1.02848220184359e-79
661,0.0276768851341298,0.97232311486587
662,0.999999972407105,2.75928954975634e-08
663,2.50062927305885e-06,0.999997499370727
664,4.37115506429962e-06,0.999995628844936
665,0.0185916228169929,0.981408377183007
666,0.0520334601888193,0.947966539811181
667,0.0701406757582287,0.929859324241771
668,1,8.22351110017315e-20
669,0.000181871611644025,0.999818128388356
670,0.0851599368683892,0.914840063131611
671,0.0743829916025171,0.925617008397483
672,0.0710267134808793,0.928973286519121
673,0.657215836714492,0.342784163285508
674,1.23261068295472e-13,0.999999999999877
675,0.994787828277886,0.00521217172211439
676,0.169016265998647,0.830983734001353
677,0.946763029940514,0.0532369700594864
678,0.134216128440381,0.865783871559619
679,0.0635143975883207,0.936485602411679
680,0.0433169525827959,0.956683047417204
681,0.0648720811224861,0.935127918877514
682,0.00190222574949877,0.998097774250501
683,0.0549070392293384,0.945092960770662
684,0.119177316447745,0.880822683552255
685,1,3.505168090462e-21
686,0.127406899414621,0.872593100585379
687,1.35889623200633e-29,1
688,0.104464645300811,0.895535354699189
689,3.14925083625046e-05,0.999968507491638
690,0.0785863383291713,0.921413661670829
691,2.87469677487357e-06,0.999997125303225
692,0.0807330096707711,0.919266990329229
693,0.0890843684723849,0.910915631527615
694,4.39519091760304e-05,0.999956048090824
695,0.999999999999988,1.21260964975908e-14
696,0.100571698892124,0.899428301107876
697,0.0586701354788941,0.941329864521106
698,0.0631696960731613,0.936830303926839
699,0.756009711158567,0.243990288841433
700,2.79857167735223e-34,1
701,0.0850087100455318,0.914991289954468
702,0.00023422976405921,0.999765770235941
703,0.0136612684126979,0.986338731587302
704,0.058071568185612,0.941928431814388
705,0.168287338549026,0.831712661450974
706,3.24686543368624e-36,1
707,0.0237032123407862,0.976296787659214
708,0.162859710771628,0.837140289228372
709,7.38311311479218e-05,0.999926168868852
710,1.3950394068577e-06,0.999998604960593
711,0.840358910650015,0.159641089349985
712,0.999999999868306,1.31693540186997e-10
713,0.0200255275594081,0.979974472440592
714,0.0632634746872559,0.936736525312744
715,0.0172196599891518,0.982780340010848
716,1,1.76741290663186e-82
717,0.00295788957865758,0.997042110421342
718,0.00291485859739406,0.997085141402606
719,0.999999999999993,7.1070064327523e-15
720,1,1.56570531521368e-21
721,0.0719701447255748,0.928029855274425
722,0.0788945266059849,0.921105473394015
723,0.00884109809099795,0.991158901909002
724,0.107205612380195,0.892794387619805
725,0.135589945132304,0.864410054867696
726,0.00226609148472277,0.997733908515277
727,0.0480648015227767,0.951935198477223
728,0.0531343688270424,0.946865631172958
729,0.0684619708458687,0.931538029154131
730,0.0685182998263391,0.931481700173661
731,0.024218891354704,0.975781108645296
732,0.506737524735089,0.493262475264911
733,0.0539776121800586,0.946022387819942
734,0.000265694231758329,0.999734305768242
735,0.000237318847149832,0.99976268115285
736,0.999982744239534,1.72557604654118e-05
737,0.0724397900422247,0.927560209957775
738,1.00894183548729e-13,0.999999999999899
739,0.0960178908727287,0.903982109127271
740,0.318897438084748,0.681102561915252
741,0.276316648771456,0.723683351228544
742,0.0252767164154757,0.974723283584524
743,5.59152958400361e-12,0.999999999994408
744,0.0049783542160573,0.995021645783943
745,0.0342786259352698,0.96572137406473
746,0.0637761071847121,0.936223892815288
747,0.0759704176071753,0.924029582392825
748,0.893181605666242,0.106818394333758
749,8.40074942516476e-28,1
750,0.0109846923339901,0.98901530766601
751,0.0510769514813697,0.94892304851863
752,0.062347978395324,0.937652021604676
753,0.0841121715896783,0.915887828410322
754,0.00117805961495388,0.998821940385046
755,0.999999984032015,1.59679853902583e-08
756,0.147496936780503,0.852503063219497
757,0.0889636197770694,0.911036380222931
758,0.0236379637293385,0.976362036270662
759,0.0532145848849311,0.946785415115069
760,0.801672381668926,0.198327618331074
761,0.0233901951099441,0.976609804890056
762,1.3847970148866e-05,0.999986152029851
763,1.64968657484075e-06,0.999998350313425
764,0.519248104693256,0.480751895306744
765,0.000370850694876463,0.999629149305124
766,0.0647573562275021,0.935242643772498
767,0.098357836293225,0.901642163706775
768,0.0779225699409862,0.922077430059014
769,0.9999999998804,1.19600268054625e-10
770,0.124289036350781,0.875710963649219
771,0.0600829165663247,0.939917083433675
772,1.85062386625207e-05,0.999981493761337
773,0.0182303108547041,0.981769689145296
774,0.0134622938438489,0.986537706156151
775,0.176053467710189,0.823946532289811
776,0.990159653969931,0.0098403460300689
777,0.0573020465800988,0.942697953419901
778,0.277549666841602,0.722450333158398
779,0.999999945930863,5.40691363771113e-08
780,0.0475993354368183,0.952400664563182
781,0.063554949031434,0.936445050968566
782,0.000558924111916931,0.999441075888083
783,0.132720870050574,0.867279129949426
784,0.999999945071151,5.49288493319107e-08
785,0.0785362441780541,0.921463755821946
786,0.0639399775783256,0.936060022421674
787,0.765624396685795,0.234375603314205
788,1,4.86240887761491e-21
789,0.0453258620062024,0.954674137993798
790,0.100578887174598,0.899421112825402
791,0.121749792354018,0.878250207645982
792,0.0890815940103446,0.910918405989655
793,1,1.02581980124704e-18
794,0.00517476988763865,0.994825230112361
795,0.00105546959522368,0.998944530404776
796,0.999989351129293,1.0648870707021e-05
797,0.0782814236511694,0.921718576348831
798,0.277663349325495,0.722336650674505
799,1,1.35161868492328e-67
800,0.0775737468045454,0.922426253195455
801,0.059244640568402,0.940755359431598
802,0.481140076120622,0.518859923879378
803,0.999999999999998,1.94792252526027e-15
804,3.72265006998579e-12,0.999999999996277
805,1.44967399337386e-06,0.999998550326007
806,0.326289534183252,0.673710465816748
807,2.53501675836899e-06,0.999997464983242
808,0.330485588819878,0.669514411180122
809,0.00935869334421805,0.990641306655782
810,0.655185215544007,0.344814784455993
811,4.7116781829767e-48,1
812,0.999999999999999,1.20445544694687e-15
813,0.0866414192693347,0.913358580730665
814,1,1.35135151372368e-27
815,0.956021626437023,0.0439783735629773
816,0.908238035393634,0.0917619646063661
817,0.0351168344633386,0.964883165536661
818,0.0889996799490956,0.911000320050904
819,0.0393319723376816,0.960668027662318
820,0.231696819013761,0.768303180986239
821,0.426972627026267,0.573027372973733
822,0.23924965865282,0.76075034134718
823,0.0721857966167902,0.92781420338321
824,0.0296716062471576,0.970328393752843
825,0.00327679404630193,0.996723205953698
826,0.676556870600354,0.323443129399646
827,0.021296552123352,0.978703447876648
828,5.68322843819081e-11,0.999999999943168
829,5.93704489767568e-07,0.99999940629551
830,0.0414102587150104,0.95858974128499
831,0.0936084906155499,0.90639150938445
832,0.100810955163677,0.899189044836323
833,0.996093385462414,0.0039066145375856
834,5.91010670707948e-15,0.999999999999994
835,0.0443768220335532,0.955623177966447
836,0.999064061277671,0.000935938722329236
837,0.0631165659720918,0.936883434027908
838,0.035934253857989,0.964065746142011
839,0.171412204588186,0.828587795411814
840,0.0095441614461435,0.990455838553857
841,0.0557825754249359,0.944217424575064
842,0.0584329350776071,0.941567064922393
843,0.00315160279999087,0.996848397200009
844,0.999999997158282,2.84171767868214e-09
845,3.28271640598827e-25,1
846,0.034623288714541,0.965376711285459
847,0.0521973417449713,0.947802658255029
848,0.0845671989208142,0.915432801079186
849,0.0330501739336882,0.966949826066312
850,0.0636534440147467,0.936346555985253
851,1,8.16913564435027e-21
852,0.0453962209778347,0.954603779022165
853,0.0626574998963683,0.937342500103632
854,0.999999999977846,2.21539494721035e-11
855,6.55079919724937e-06,0.999993449200803
856,0.00334828312740714,0.996651716872593
857,0.0454263212029707,0.954573678797029
858,0.0848510769834523,0.915148923016548
859,0.191632829604727,0.808367170395273
860,0.999741148537712,0.000258851462288114
861,0.05710908889801,0.94289091110199
862,0.011713972839137,0.988286027160863
863,0.999736754679442,0.000263245320557463
864,0.113120661789083,0.886879338210917
865,0.138871954420297,0.861128045579703
866,1,6.09746931917491e-84
867,0.0667587885131001,0.9332412114869
868,0.99860160371458,0.00139839628541963
869,1.57518317910622e-12,0.999999999998425
870,0.13238593391444,0.86761406608556
871,0.0635744755320768,0.936425524467923
872,0.999902825478374,9.71745216258383e-05
873,0.0264244134868825,0.973575586513118
874,0.0261043303148756,0.973895669685124
875,0.0685020599197071,0.931497940080293
876,0.0632737639684037,0.936726236031596
877,0.245344851425594,0.754655148574406
878,0.0028813148069728,0.997118685193027
879,0.0071626895670671,0.992837310432933
880,0.122232426092194,0.877767573907806
881,0.10854021283354,0.891459787166461
882,0.0157737225670605,0.98422627743294
883,0.140767062487392,0.859232937512608
884,0.00424475229423826,0.995755247705762
885,0.999999999997156,2.84400588453975e-12
886,8.69816982749935e-10,0.999999999130183
887,1.5159166740412e-10,0.999999999848408
888,0.0358973122317624,0.964102687768238
889,0.99999999999999,9.69070695906273e-15
890,8.88661531159593e-11,0.999999999911134
891,0.999999999521295,4.78704779060096e-10
892,0.0271985324725292,0.972801467527471
893,0.999999897243455,1.02756544882688e-07
894,0.118266973741069,0.881733026258931
895,0.0671267546332446,0.932873245366755
896,0.0870893395330695,0.91291066046693
897,0.999999960993339,3.90066612666978e-08
898,0.0138565437815026,0.986143456218497
899,6.37983767005969e-07,0.999999362016233
900,0.0410511727700591,0.958948827229941
901,0.00542279400779504,0.994577205992205
902,0.133423244702589,0.866576755297411
903,0.0903471016749023,0.909652898325098
904,0.0588090484037135,0.941190951596287
905,0.0702022318760685,0.929797768123931
906,0.000149051361843149,0.999850948638157
907,0.0657850310437716,0.934214968956228
908,1.65018834776899e-05,0.999983498116522
909,0.0311490849490948,0.968850915050905
910,0.127001747714834,0.872998252285166
911,0.0590388287544421,0.940961171245558
912,0.204790397247768,0.795209602752232
913,0.160074114369509,0.839925885630491
914,0.169226772164563,0.830773227835437
915,5.91085028199536e-41,1
916,0.335600760698735,0.664399239301265
917,0.187180085809067,0.812819914190933
918,0.998156935394692,0.0018430646053082
919,0.123143247475538,0.876856752524462
920,0.102589910927435,0.897410089072565
921,0.107387344085433,0.892612655914567
922,0.0501932452118937,0.949806754788106
923,1.73182105178254e-05,0.999982681789482
924,0.278430927357025,0.721569072642975
925,0.106383240875699,0.893616759124301
926,0.00125045877755885,0.998749541222441
927,0.996245459440051,0.00375454055994895
928,0.0487031584472735,0.951296841552727
929,0.0847328949879293,0.915267105012071
930,0.0788720332886421,0.921127966711358
931,0.999999999861949,1.3805125813081e-10
932,5.21815215793879e-36,1
933,0.127831997301735,0.872168002698265
934,0.0515940780632225,0.948405921936778
935,0.00345148027319171,0.996548519726808
936,0.0989544323139523,0.901045567686048
937,0.999774335977662,0.000225664022338098
938,0.0354868141691903,0.96451318583081
939,0.551682266553471,0.448317733446529
940,0.0548242502715534,0.945175749728447
941,0.0105246615978145,0.989475338402186
942,0.0459614367830245,0.954038563216976
943,0.140567642046046,0.859432357953954
944,0.05862585860178,0.94137414139822
945,0.297637135438483,0.702362864561517
946,0.0167739423424952,0.983226057657505
947,0.0648800969459245,0.935119903054075
948,0.0213122979699211,0.978687702030079
949,0.165419461971861,0.834580538028139
950,4.6885466485505e-05,0.999953114533514
951,0.0689598984796758,0.931040101520324
952,0.999999998451073,1.54892746411553e-09
953,0.0344190314911767,0.965580968508823
954,0.999999999996244,3.75602913170616e-12
955,0.242541763521363,0.757458236478637
956,0.0315077984740454,0.968492201525955
957,1.31298665375907e-06,0.999998687013346
958,0.059232292435068,0.940767707564932
959,0.350837791810805,0.649162208189195
960,0.988174776690423,0.0118252233095766
961,0.999999999999992,8.2066281304854e-15
962,6.95192848026389e-07,0.999999304807152
963,0.217654923402559,0.782345076597441
964,0.0947052991517073,0.905294700848293
965,0.107945722386439,0.892054277613561
966,0.000812507379940598,0.999187492620059
967,0.0524394346505424,0.947560565349458
968,1.81635299615389e-05,0.999981836470038
969,0.79040915711831,0.20959084288169
970,0.962575678593008,0.0374243214069921
971,0.999539743103521,0.000460256896478968
972,0.0495936250144934,0.950406374985507
973,0.00728848663311332,0.992711513366887
974,0.998499633517483,0.00150036648251706
975,0.0614918044509333,0.938508195549067
976,0.0588673406420983,0.941132659357902
977,0.0487031584472735,0.951296841552727
978,0.0621889569599559,0.937811043040044
979,0.00056137300568424,0.999438626994316
980,0.031230836784617,0.968769163215383
981,3.42906884515015e-08,0.999999965709312
982,0.0571869538155287,0.942813046184471
983,0.0215653126553129,0.978434687344687
984,0.574155339148083,0.425844660851917
985,0.0351168344633386,0.964883165536661
986,0.895944792363275,0.104055207636725
987,1,2.96685736968464e-17
988,0.109987569393133,0.890012430606867
989,0.0501776141271751,0.949822385872825
990,1,2.65144583885241e-18
991,0.0893174839564984,0.910682516043502
992,0.0355510734109934,0.964448926589006
993,1.15260756392191e-35,1
994,0.661452967391214,0.338547032608786
995,0.0306147701483522,0.969385229851648
996,0.0638672629385641,0.936132737061436
997,0.0983868961959544,0.901613103804046
998,8.02390941112825e-06,0.999991976090589
999,0.0614742337041356,0.938525766295864
1000,0.0667188693155878,0.933281130684412
1001,0.00013003755998167,0.999869962440018
1002,0.0345888216366957,0.965411178363304
