"ID","Choice0","Choice1"
1,0.214,0.786
2,0.998,0.002
3,0.346,0.654
4,0.518,0.482
5,0.166,0.834
6,0.87,0.13
7,0.214,0.786
8,0.148,0.852
9,0.014,0.986
10,0.546,0.454
11,0.216,0.784
12,0.888,0.112
13,0.984,0.016
14,0.83,0.17
15,0.782,0.218
16,0.162,0.838
17,0.03,0.97
18,0.366,0.634
19,0.75,0.25
20,0.748,0.252
21,0.984,0.016
22,0.984,0.016
23,0.97,0.03
24,0.004,0.996
25,0.854,0.146
26,0.694,0.306
27,0.234,0.766
28,0.502,0.498
29,0.268,0.732
30,0.274,0.726
31,0.862,0.138
32,0.438,0.562
33,0.628,0.372
34,0.628,0.372
35,0.866,0.134
36,0.69,0.31
37,0.028,0.972
38,0.992,0.008
39,0.402,0.598
40,0.764,0.236
41,0.542,0.458
42,0.86,0.14
43,0.816,0.184
44,0.962,0.038
45,0.372,0.628
46,0.534,0.466
47,0.798,0.202
48,0.664,0.336
49,0.964,0.036
50,0.222,0.778
51,0.876,0.124
52,0.908,0.092
53,0.756,0.244
54,0.022,0.978
55,0.852,0.148
56,0.866,0.134
57,0.096,0.904
58,0.936,0.064
59,0.874,0.126
60,0.2,0.8
61,0.676,0.324
62,0.862,0.138
63,0.392,0.608
64,0.218,0.782
65,0.938,0.062
66,0.99,0.01
67,0.584,0.416
68,0.222,0.778
69,0.048,0.952
70,0.478,0.522
71,0.114,0.886
72,0.138,0.862
73,0.646,0.354
74,0.81,0.19
75,0.326,0.674
76,0.524,0.476
77,0.322,0.678
78,0.944,0.056
79,0.842,0.158
80,0.604,0.396
81,0.106,0.894
82,0.838,0.162
83,0.334,0.666
84,0.534,0.466
85,0.7,0.3
86,0.53,0.47
87,0.96,0.04
88,0.618,0.382
89,0.296,0.704
90,0.096,0.904
91,0.766,0.234
92,0.422,0.578
93,0.016,0.984
94,0.748,0.252
95,0.778,0.222
96,0.004,0.996
97,0.578,0.422
98,0.24,0.76
99,0.788,0.212
100,0.952,0.048
101,0.718,0.282
102,0.682,0.318
103,0.254,0.746
104,0.08,0.92
105,0.982,0.018
106,0.166,0.834
107,0.572,0.428
108,0.128,0.872
109,0.15,0.85
110,0.076,0.924
111,0.248,0.752
112,0.92,0.08
113,0.11,0.89
114,0.996,0.004
115,0.644,0.356
116,0.886,0.114
117,0.774,0.226
118,0.05,0.95
119,0.39,0.61
120,0.716,0.284
121,0.008,0.992
122,0.998,0.002
123,0.148,0.852
124,0.472,0.528
125,0.996,0.004
126,0.488,0.512
127,0.86,0.14
128,0.632,0.368
129,0.864,0.136
130,0.536,0.464
131,0.106,0.894
132,0.458,0.542
133,0.616,0.384
134,0.888,0.112
135,0.004,0.996
136,0.136,0.864
137,0.916,0.084
138,0.322,0.678
139,0.012,0.988
140,0.052,0.948
141,0.542,0.458
142,0.26,0.74
143,0.108,0.892
144,0.204,0.796
145,0.512,0.488
146,0.844,0.156
147,0.728,0.272
148,0.928,0.072
149,0.178,0.822
150,0.028,0.972
151,0.582,0.418
152,0.164,0.836
153,0.1,0.9
154,0.946,0.054
155,0.816,0.184
156,0.866,0.134
157,0.584,0.416
158,0.058,0.942
159,0.376,0.624
160,0.874,0.126
161,0.376,0.624
162,0.998,0.002
163,0.182,0.818
164,0.968,0.032
165,0.112,0.888
166,0.478,0.522
167,0.378,0.622
168,0.35,0.65
169,0.106,0.894
170,0.288,0.712
171,0.268,0.732
172,0.128,0.872
173,0.238,0.762
174,0.418,0.582
175,0.02,0.98
176,0.13,0.87
177,0.038,0.962
178,0.36,0.64
179,0.722,0.278
180,0.35,0.65
181,0.7,0.3
182,0.948,0.052
183,0.05,0.95
184,0.032,0.968
185,0.774,0.226
186,0.942,0.058
187,0.02,0.98
188,0.734,0.266
189,0.478,0.522
190,0.878,0.122
191,0.25,0.75
192,0.114,0.886
193,0.406,0.594
194,0.078,0.922
195,0.242,0.758
196,0.55,0.45
197,0.116,0.884
198,0.366,0.634
199,0.478,0.522
200,0.768,0.232
201,0.454,0.546
202,0.526,0.474
203,0.902,0.098
204,0.052,0.948
205,0.984,0.016
206,0.996,0.004
207,0.326,0.674
208,0.46,0.54
209,0.46,0.54
210,0.62,0.38
211,0.072,0.928
212,0.92,0.08
213,0.44,0.56
214,0.422,0.578
215,0.476,0.524
216,0.986,0.014
217,0.93,0.07
218,0.022,0.978
219,0.014,0.986
220,0.016,0.984
221,0.168,0.832
222,0.92,0.08
223,0.012,0.988
224,0.03,0.97
225,0.558,0.442
226,0.472,0.528
227,0.944,0.056
228,0.892,0.108
229,0.194,0.806
230,0.928,0.072
231,0.008,0.992
232,0.938,0.062
233,0.908,0.092
234,0.774,0.226
235,0.782,0.218
236,0.478,0.522
237,0.482,0.518
238,0.072,0.928
239,0.004,0.996
240,0.022,0.978
241,0.646,0.354
242,0.994,0.006
243,0.436,0.564
244,0.812,0.188
245,0.266,0.734
246,0.324,0.676
247,0.256,0.744
248,0.998,0.002
249,0.676,0.324
250,0.548,0.452
251,0.48,0.52
252,0.2,0.8
253,0.916,0.084
254,0.058,0.942
255,0.284,0.716
256,0.41,0.59
257,0.802,0.198
258,0.782,0.218
259,0.206,0.794
260,0.772,0.228
261,0.994,0.006
262,0.58,0.42
263,0.006,0.994
264,0.836,0.164
265,0.214,0.786
266,0.14,0.86
267,0.232,0.768
268,0.004,0.996
269,0.052,0.948
270,0.182,0.818
271,0.996,0.004
272,0.488,0.512
273,0.548,0.452
274,0.474,0.526
275,0.776,0.224
276,0.328,0.672
277,0.332,0.668
278,0.134,0.866
279,0.9,0.1
280,0.388,0.612
281,0.776,0.224
282,0.208,0.792
283,0.656,0.344
284,0.068,0.932
285,0.192,0.808
286,0.664,0.336
287,0.164,0.836
288,0.464,0.536
289,0.646,0.354
290,0.292,0.708
291,0.082,0.918
292,0.032,0.968
293,0.558,0.442
294,1,0
295,0.06,0.94
296,0.572,0.428
297,0.464,0.536
298,0.77,0.23
299,0.43,0.57
300,0.574,0.426
301,0.676,0.324
302,0.16,0.84
303,0.574,0.426
304,0.852,0.148
305,0.84,0.16
306,0.978,0.022
307,0.036,0.964
308,0.93,0.07
309,0.17,0.83
310,0.576,0.424
311,0.01,0.99
312,0.676,0.324
313,0.616,0.384
314,0.034,0.966
315,0.01,0.99
316,0.836,0.164
317,0.068,0.932
318,0.764,0.236
319,0.962,0.038
320,0.378,0.622
321,0.704,0.296
322,0.424,0.576
323,0.976,0.024
324,0.956,0.044
325,0.014,0.986
326,0.896,0.104
327,0.526,0.474
328,0.698,0.302
329,0.306,0.694
330,0.236,0.764
331,0.94,0.06
332,0.266,0.734
333,0.75,0.25
334,0.88,0.12
335,0.33,0.67
336,0.758,0.242
337,0.57,0.43
338,0.692,0.308
339,0.1,0.9
340,0.686,0.314
341,0.64,0.36
342,0.784,0.216
343,0.026,0.974
344,0.77,0.23
345,0.28,0.72
346,0.656,0.344
347,0.148,0.852
348,0.896,0.104
349,0.832,0.168
350,0.558,0.442
351,0.88,0.12
352,0.058,0.942
353,0.008,0.992
354,0.72,0.28
355,0.994,0.006
356,0.456,0.544
357,0.458,0.542
358,0.002,0.998
359,0.002,0.998
360,0.702,0.298
361,0.576,0.424
362,0.018,0.982
363,0.404,0.596
364,0.02,0.98
365,0.348,0.652
366,0.778,0.222
367,0.048,0.952
368,0.988,0.012
369,0.05,0.95
370,0.518,0.482
371,0.004,0.996
372,0.062,0.938
373,0.94,0.06
374,0.34,0.66
375,0.312,0.688
376,0.216,0.784
377,0.828,0.172
378,0.954,0.046
379,0.53,0.47
380,0.426,0.574
381,0.454,0.546
382,0.188,0.812
383,0.768,0.232
384,0.072,0.928
385,0.742,0.258
386,0.998,0.002
387,0.898,0.102
388,0.07,0.93
389,0.49,0.51
390,0.116,0.884
391,0.664,0.336
392,0.746,0.254
393,0.62,0.38
394,0.298,0.702
395,0.038,0.962
396,0.356,0.644
397,0.762,0.238
398,0.434,0.566
399,0.61,0.39
400,0.66,0.34
401,0.002,0.998
402,1,0
403,0.656,0.344
404,0.544,0.456
405,0.912,0.088
406,0.808,0.192
407,0.998,0.002
408,0.644,0.356
409,0.5,0.5
410,0.538,0.462
411,0.36,0.64
412,0.01,0.99
413,0.464,0.536
414,0.986,0.014
415,0.132,0.868
416,0.002,0.998
417,0.656,0.344
418,0.022,0.978
419,0.298,0.702
420,0.112,0.888
421,0.196,0.804
422,0.992,0.008
423,0.004,0.996
424,0.146,0.854
425,0.984,0.016
426,0.722,0.278
427,0.788,0.212
428,0.256,0.744
429,0.414,0.586
430,0.112,0.888
431,0.408,0.592
432,0.102,0.898
433,0.408,0.592
434,0.934,0.066
435,0.082,0.918
436,0.042,0.958
437,0.518,0.482
438,0.738,0.262
439,0.402,0.598
440,0.96,0.04
441,0.466,0.534
442,0.356,0.644
443,0.768,0.232
444,0.242,0.758
445,0.994,0.006
446,0.448,0.552
447,0.992,0.008
448,0.146,0.854
449,0.18,0.82
450,0.432,0.568
451,0.162,0.838
452,0.862,0.138
453,0.346,0.654
454,0.566,0.434
455,0.93,0.07
456,0.998,0.002
457,0.578,0.422
458,0.044,0.956
459,0,1
460,0.116,0.884
461,0.82,0.18
462,0.492,0.508
463,0.9,0.1
464,0.34,0.66
465,0.534,0.466
466,0.496,0.504
467,0.998,0.002
468,0.2,0.8
469,0.002,0.998
470,0.092,0.908
471,0.898,0.102
472,0.936,0.064
473,0.79,0.21
474,0.494,0.506
475,0.302,0.698
476,0.788,0.212
477,0.176,0.824
478,0.958,0.042
479,0.16,0.84
480,0.564,0.436
481,0.418,0.582
482,0.74,0.26
483,0.104,0.896
484,0.836,0.164
485,0.356,0.644
486,0.012,0.988
487,0.008,0.992
488,0.844,0.156
489,0.39,0.61
490,0.128,0.872
491,0.976,0.024
492,0.496,0.504
493,0.552,0.448
494,0.994,0.006
495,0.864,0.136
496,0.534,0.466
497,0.814,0.186
498,0.656,0.344
499,0.322,0.678
500,0.606,0.394
501,0.956,0.044
502,0.724,0.276
503,0.022,0.978
504,0.558,0.442
505,0.144,0.856
506,0.988,0.012
507,0.252,0.748
508,0.726,0.274
509,0.816,0.184
510,0.936,0.064
511,0.62,0.38
512,0.9,0.1
513,0.064,0.936
514,0.064,0.936
515,0.214,0.786
516,0.4,0.6
517,0.816,0.184
518,0.864,0.136
519,0.442,0.558
520,0.28,0.72
521,0.15,0.85
522,0.042,0.958
523,0,1
524,0.124,0.876
525,0.914,0.086
526,0.252,0.748
527,0.282,0.718
528,0.582,0.418
529,0.41,0.59
530,0.992,0.008
531,0.772,0.228
532,0.142,0.858
533,0.534,0.466
534,0.362,0.638
535,0.35,0.65
536,0.04,0.96
537,0.19,0.81
538,0.998,0.002
539,0.092,0.908
540,0.662,0.338
541,0.194,0.806
542,0.68,0.32
543,0.216,0.784
544,0.172,0.828
545,0.032,0.968
546,0.552,0.448
547,0.258,0.742
548,0.454,0.546
549,0.83,0.17
550,0.024,0.976
551,0.23,0.77
552,0.22,0.78
553,0.028,0.972
554,0.232,0.768
555,0.996,0.004
556,0.146,0.854
557,0.176,0.824
558,0.928,0.072
559,0.026,0.974
560,0.184,0.816
561,0.81,0.19
562,0.772,0.228
563,0.064,0.936
564,0.49,0.51
565,0.754,0.246
566,0.056,0.944
567,0.004,0.996
568,0.468,0.532
569,0.874,0.126
570,0.884,0.116
571,0.42,0.58
572,0.986,0.014
573,0.702,0.298
574,0.206,0.794
575,0.054,0.946
576,0.368,0.632
577,0.378,0.622
578,0.652,0.348
579,0.052,0.948
580,0.152,0.848
581,0.412,0.588
582,0.828,0.172
583,0.186,0.814
584,0.586,0.414
585,0.63,0.37
586,0.5,0.5
587,0.33,0.67
588,0.006,0.994
589,0.798,0.202
590,0.36,0.64
591,0.804,0.196
592,0.09,0.91
593,0.294,0.706
594,0.988,0.012
595,0.342,0.658
596,0.344,0.656
597,0.832,0.168
598,0.412,0.588
599,0.366,0.634
600,0.13,0.87
601,0.016,0.984
602,0.336,0.664
603,0.184,0.816
604,0.66,0.34
605,0.954,0.046
606,0.03,0.97
607,0.616,0.384
608,0.05,0.95
609,0.93,0.07
610,0.78,0.22
611,0.95,0.05
612,0.446,0.554
613,0.11,0.89
614,0.76,0.24
615,0.002,0.998
616,0.436,0.564
617,0.16,0.84
618,0.116,0.884
619,0.988,0.012
620,0.694,0.306
621,0.26,0.74
622,0.976,0.024
623,0.002,0.998
624,0.874,0.126
625,0.402,0.598
626,0.046,0.954
627,0.098,0.902
628,0.032,0.968
629,0.192,0.808
630,0.122,0.878
631,0.52,0.48
632,0.91,0.09
633,0.332,0.668
634,0.434,0.566
635,0.216,0.784
636,0.998,0.002
637,0.78,0.22
638,0.032,0.968
639,0.452,0.548
640,0.978,0.022
641,0.572,0.428
642,0.37,0.63
643,0.84,0.16
644,0.962,0.038
645,0.854,0.146
646,0.618,0.382
647,0.104,0.896
648,0.3,0.7
649,0.018,0.982
650,0.72,0.28
651,0.994,0.006
652,0.742,0.258
653,0.884,0.116
654,0.656,0.344
655,0.102,0.898
656,0.106,0.894
657,0.19,0.81
658,0.46,0.54
659,0.982,0.018
660,0.634,0.366
661,0.052,0.948
662,0.548,0.452
663,0.02,0.98
664,0.792,0.208
665,0,1
666,0.94,0.06
667,0.296,0.704
668,0.444,0.556
669,0.212,0.788
670,0.866,0.134
671,0.64,0.36
672,0.644,0.356
673,0.83,0.17
674,0.298,0.702
675,0.546,0.454
676,0.992,0.008
677,0.952,0.048
678,0.966,0.034
679,0.292,0.708
680,0.236,0.764
681,0.924,0.076
682,0.566,0.434
683,0.064,0.936
684,0.982,0.018
685,0.88,0.12
686,0.284,0.716
687,0.134,0.866
688,0.942,0.058
689,0.156,0.844
690,0.748,0.252
691,0.06,0.94
692,0.75,0.25
693,0.894,0.106
694,0.504,0.496
695,0.444,0.556
696,0.836,0.164
697,0.24,0.76
698,0.828,0.172
699,0.884,0.116
700,0.618,0.382
701,0.06,0.94
702,0.316,0.684
703,0.284,0.716
704,0.094,0.906
705,0.992,0.008
706,0.006,0.994
707,0,1
708,0.702,0.298
709,0.678,0.322
710,0.424,0.576
711,0.394,0.606
712,0.994,0.006
713,0.048,0.952
714,0.62,0.38
715,0.706,0.294
716,0.806,0.194
717,0.014,0.986
718,0.1,0.9
719,0.98,0.02
720,0.994,0.006
721,0.99,0.01
722,0.858,0.142
723,0.122,0.878
724,0.964,0.036
725,0.936,0.064
726,0.674,0.326
727,0.616,0.384
728,0.166,0.834
729,0.168,0.832
730,0.61,0.39
731,0.044,0.956
732,0.958,0.042
733,0.058,0.942
734,0.032,0.968
735,0.552,0.448
736,0.858,0.142
737,0.564,0.436
738,0.366,0.634
739,0.958,0.042
740,0.936,0.064
741,0.986,0.014
742,0.364,0.636
743,0.012,0.988
744,0.148,0.852
745,0.11,0.89
746,0.54,0.46
747,0.294,0.706
748,0.83,0.17
749,0.066,0.934
750,0.092,0.908
751,0.62,0.38
752,0.488,0.512
753,0.502,0.498
754,0.214,0.786
755,0.622,0.378
756,0.85,0.15
757,0.502,0.498
758,0.242,0.758
759,0.596,0.404
760,0.88,0.12
761,0.106,0.894
762,0.014,0.986
763,0.694,0.306
764,0.836,0.164
765,0.27,0.73
766,0.558,0.442
767,0.762,0.238
768,0.796,0.204
769,0.952,0.048
770,0.898,0.102
771,0.384,0.616
772,0,1
773,0.556,0.444
774,0.472,0.528
775,0.424,0.576
776,0.17,0.83
777,0.544,0.456
778,0.522,0.478
779,0.994,0.006
780,0.04,0.96
781,0.514,0.486
782,0.432,0.568
783,0.692,0.308
784,0.834,0.166
785,0.87,0.13
786,0.64,0.36
787,0.702,0.298
788,0.47,0.53
789,0.554,0.446
790,0.802,0.198
791,0.384,0.616
792,0.946,0.054
793,0.954,0.046
794,0.242,0.758
795,0.038,0.962
796,0.666,0.334
797,0.27,0.73
798,0.336,0.664
799,0.566,0.434
800,0.742,0.258
801,0.306,0.694
802,0.238,0.762
803,0.84,0.16
804,0.132,0.868
805,0.026,0.974
806,0.296,0.704
807,0.158,0.842
808,0.99,0.01
809,0.002,0.998
810,0.886,0.114
811,0.398,0.602
812,0.992,0.008
813,0.094,0.906
814,0.434,0.566
815,0.832,0.168
816,0.998,0.002
817,0.194,0.806
818,0.934,0.066
819,0.234,0.766
820,0.032,0.968
821,0.284,0.716
822,0.094,0.906
823,0.49,0.51
824,0.058,0.942
825,0.034,0.966
826,0.958,0.042
827,0.1,0.9
828,0.486,0.514
829,0.27,0.73
830,0.418,0.582
831,0.816,0.184
832,0.184,0.816
833,0.808,0.192
834,0.132,0.868
835,0.218,0.782
836,0.41,0.59
837,0.346,0.654
838,0.556,0.444
839,0.542,0.458
840,0.986,0.014
841,0.422,0.578
842,0.26,0.74
843,0.314,0.686
844,0.872,0.128
845,0.018,0.982
846,0.506,0.494
847,0.396,0.604
848,0.738,0.262
849,0.046,0.954
850,0.338,0.662
851,0.47,0.53
852,0.248,0.752
853,0.958,0.042
854,1,0
855,0.176,0.824
856,0.008,0.992
857,0.286,0.714
858,0.164,0.836
859,0.986,0.014
860,0.994,0.006
861,0.308,0.692
862,0.418,0.582
863,1,0
864,0.66,0.34
865,0.988,0.012
866,0.95,0.05
867,0.116,0.884
868,0.976,0.024
869,0.006,0.994
870,0.902,0.098
871,0.116,0.884
872,0.996,0.004
873,0.97,0.03
874,0.014,0.986
875,0.65,0.35
876,0.868,0.132
877,0.63,0.37
878,0.036,0.964
879,0.01,0.99
880,0.528,0.472
881,0.602,0.398
882,0.518,0.482
883,0.764,0.236
884,0.226,0.774
885,0.998,0.002
886,0.322,0.678
887,0,1
888,0.08,0.92
889,0.988,0.012
890,0.516,0.484
891,0.626,0.374
892,0.498,0.502
893,0.702,0.298
894,0.264,0.736
895,0.292,0.708
896,0.964,0.036
897,0.902,0.098
898,0.356,0.644
899,0.706,0.294
900,0.452,0.548
901,0.334,0.666
902,0.996,0.004
903,0.002,0.998
904,0.45,0.55
905,0.328,0.672
906,0.094,0.906
907,0.55,0.45
908,0.028,0.972
909,0.412,0.588
910,0.866,0.134
911,0.588,0.412
912,0.616,0.384
913,0.992,0.008
914,0.504,0.496
915,0.068,0.932
916,0.758,0.242
917,0.96,0.04
918,0.276,0.724
919,0.994,0.006
920,0.808,0.192
921,0.794,0.206
922,0.524,0.476
923,0.18,0.82
924,0.986,0.014
925,0.902,0.098
926,0.04,0.96
927,0.436,0.564
928,0.148,0.852
929,0.45,0.55
930,0.334,0.666
931,0.898,0.102
932,0.202,0.798
933,0.972,0.028
934,0.636,0.364
935,0.234,0.766
936,0.74,0.26
937,0.978,0.022
938,0.506,0.494
939,0.22,0.78
940,0.636,0.364
941,0.212,0.788
942,0.522,0.478
943,0.918,0.082
944,0.146,0.854
945,0.994,0.006
946,0.242,0.758
947,0.3,0.7
948,0.082,0.918
949,0.966,0.034
950,0.882,0.118
951,0.756,0.244
952,0.844,0.156
953,0.274,0.726
954,0.618,0.382
955,0.218,0.782
956,0.102,0.898
957,0,1
958,0.356,0.644
959,0.998,0.002
960,0.864,0.136
961,0.4,0.6
962,0.366,0.634
963,0.468,0.532
964,0.288,0.712
965,0.674,0.326
966,0.352,0.648
967,0.542,0.458
968,0.006,0.994
969,0.418,0.582
970,0.984,0.016
971,0.814,0.186
972,0.27,0.73
973,0.074,0.926
974,0.106,0.894
975,0.212,0.788
976,0.296,0.704
977,0.148,0.852
978,0.828,0.172
979,0.03,0.97
980,0.612,0.388
981,0.394,0.606
982,0.368,0.632
983,0.212,0.788
984,0.942,0.058
985,0.194,0.806
986,0.568,0.432
987,0.928,0.072
988,1,0
989,0.102,0.898
990,0.904,0.096
991,0.94,0.06
992,0.214,0.786
993,0.678,0.322
994,0.168,0.832
995,0.004,0.996
996,0.424,0.576
997,0.502,0.498
998,0.268,0.732
999,0.322,0.678
1000,0.656,0.344
1001,0.292,0.708
1002,0.058,0.942
