"ID","Choice0","Choice1"
1,0.61,0.39
2,0,1
3,1,0
4,1,0
5,0,1
6,1,0
7,0,1
8,0,1
9,1,0
10,0,1
11,1,0
12,0,1
13,0.01,0.99
14,0.58,0.42
15,0,1
16,0,1
17,0,1
18,1,0
19,0,1
20,0.58,0.42
21,0,1
22,1,0
23,0,1
24,0,1
25,1,0
26,1,0
27,1,0
28,0.99,0.01
29,1,0
30,0,1
31,1,0
32,0,1
33,0.01,0.99
34,0,1
35,0,1
36,0.58,0.42
37,0.6,0.4
38,0.59,0.41
39,0,1
40,0.99,0.01
41,0,1
42,1,0
43,1,0
44,0,1
45,1,0
46,0,1
47,0,1
48,1,0
49,1,0
50,0.58,0.42
51,1,0
52,1,0
53,1,0
54,0.01,0.99
55,0,1
56,0.02,0.98
57,0.59,0.41
58,0,1
59,1,0
60,0,1
61,0.61,0.39
62,0,1
63,1,0
64,0.99,0.01
65,0.99,0.01
66,1,0
67,0.99,0.01
68,0.99,0.01
69,0,1
70,0,1
71,0,1
72,0.99,0.01
73,0.99,0.01
74,0.99,0.01
75,0.59,0.41
76,0,1
77,0,1
78,0,1
79,1,0
80,1,0
81,0.58,0.42
82,1,0
83,1,0
84,0,1
85,0.59,0.41
86,1,0
87,0,1
88,1,0
89,0,1
90,0,1
91,1,0
92,1,0
93,0,1
94,0,1
95,0.57,0.43
96,0.99,0.01
97,0,1
98,0.01,0.99
99,0.01,0.99
100,0.57,0.43
101,0.01,0.99
102,0,1
103,0,1
104,0.99,0.01
105,0.99,0.01
106,0,1
107,1,0
108,0.01,0.99
109,0.6,0.4
110,0,1
111,0.58,0.42
112,1,0
113,0,1
114,0.59,0.41
115,0,1
116,0.01,0.99
117,0.01,0.99
118,0,1
119,0,1
120,0,1
121,0,1
122,0,1
123,1,0
124,0,1
125,0,1
126,0,1
127,0,1
128,1,0
129,0.99,0.01
130,0,1
131,0.6,0.4
132,1,0
133,1,0
134,0,1
135,1,0
136,0.58,0.42
137,0,1
138,0.02,0.98
139,0,1
140,0.99,0.01
141,0,1
142,0,1
143,0.58,0.42
144,0,1
145,0.99,0.01
146,1,0
147,0.99,0.01
148,1,0
149,0.59,0.41
150,0,1
151,1,0
152,1,0
153,0,1
154,0,1
155,0.97,0.03
156,1,0
157,0,1
158,0,1
159,0,1
160,0.59,0.41
161,0.6,0.4
162,0.6,0.4
163,0,1
164,0,1
165,1,0
166,0.01,0.99
167,0,1
168,0,1
169,1,0
170,1,0
171,0.01,0.99
172,1,0
173,1,0
174,0.01,0.99
175,0.61,0.39
176,1,0
177,1,0
178,0,1
179,0,1
180,0,1
181,0.57,0.43
182,0,1
183,0,1
184,0,1
185,1,0
186,0,1
187,0.99,0.01
188,1,0
189,0,1
190,0,1
191,0,1
192,0,1
193,1,0
194,0,1
195,0,1
196,0,1
197,0.01,0.99
198,0,1
199,0,1
200,0,1
201,0,1
202,0,1
203,0.99,0.01
204,0.99,0.01
205,0,1
206,1,0
207,1,0
208,0,1
209,1,0
210,1,0
211,0,1
212,0.59,0.41
213,0,1
214,0,1
215,0,1
216,1,0
217,0,1
218,0,1
219,0,1
220,1,0
221,0.6,0.4
222,0,1
223,0.57,0.43
224,1,0
225,0.99,0.01
226,1,0
227,0,1
228,1,0
229,0,1
230,0.01,0.99
231,1,0
232,1,0
233,0.99,0.01
234,0,1
235,0,1
236,0,1
237,1,0
238,0,1
239,0,1
240,0.01,0.99
241,0,1
242,0,1
243,0.07,0.93
244,0,1
245,1,0
246,0,1
247,1,0
248,0,1
249,0,1
250,0.01,0.99
251,0,1
252,0,1
253,1,0
254,0.08,0.92
255,1,0
256,1,0
257,1,0
258,1,0
259,0.99,0.01
260,0,1
261,1,0
262,0,1
263,0,1
264,0,1
265,0,1
266,0,1
267,0,1
268,0.53,0.47
269,0,1
270,0,1
271,0.58,0.42
272,0,1
273,1,0
274,1,0
275,0,1
276,0.99,0.01
277,0,1
278,0,1
279,0.58,0.42
280,0.6,0.4
281,1,0
282,0.59,0.41
283,0,1
284,0,1
285,0,1
286,0,1
287,0.01,0.99
288,0,1
289,0,1
290,1,0
291,0,1
292,0,1
293,0,1
294,1,0
295,0,1
296,1,0
297,0,1
298,0,1
299,0,1
300,0,1
301,1,0
302,0.59,0.41
303,0.99,0.01
304,0.99,0.01
305,0,1
306,0.61,0.39
307,1,0
308,0,1
309,0,1
310,1,0
311,0.14,0.86
312,1,0
313,0.92,0.08
314,0,1
315,0,1
316,0,1
317,0,1
318,1,0
319,0.01,0.99
320,0,1
321,0.01,0.99
322,0,1
323,1,0
324,0,1
325,0,1
326,1,0
327,1,0
328,0,1
329,0,1
330,0.99,0.01
331,0.01,0.99
332,1,0
333,0,1
334,1,0
335,0,1
336,0,1
337,0,1
338,0,1
339,0,1
340,0,1
341,0,1
342,0,1
343,0,1
344,1,0
345,0.59,0.41
346,1,0
347,0,1
348,0.01,0.99
349,0.59,0.41
350,1,0
351,0,1
352,0.99,0.01
353,0.56,0.44
354,1,0
355,0.01,0.99
356,0,1
357,0,1
358,0,1
359,1,0
360,0,1
361,0.99,0.01
362,0,1
363,0,1
364,1,0
365,0,1
366,1,0
367,1,0
368,0,1
369,0,1
370,0,1
371,1,0
372,0.59,0.41
373,0,1
374,0.99,0.01
375,0,1
376,0,1
377,0,1
378,0.01,0.99
379,1,0
380,0.61,0.39
381,1,0
382,0,1
383,0,1
384,0.58,0.42
385,1,0
386,0,1
387,0.58,0.42
388,0.6,0.4
389,0,1
390,0,1
391,0,1
392,1,0
393,0.99,0.01
394,1,0
395,0.22,0.78
396,0.59,0.41
397,0.01,0.99
398,0,1
399,0,1
400,1,0
401,0,1
402,0,1
403,1,0
404,1,0
405,0,1
406,0,1
407,0.99,0.01
408,0,1
409,0,1
410,1,0
411,1,0
412,0,1
413,1,0
414,0,1
415,0.56,0.44
416,1,0
417,0.99,0.01
418,1,0
419,0,1
420,0,1
421,0.59,0.41
422,0.01,0.99
423,0,1
424,1,0
425,1,0
426,0.23,0.77
427,0,1
428,0.01,0.99
429,0,1
430,0,1
431,1,0
432,1,0
433,0,1
434,1,0
435,0.02,0.98
436,0,1
437,0,1
438,0.99,0.01
439,0.02,0.98
440,0,1
441,0.01,0.99
442,0.21,0.79
443,0.99,0.01
444,0,1
445,0,1
446,0,1
447,1,0
448,0,1
449,0.56,0.44
450,0.01,0.99
451,0.99,0.01
452,0,1
453,0,1
454,0,1
455,0,1
456,1,0
457,1,0
458,1,0
459,1,0
460,1,0
461,0,1
462,0,1
463,0,1
464,0.01,0.99
465,1,0
466,1,0
467,0.58,0.42
468,0,1
469,0,1
470,0,1
471,0,1
472,0,1
473,0,1
474,0.99,0.01
475,0.61,0.39
476,1,0
477,0,1
478,0,1
479,0,1
480,0,1
481,0,1
482,0,1
483,1,0
484,0,1
485,0,1
486,1,0
487,1,0
488,1,0
489,0,1
490,0.01,0.99
491,1,0
492,1,0
493,0,1
494,0.59,0.41
495,0,1
496,0,1
497,0,1
498,0,1
499,0.01,0.99
500,0,1
501,1,0
502,0.99,0.01
503,1,0
504,0,1
505,0,1
506,0.01,0.99
507,1,0
508,0,1
509,1,0
510,1,0
511,0.58,0.42
512,0.6,0.4
513,1,0
514,0.99,0.01
515,1,0
516,1,0
517,1,0
518,0,1
519,0,1
520,1,0
521,0.14,0.86
522,0.59,0.41
523,0,1
524,0,1
525,0,1
526,0,1
527,0,1
528,0,1
529,0,1
530,0.59,0.41
531,0,1
532,0,1
533,0.59,0.41
534,0,1
535,1,0
536,0,1
537,0,1
538,0,1
539,0.59,0.41
540,1,0
541,1,0
542,0,1
543,0,1
544,0,1
545,0.01,0.99
546,1,0
547,0.01,0.99
548,1,0
549,0,1
550,1,0
551,1,0
552,1,0
553,0.01,0.99
554,0.99,0.01
555,0,1
556,1,0
557,0,1
558,0,1
559,0,1
560,0.01,0.99
561,0,1
562,1,0
563,0,1
564,0.59,0.41
565,0,1
566,1,0
567,0,1
568,0.58,0.42
569,1,0
570,0,1
571,0,1
572,0.99,0.01
573,0,1
574,1,0
575,0,1
576,1,0
577,1,0
578,0,1
579,1,0
580,0,1
581,0,1
582,0,1
583,1,0
584,0.6,0.4
585,0.6,0.4
586,0,1
587,0,1
588,1,0
589,1,0
590,1,0
591,0,1
592,0.01,0.99
593,0.6,0.4
594,0,1
595,0,1
596,0.59,0.41
597,0,1
598,0,1
599,1,0
600,0.26,0.74
601,1,0
602,0,1
603,0.01,0.99
604,0,1
605,1,0
606,0.99,0.01
607,0,1
608,1,0
609,1,0
610,0,1
611,0.02,0.98
612,1,0
613,0,1
614,0.99,0.01
615,0,1
616,0.01,0.99
617,1,0
618,1,0
619,0,1
620,0,1
621,0,1
622,1,0
623,0,1
624,0,1
625,1,0
626,0,1
627,0,1
628,0.61,0.39
629,1,0
630,0,1
631,0.58,0.42
632,0,1
633,1,0
634,1,0
635,0,1
636,0,1
637,1,0
638,0,1
639,0,1
640,1,0
641,0,1
642,0.58,0.42
643,1,0
644,0,1
645,0,1
646,0,1
647,0.99,0.01
648,1,0
649,0,1
650,0,1
651,0,1
652,0.99,0.01
653,0,1
654,1,0
655,1,0
656,0,1
657,0.99,0.01
658,0.01,0.99
659,1,0
660,0,1
661,0.61,0.39
662,0.58,0.42
663,0,1
664,0,1
665,0.01,0.99
666,1,0
667,0.99,0.01
668,0.01,0.99
669,0,1
670,0,1
671,0,1
672,1,0
673,0.02,0.98
674,0,1
675,0,1
676,1,0
677,0,1
678,1,0
679,0.01,0.99
680,0,1
681,0,1
682,0.01,0.99
683,0.99,0.01
684,0.58,0.42
685,0,1
686,1,0
687,0.6,0.4
688,1,0
689,0.6,0.4
690,0,1
691,0,1
692,1,0
693,0,1
694,0,1
695,0.58,0.42
696,0,1
697,0,1
698,0,1
699,1,0
700,0,1
701,1,0
702,1,0
703,0.99,0.01
704,0.01,0.99
705,0,1
706,1,0
707,1,0
708,1,0
709,0,1
710,0,1
711,0.6,0.4
712,1,0
713,0.99,0.01
714,0.01,0.99
715,1,0
716,0,1
717,0,1
718,0,1
719,1,0
720,0,1
721,0,1
722,1,0
723,0.6,0.4
724,1,0
725,0.59,0.41
726,0,1
727,1,0
728,1,0
729,0.59,0.41
730,0.6,0.4
731,0.61,0.39
732,0,1
733,0,1
734,0,1
735,0.01,0.99
736,0,1
737,1,0
738,1,0
739,1,0
740,1,0
741,0,1
742,0,1
743,1,0
744,0,1
745,0,1
746,0,1
747,1,0
748,1,0
749,0,1
750,0,1
751,0.99,0.01
752,0,1
753,1,0
754,0,1
755,1,0
756,0.6,0.4
757,0.01,0.99
758,0.01,0.99
759,1,0
760,0,1
761,0.99,0.01
762,0,1
763,0,1
764,1,0
765,1,0
766,0.6,0.4
767,0.59,0.41
768,1,0
769,0,1
770,0,1
771,1,0
772,1,0
773,1,0
774,0,1
775,1,0
776,0.01,0.99
777,0.99,0.01
778,0,1
779,1,0
780,1,0
781,0,1
782,0,1
783,0,1
784,0.01,0.99
785,0,1
786,0,1
787,0.01,0.99
788,1,0
789,1,0
790,0,1
791,0,1
792,0.58,0.42
793,1,0
794,1,0
795,0,1
796,0,1
797,1,0
798,1,0
799,1,0
800,1,0
801,0,1
802,0.58,0.42
803,1,0
804,0,1
805,0.59,0.41
806,0.6,0.4
807,1,0
808,0,1
809,0.61,0.39
810,0.99,0.01
811,0.02,0.98
812,0,1
813,0.92,0.08
814,0,1
815,0,1
816,0.58,0.42
817,0,1
818,0,1
819,1,0
820,1,0
821,0.99,0.01
822,0.6,0.4
823,0,1
824,1,0
825,0.58,0.42
826,1,0
827,0.99,0.01
828,0,1
829,0.01,0.99
830,0,1
831,1,0
832,0,1
833,0,1
834,0,1
835,0.6,0.4
836,0,1
837,0,1
838,0,1
839,1,0
840,0.01,0.99
841,0.59,0.41
842,1,0
843,1,0
844,1,0
845,0,1
846,0,1
847,0.15,0.85
848,1,0
849,0.01,0.99
850,0,1
851,1,0
852,0,1
853,0,1
854,0,1
855,0,1
856,0,1
857,0,1
858,0,1
859,0,1
860,0,1
861,0,1
862,0.6,0.4
863,0.59,0.41
864,1,0
865,0,1
866,1,0
867,0,1
868,0,1
869,0,1
870,0.58,0.42
871,0,1
872,1,0
873,0,1
874,0,1
875,1,0
876,0,1
877,0,1
878,1,0
879,0,1
880,0,1
881,0,1
882,0,1
883,0,1
884,1,0
885,0,1
886,0.59,0.41
887,1,0
888,1,0
889,0,1
890,1,0
891,0,1
892,1,0
893,0,1
894,1,0
895,0,1
896,0.59,0.41
897,1,0
898,1,0
899,1,0
900,1,0
901,1,0
902,0,1
903,0,1
904,0,1
905,0,1
906,0,1
907,0.23,0.77
908,1,0
909,0.01,0.99
910,0,1
911,0,1
912,0,1
913,0,1
914,1,0
915,1,0
916,0.59,0.41
917,0.6,0.4
918,0.01,0.99
919,0,1
920,0,1
921,0,1
922,1,0
923,1,0
924,1,0
925,1,0
926,0.99,0.01
927,0.99,0.01
928,0,1
929,1,0
930,0,1
931,1,0
932,0.83,0.17
933,0.69,0.31
934,0.58,0.42
935,0,1
936,1,0
937,0,1
938,1,0
939,0,1
940,1,0
941,1,0
942,0,1
943,1,0
944,1,0
945,0,1
946,0.99,0.01
947,0.58,0.42
948,0.99,0.01
949,1,0
950,1,0
951,1,0
952,0,1
953,1,0
954,0.23,0.77
955,1,0
956,0,1
957,0,1
958,1,0
959,0,1
960,0.01,0.99
961,0,1
962,0,1
963,0,1
964,1,0
965,0,1
966,0,1
967,0,1
968,0,1
969,0.99,0.01
970,0,1
971,0.02,0.98
972,0,1
973,0,1
974,0,1
975,0.6,0.4
976,1,0
977,0.99,0.01
978,0.02,0.98
979,0,1
980,0,1
981,0,1
982,0.99,0.01
983,0.61,0.39
984,0,1
985,0,1
986,1,0
987,0,1
988,1,0
989,0,1
990,0.01,0.99
991,0.59,0.41
992,0,1
993,0,1
994,1,0
995,1,0
996,0,1
997,0,1
998,0,1
999,0,1
1000,0,1
1001,0,1
1002,1,0
1003,0,1
1004,1,0
1005,0,1
1006,0,1
1007,0.61,0.39
1008,0,1
1009,0,1
1010,0,1
1011,0,1
1012,0.6,0.4
1013,1,0
1014,0.01,0.99
1015,1,0
1016,0,1
1017,1,0
1018,0.59,0.41
1019,0,1
1020,0,1
1021,0.01,0.99
1022,0.99,0.01
1023,0,1
1024,1,0
1025,0,1
1026,0.02,0.98
1027,1,0
1028,1,0
1029,1,0
1030,0.58,0.42
1031,0.61,0.39
1032,0,1
1033,0,1
1034,0,1
1035,0,1
1036,1,0
1037,0,1
1038,0,1
1039,0,1
1040,0.56,0.44
1041,0.59,0.41
1042,0,1
1043,0,1
1044,0.14,0.86
1045,0,1
1046,0,1
1047,0.6,0.4
1048,0.61,0.39
1049,0,1
1050,0,1
1051,0,1
1052,0,1
1053,1,0
1054,0.02,0.98
1055,1,0
1056,0.99,0.01
1057,1,0
1058,0,1
1059,1,0
1060,0,1
1061,0,1
1062,0.99,0.01
1063,0,1
1064,0,1
1065,1,0
1066,0,1
1067,0,1
1068,0.07,0.93
1069,0,1
1070,0,1
1071,0,1
1072,0,1
1073,1,0
1074,1,0
1075,1,0
1076,0,1
1077,0,1
1078,0.59,0.41
1079,1,0
1080,1,0
1081,0,1
1082,0.99,0.01
1083,0.59,0.41
1084,1,0
1085,1,0
1086,0.57,0.43
1087,1,0
1088,0.59,0.41
1089,1,0
1090,0,1
1091,0.01,0.99
1092,0,1
1093,0,1
1094,0,1
1095,1,0
1096,0,1
1097,0,1
1098,0,1
1099,0,1
1100,0,1
1101,0,1
1102,0.59,0.41
1103,0,1
1104,0,1
1105,0,1
1106,1,0
1107,0,1
1108,1,0
1109,0.01,0.99
1110,0.07,0.93
1111,1,0
1112,0,1
1113,1,0
1114,0.02,0.98
1115,0,1
1116,0,1
1117,1,0
1118,0.59,0.41
1119,1,0
1120,1,0
1121,0,1
1122,0.59,0.41
1123,1,0
1124,0,1
1125,0.58,0.42
1126,1,0
1127,0,1
1128,0.99,0.01
1129,1,0
1130,1,0
1131,0.99,0.01
1132,0,1
1133,1,0
1134,0,1
1135,0.59,0.41
1136,1,0
1137,0.99,0.01
1138,0.61,0.39
1139,0,1
1140,0.57,0.43
1141,0,1
1142,0.59,0.41
1143,1,0
1144,1,0
1145,0,1
1146,0,1
1147,0,1
1148,0.01,0.99
1149,0,1
1150,0,1
1151,1,0
1152,0.58,0.42
1153,0,1
1154,1,0
1155,0,1
1156,0,1
1157,1,0
1158,0.97,0.03
1159,0.01,0.99
1160,0,1
1161,1,0
1162,0.6,0.4
1163,0.6,0.4
1164,0,1
1165,0,1
1166,1,0
1167,1,0
1168,0.59,0.41
1169,0.58,0.42
1170,1,0
1171,1,0
1172,1,0
1173,1,0
1174,1,0
1175,0,1
1176,1,0
1177,0.01,0.99
1178,1,0
1179,1,0
1180,0,1
1181,0,1
1182,1,0
1183,0,1
1184,0.01,0.99
1185,0.01,0.99
1186,1,0
1187,0.6,0.4
1188,1,0
1189,0,1
1190,1,0
1191,0.99,0.01
1192,0.59,0.41
1193,0,1
1194,0,1
1195,0.99,0.01
1196,0,1
1197,0.58,0.42
1198,0.02,0.98
1199,0,1
1200,0,1
1201,0.01,0.99
1202,1,0
1203,0,1
1204,0,1
1205,0,1
1206,0.61,0.39
1207,0.01,0.99
1208,1,0
1209,0,1
1210,0,1
1211,1,0
1212,0.01,0.99
1213,1,0
1214,1,0
1215,0,1
1216,1,0
1217,0.01,0.99
1218,0.01,0.99
1219,0,1
1220,0,1
1221,0,1
1222,0,1
1223,0,1
1224,1,0
1225,0.14,0.86
1226,0,1
1227,0.01,0.99
1228,1,0
1229,0,1
1230,0,1
1231,0,1
1232,0,1
1233,0.59,0.41
1234,0.59,0.41
1235,0.6,0.4
1236,0.6,0.4
1237,1,0
1238,1,0
1239,1,0
1240,1,0
1241,1,0
1242,1,0
1243,1,0
1244,0.02,0.98
1245,1,0
1246,0,1
1247,0.58,0.42
1248,0,1
1249,0,1
1250,0,1
1251,0.02,0.98
1252,0,1
1253,0.01,0.99
1254,0,1
1255,1,0
1256,0,1
1257,0,1
1258,0,1
1259,0,1
1260,0.93,0.07
1261,0,1
1262,0.99,0.01
1263,0.6,0.4
1264,0.99,0.01
1265,0.59,0.41
1266,0.57,0.43
1267,0,1
1268,0.92,0.08
1269,0,1
1270,0,1
1271,0.6,0.4
1272,0,1
1273,0,1
1274,0.59,0.41
1275,1,0
1276,0.99,0.01
1277,0,1
1278,0.11,0.89
1279,0,1
1280,0.01,0.99
1281,1,0
1282,1,0
1283,0,1
1284,0.01,0.99
1285,0.59,0.41
1286,0,1
1287,1,0
1288,0,1
1289,0.01,0.99
1290,1,0
1291,0.03,0.97
1292,1,0
1293,1,0
1294,1,0
1295,0,1
1296,0,1
1297,1,0
1298,1,0
1299,1,0
1300,0,1
1301,1,0
1302,1,0
1303,0,1
1304,0.01,0.99
1305,0,1
1306,0,1
1307,0,1
1308,1,0
1309,0,1
1310,1,0
1311,0.01,0.99
1312,1,0
1313,1,0
1314,0,1
1315,1,0
1316,0,1
1317,0,1
1318,0.01,0.99
1319,0,1
1320,0,1
1321,0,1
1322,0,1
1323,1,0
1324,0.99,0.01
1325,1,0
1326,0,1
1327,1,0
1328,1,0
1329,1,0
1330,0.01,0.99
1331,1,0
1332,0,1
1333,0,1
1334,0,1
1335,0,1
1336,1,0
1337,0,1
1338,1,0
1339,1,0
1340,0,1
1341,1,0
1342,0,1
1343,1,0
1344,1,0
1345,0,1
1346,0,1
1347,1,0
1348,0.6,0.4
1349,0,1
1350,0,1
1351,0,1
1352,0.99,0.01
1353,0.01,0.99
1354,0.01,0.99
1355,1,0
1356,0.6,0.4
1357,1,0
1358,0,1
1359,0.01,0.99
1360,0,1
1361,0,1
1362,0,1
1363,0,1
1364,1,0
1365,0,1
1366,0.58,0.42
1367,0,1
1368,1,0
1369,0.99,0.01
1370,0,1
1371,1,0
1372,1,0
1373,0,1
1374,0,1
1375,0.01,0.99
1376,0,1
1377,1,0
1378,0,1
1379,0,1
1380,0,1
1381,1,0
1382,0.01,0.99
1383,0,1
1384,1,0
1385,1,0
1386,0.59,0.41
1387,0.58,0.42
1388,0,1
1389,0,1
1390,1,0
1391,1,0
1392,0,1
1393,0,1
1394,0.59,0.41
1395,0.58,0.42
1396,0,1
1397,0.02,0.98
1398,0.6,0.4
1399,0,1
1400,0.01,0.99
1401,1,0
1402,0.02,0.98
1403,0,1
1404,0.59,0.41
1405,0,1
1406,0,1
1407,0,1
1408,0.99,0.01
1409,1,0
1410,0,1
1411,0,1
1412,1,0
1413,1,0
1414,1,0
1415,0.93,0.07
1416,0,1
1417,0,1
1418,0.99,0.01
1419,0,1
1420,0.02,0.98
1421,0,1
1422,1,0
1423,1,0
1424,0,1
1425,0,1
1426,0,1
1427,0,1
1428,1,0
1429,0,1
1430,0,1
1431,0,1
1432,0,1
1433,1,0
1434,0,1
1435,0,1
1436,0,1
1437,0.58,0.42
1438,0,1
1439,0,1
1440,0,1
1441,0,1
1442,1,0
1443,0,1
1444,1,0
1445,0,1
1446,0,1
1447,0,1
1448,0,1
1449,0.01,0.99
1450,0.59,0.41
1451,1,0
1452,0,1
1453,0,1
1454,1,0
1455,0.59,0.41
1456,0,1
1457,0.01,0.99
1458,0,1
1459,0.99,0.01
1460,0.01,0.99
1461,0.99,0.01
1462,0.58,0.42
1463,0,1
1464,0.01,0.99
1465,1,0
1466,0,1
1467,0.01,0.99
1468,0.59,0.41
1469,0,1
1470,0,1
1471,0.01,0.99
1472,0.01,0.99
1473,0.38,0.62
1474,0,1
1475,0,1
1476,0,1
1477,1,0
1478,0,1
1479,0.01,0.99
1480,0,1
1481,0,1
1482,0,1
1483,1,0
1484,0,1
1485,0.99,0.01
1486,1,0
1487,0,1
1488,0,1
1489,0,1
1490,0,1
1491,0,1
1492,0.99,0.01
1493,0,1
1494,0,1
1495,0.99,0.01
1496,0,1
1497,0,1
1498,1,0
1499,0,1
1500,0.59,0.41
1501,0.99,0.01
1502,1,0
1503,0,1
1504,0,1
1505,0,1
1506,0.6,0.4
1507,0,1
1508,0,1
1509,0.99,0.01
1510,0,1
1511,1,0
1512,0,1
1513,0,1
1514,0.01,0.99
1515,0,1
1516,0,1
1517,0,1
1518,0,1
1519,0.23,0.77
1520,0,1
1521,1,0
1522,0.58,0.42
1523,0,1
1524,0.99,0.01
1525,0.6,0.4
1526,0,1
1527,1,0
1528,0.01,0.99
1529,0,1
1530,0.59,0.41
1531,0,1
1532,0,1
1533,0.59,0.41
1534,1,0
1535,0,1
1536,1,0
1537,1,0
1538,0.01,0.99
1539,0,1
1540,0.61,0.39
1541,0,1
1542,1,0
1543,1,0
1544,0,1
1545,0,1
1546,0,1
1547,0.01,0.99
1548,0.15,0.85
1549,0,1
1550,1,0
1551,0,1
1552,1,0
1553,0,1
1554,0,1
1555,0,1
1556,1,0
1557,1,0
1558,0,1
1559,0.99,0.01
1560,0.02,0.98
1561,0.6,0.4
1562,1,0
1563,0.6,0.4
1564,0.99,0.01
1565,1,0
1566,1,0
1567,0,1
1568,0,1
1569,1,0
1570,0,1
1571,0,1
1572,1,0
1573,0,1
1574,0.01,0.99
1575,0,1
1576,0,1
1577,1,0
1578,1,0
1579,0.01,0.99
1580,0.01,0.99
1581,0.59,0.41
1582,0,1
1583,0.01,0.99
1584,1,0
1585,0.59,0.41
1586,1,0
1587,0,1
1588,0.59,0.41
1589,0,1
1590,0,1
1591,1,0
1592,0,1
1593,0,1
1594,0,1
1595,0.61,0.39
1596,0.01,0.99
1597,0.01,0.99
1598,0.58,0.42
1599,1,0
1600,0.58,0.42
1601,1,0
1602,0,1
1603,0,1
1604,0,1
1605,1,0
1606,1,0
1607,0,1
1608,0,1
1609,1,0
1610,0,1
1611,0,1
1612,0.58,0.42
1613,1,0
1614,0,1
1615,1,0
1616,0.01,0.99
1617,0,1
1618,0.01,0.99
1619,0,1
1620,1,0
1621,0,1
1622,1,0
1623,0.6,0.4
1624,0.01,0.99
1625,0.99,0.01
1626,0,1
1627,1,0
1628,0,1
1629,1,0
1630,0.6,0.4
1631,0,1
1632,0,1
1633,1,0
1634,0.6,0.4
1635,0,1
1636,0,1
1637,1,0
1638,0,1
1639,1,0
1640,0,1
1641,0,1
1642,0,1
1643,0,1
1644,0,1
1645,0.01,0.99
1646,0,1
1647,0,1
1648,0,1
1649,0,1
1650,1,0
1651,1,0
1652,0,1
1653,0.6,0.4
1654,0.59,0.41
1655,0,1
1656,0,1
1657,0.6,0.4
1658,0,1
1659,1,0
1660,1,0
1661,0,1
1662,0,1
1663,1,0
1664,0,1
1665,0,1
1666,0.55,0.45
1667,1,0
1668,1,0
1669,1,0
1670,0.58,0.42
1671,0.6,0.4
1672,0,1
1673,0.03,0.97
1674,1,0
1675,0,1
1676,0.59,0.41
1677,0.58,0.42
1678,0.01,0.99
1679,0,1
1680,1,0
1681,0,1
1682,0,1
1683,0.99,0.01
1684,0,1
1685,1,0
1686,0,1
1687,0,1
1688,0.99,0.01
1689,0,1
1690,1,0
1691,0,1
1692,1,0
1693,0.01,0.99
1694,1,0
1695,0,1
1696,0,1
1697,1,0
1698,1,0
1699,0,1
1700,0,1
1701,0,1
1702,0.92,0.08
1703,0.01,0.99
1704,0,1
1705,1,0
1706,0.59,0.41
1707,1,0
1708,0.6,0.4
1709,0.6,0.4
1710,1,0
1711,0,1
1712,0.99,0.01
1713,0.01,0.99
1714,0,1
1715,0,1
1716,0,1
1717,0,1
1718,0,1
1719,0,1
1720,0,1
1721,1,0
1722,1,0
1723,1,0
1724,1,0
1725,1,0
1726,0,1
1727,0.02,0.98
1728,0,1
1729,0,1
1730,0,1
1731,1,0
1732,1,0
1733,1,0
1734,0.57,0.43
1735,0.01,0.99
1736,0,1
1737,0,1
1738,0.01,0.99
1739,1,0
1740,0.6,0.4
1741,0,1
1742,0,1
1743,0,1
1744,1,0
1745,0,1
1746,0,1
1747,0,1
1748,0.01,0.99
1749,0.6,0.4
1750,1,0
1751,0.6,0.4
1752,0.14,0.86
1753,0,1
1754,0.99,0.01
1755,0.58,0.42
1756,0,1
1757,0,1
1758,1,0
1759,0.59,0.41
1760,0.99,0.01
1761,0,1
1762,0,1
1763,0.01,0.99
1764,1,0
1765,0.99,0.01
1766,0,1
1767,1,0
1768,0,1
1769,0,1
1770,1,0
1771,0,1
1772,0.99,0.01
1773,0.59,0.41
1774,0,1
1775,0,1
1776,0.99,0.01
1777,0,1
1778,0,1
1779,0,1
1780,1,0
1781,1,0
1782,0,1
1783,0,1
1784,1,0
1785,1,0
1786,0,1
1787,0.6,0.4
1788,0,1
1789,0,1
1790,0.02,0.98
1791,1,0
1792,0.59,0.41
1793,0,1
1794,1,0
1795,0,1
1796,0,1
1797,0,1
1798,0.6,0.4
1799,1,0
1800,0.01,0.99
1801,0.61,0.39
1802,0,1
1803,0,1
1804,0,1
1805,0.01,0.99
1806,0,1
1807,0,1
1808,0,1
1809,0,1
1810,1,0
1811,1,0
1812,0,1
1813,0.6,0.4
1814,0,1
1815,1,0
1816,1,0
1817,1,0
1818,0,1
1819,0.99,0.01
1820,0,1
1821,0,1
1822,1,0
1823,1,0
1824,0,1
1825,0.01,0.99
1826,0,1
1827,0,1
1828,0.01,0.99
1829,1,0
1830,0,1
1831,1,0
1832,1,0
1833,0,1
1834,0.08,0.92
1835,1,0
1836,0,1
1837,0,1
1838,1,0
1839,1,0
1840,0,1
1841,0,1
1842,1,0
1843,0,1
1844,1,0
1845,0,1
1846,1,0
1847,0,1
1848,0.99,0.01
1849,1,0
1850,0.99,0.01
1851,1,0
1852,0.58,0.42
1853,1,0
1854,0.61,0.39
1855,1,0
1856,0.61,0.39
1857,1,0
1858,0,1
1859,1,0
1860,0,1
1861,0,1
1862,0.6,0.4
1863,0,1
1864,0.22,0.78
1865,0,1
1866,0.99,0.01
1867,0.99,0.01
1868,1,0
1869,0,1
1870,0.61,0.39
1871,0,1
1872,1,0
1873,0.59,0.41
1874,0.99,0.01
1875,0,1
1876,0.01,0.99
1877,0.6,0.4
1878,0.59,0.41
1879,1,0
1880,0.99,0.01
1881,0.99,0.01
1882,0.99,0.01
1883,0.99,0.01
1884,0.61,0.39
1885,1,0
1886,0,1
1887,0.59,0.41
1888,1,0
1889,1,0
1890,0.6,0.4
1891,0,1
1892,0.59,0.41
1893,1,0
1894,0.58,0.42
1895,0,1
1896,1,0
1897,1,0
1898,0,1
1899,0,1
1900,0.58,0.42
1901,0.6,0.4
1902,0,1
1903,1,0
1904,1,0
1905,1,0
1906,0.14,0.86
1907,0,1
1908,1,0
1909,0,1
1910,1,0
1911,1,0
1912,0.91,0.09
1913,0.59,0.41
1914,0.59,0.41
1915,0.58,0.42
1916,0.99,0.01
1917,0,1
1918,0,1
1919,1,0
1920,0.61,0.39
1921,0,1
1922,0,1
1923,1,0
1924,0,1
1925,1,0
1926,1,0
1927,0.99,0.01
1928,0,1
1929,0,1
1930,0,1
1931,0,1
1932,0,1
1933,0,1
1934,0,1
1935,0,1
1936,0,1
1937,0,1
1938,0,1
1939,0,1
1940,0,1
1941,0,1
1942,1,0
1943,0,1
1944,1,0
1945,0,1
1946,0.99,0.01
1947,0,1
1948,1,0
1949,1,0
1950,0.97,0.03
1951,0.99,0.01
1952,0.59,0.41
1953,1,0
1954,0,1
1955,0,1
1956,0,1
1957,0,1
1958,1,0
1959,1,0
1960,0.58,0.42
1961,1,0
1962,1,0
1963,0,1
1964,0.01,0.99
1965,1,0
1966,0.59,0.41
1967,0,1
1968,0.01,0.99
1969,0.59,0.41
1970,0.01,0.99
1971,1,0
1972,0,1
1973,0.59,0.41
1974,0.01,0.99
1975,0.99,0.01
1976,1,0
1977,0,1
1978,0.6,0.4
1979,0,1
1980,0,1
1981,1,0
1982,1,0
1983,0.99,0.01
1984,0,1
1985,0,1
1986,1,0
1987,0,1
1988,0,1
1989,0.01,0.99
1990,0,1
1991,1,0
1992,0.58,0.42
1993,1,0
1994,0.6,0.4
1995,0.01,0.99
1996,0.99,0.01
1997,0.97,0.03
1998,0,1
1999,1,0
2000,1,0
2001,1,0
2002,0,1
2003,0,1
2004,1,0
2005,0,1
2006,0.58,0.42
2007,0.01,0.99
2008,0.01,0.99
2009,0.99,0.01
2010,0,1
2011,0,1
2012,1,0
2013,0,1
2014,0,1
2015,0,1
2016,1,0
2017,0,1
2018,0,1
2019,0,1
2020,1,0
2021,0,1
2022,0,1
2023,0.99,0.01
2024,0.99,0.01
2025,1,0
2026,0,1
2027,0.99,0.01
2028,0.01,0.99
2029,0,1
2030,0,1
2031,1,0
2032,0,1
2033,0,1
2034,0.99,0.01
2035,0,1
2036,1,0
2037,0.6,0.4
2038,0,1
2039,0,1
2040,0,1
2041,0.99,0.01
2042,0,1
2043,0,1
2044,1,0
2045,0,1
2046,0,1
2047,0,1
2048,0,1
2049,0,1
2050,1,0
2051,0,1
2052,0,1
2053,1,0
2054,0,1
2055,0,1
2056,0,1
2057,1,0
2058,0,1
2059,1,0
2060,0,1
2061,1,0
2062,0.59,0.41
2063,0,1
2064,0,1
2065,0,1
2066,0,1
2067,0,1
2068,0,1
2069,0.59,0.41
2070,0.6,0.4
2071,1,0
2072,1,0
2073,0,1
2074,0,1
2075,1,0
2076,0.02,0.98
2077,0,1
2078,1,0
2079,0,1
2080,0,1
2081,0,1
2082,0.03,0.97
2083,0,1
2084,1,0
2085,0.01,0.99
2086,0.99,0.01
2087,0,1
2088,0,1
2089,0.6,0.4
2090,0.6,0.4
2091,0,1
2092,1,0
2093,1,0
2094,0,1
2095,1,0
2096,0.6,0.4
2097,0.01,0.99
2098,0,1
2099,0.99,0.01
2100,0,1
2101,1,0
2102,0,1
2103,0.26,0.74
2104,0.99,0.01
2105,0,1
2106,0,1
2107,0.58,0.42
2108,0.01,0.99
2109,0,1
2110,0.01,0.99
2111,0.01,0.99
2112,0.59,0.41
2113,0.58,0.42
2114,1,0
2115,0.58,0.42
2116,0,1
2117,1,0
2118,0,1
2119,0,1
2120,1,0
2121,1,0
2122,0,1
2123,1,0
2124,0,1
2125,0,1
2126,1,0
2127,0.99,0.01
2128,0,1
2129,0,1
2130,1,0
2131,1,0
2132,1,0
2133,0.03,0.97
2134,0.99,0.01
2135,0,1
2136,0.59,0.41
2137,1,0
2138,0,1
2139,0,1
2140,0,1
2141,0,1
2142,0.59,0.41
2143,0.59,0.41
2144,1,0
2145,0,1
2146,1,0
2147,0,1
2148,0,1
2149,1,0
2150,0.01,0.99
2151,0,1
2152,1,0
2153,0.99,0.01
2154,1,0
2155,0,1
2156,1,0
2157,1,0
2158,0.99,0.01
2159,0,1
2160,1,0
2161,0,1
2162,1,0
2163,1,0
2164,0.14,0.86
2165,0,1
2166,0,1
2167,0,1
2168,0.59,0.41
2169,0.58,0.42
2170,0,1
2171,1,0
2172,0.01,0.99
2173,1,0
2174,0.99,0.01
2175,0,1
2176,1,0
2177,1,0
2178,0,1
2179,0,1
2180,0.99,0.01
2181,1,0
2182,1,0
2183,1,0
2184,1,0
2185,1,0
2186,0,1
2187,1,0
2188,1,0
2189,0,1
2190,1,0
2191,1,0
2192,1,0
2193,0,1
2194,0,1
2195,0,1
2196,1,0
2197,0,1
2198,0.59,0.41
2199,1,0
2200,0,1
2201,0,1
2202,0,1
2203,0,1
2204,0,1
2205,0.6,0.4
2206,1,0
2207,0,1
2208,0,1
2209,0.99,0.01
2210,0,1
2211,0.99,0.01
2212,0,1
2213,1,0
2214,0,1
2215,0,1
2216,0.61,0.39
2217,0,1
2218,1,0
2219,0,1
2220,0,1
2221,0.58,0.42
2222,0,1
2223,0,1
2224,0,1
2225,1,0
2226,0.59,0.41
2227,1,0
2228,1,0
2229,1,0
2230,0,1
2231,0,1
2232,0,1
2233,0,1
2234,0,1
2235,0,1
2236,0,1
2237,0,1
2238,1,0
2239,0,1
2240,0,1
2241,0,1
2242,0,1
2243,0,1
2244,1,0
2245,1,0
2246,0,1
2247,0,1
2248,0,1
2249,1,0
2250,0,1
2251,0,1
2252,0.01,0.99
2253,1,0
2254,0,1
2255,0,1
2256,0,1
2257,1,0
2258,0,1
2259,0.99,0.01
2260,0,1
2261,1,0
2262,0.99,0.01
2263,0,1
2264,0,1
2265,1,0
2266,0.61,0.39
2267,1,0
2268,0,1
2269,0,1
2270,0.6,0.4
2271,1,0
2272,0.01,0.99
2273,0,1
2274,0,1
2275,0,1
2276,0.59,0.41
2277,1,0
2278,1,0
2279,0,1
2280,0,1
2281,1,0
2282,0,1
2283,0,1
2284,0.59,0.41
2285,0,1
2286,0.61,0.39
2287,1,0
2288,1,0
2289,1,0
2290,1,0
2291,1,0
2292,0,1
2293,1,0
2294,1,0
2295,0,1
2296,1,0
2297,0.02,0.98
2298,0.59,0.41
2299,0,1
2300,0.01,0.99
2301,0,1
2302,0,1
2303,0,1
2304,0.59,0.41
2305,0,1
2306,1,0
2307,0,1
2308,0,1
2309,0.59,0.41
2310,1,0
2311,1,0
2312,1,0
2313,0.01,0.99
2314,0.87,0.13
2315,0.99,0.01
2316,0,1
2317,0.01,0.99
2318,0,1
2319,0.61,0.39
2320,1,0
2321,0,1
2322,1,0
2323,0.01,0.99
2324,0,1
2325,0.01,0.99
2326,0,1
2327,0.99,0.01
2328,0,1
2329,0.99,0.01
2330,0,1
2331,0.99,0.01
2332,1,0
2333,0.01,0.99
2334,0,1
2335,0,1
2336,0,1
2337,0,1
2338,0,1
2339,1,0
2340,1,0
2341,0,1
2342,0.01,0.99
2343,0,1
2344,0,1
2345,0.99,0.01
2346,0.01,0.99
2347,1,0
2348,1,0
2349,0,1
2350,0,1
2351,1,0
2352,0,1
2353,1,0
2354,0,1
2355,0,1
2356,0,1
2357,0.01,0.99
2358,0,1
2359,0,1
2360,0,1
2361,0,1
2362,0,1
2363,0,1
2364,0.99,0.01
2365,0.92,0.08
2366,1,0
2367,1,0
2368,0,1
2369,0,1
2370,1,0
2371,0,1
2372,0,1
2373,1,0
2374,1,0
2375,0,1
2376,0,1
2377,0,1
2378,0.61,0.39
2379,0,1
2380,1,0
2381,0,1
2382,0.58,0.42
2383,1,0
2384,0.92,0.08
2385,1,0
2386,0,1
2387,0,1
2388,0,1
2389,0.58,0.42
2390,0.99,0.01
2391,0.59,0.41
2392,1,0
2393,0,1
2394,0,1
2395,1,0
2396,0.01,0.99
2397,0,1
2398,1,0
2399,1,0
2400,0,1
2401,0.59,0.41
2402,0.59,0.41
2403,1,0
2404,0,1
2405,0.6,0.4
2406,0.01,0.99
2407,0,1
2408,1,0
2409,1,0
2410,1,0
2411,0.99,0.01
2412,1,0
2413,0,1
2414,0.01,0.99
2415,0,1
2416,0.99,0.01
2417,0.58,0.42
2418,0,1
2419,1,0
2420,0.01,0.99
2421,1,0
2422,0.12,0.88
2423,1,0
2424,0.58,0.42
2425,0.58,0.42
2426,0.99,0.01
2427,0,1
2428,0,1
2429,0,1
2430,1,0
2431,0,1
2432,0.99,0.01
2433,0.59,0.41
2434,0,1
2435,0,1
2436,0,1
2437,0.01,0.99
2438,1,0
2439,0.58,0.42
2440,1,0
2441,0,1
2442,0,1
2443,0.6,0.4
2444,0,1
2445,0,1
2446,1,0
2447,1,0
2448,0,1
2449,0.59,0.41
2450,0,1
2451,1,0
2452,0,1
2453,0,1
2454,0,1
2455,1,0
2456,0,1
2457,0.99,0.01
2458,1,0
2459,0,1
2460,0,1
2461,0,1
2462,0,1
2463,0,1
2464,1,0
2465,0,1
2466,0,1
2467,1,0
2468,0,1
2469,0.61,0.39
2470,1,0
2471,0,1
2472,0,1
2473,0,1
2474,0,1
2475,0.61,0.39
2476,0,1
2477,0,1
2478,0.58,0.42
2479,1,0
2480,0,1
2481,1,0
2482,1,0
2483,0.01,0.99
2484,0,1
2485,0,1
2486,1,0
2487,0,1
2488,1,0
2489,0.99,0.01
2490,0,1
2491,0,1
2492,0,1
2493,0,1
2494,0,1
2495,1,0
2496,0,1
2497,1,0
2498,0.58,0.42
2499,0.59,0.41
2500,1,0
2501,1,0
2502,0,1
2503,1,0
2504,0,1
2505,1,0
2506,0.99,0.01
2507,1,0
2508,0,1
2509,0,1
2510,0.92,0.08
2511,0.01,0.99
2512,0,1
2513,0,1
2514,1,0
2515,0,1
2516,1,0
2517,0.61,0.39
2518,0.92,0.08
2519,1,0
2520,0,1
2521,0,1
2522,1,0
2523,0,1
2524,1,0
2525,0,1
2526,1,0
2527,1,0
2528,0,1
2529,0.99,0.01
2530,0.01,0.99
2531,0.58,0.42
2532,0,1
2533,0,1
2534,0,1
2535,0,1
2536,0.59,0.41
2537,0,1
2538,0,1
2539,0.01,0.99
2540,0.58,0.42
2541,0,1
2542,0.59,0.41
2543,0,1
2544,0.99,0.01
2545,1,0
2546,1,0
2547,0.59,0.41
2548,0,1
2549,0,1
2550,0,1
2551,0.01,0.99
2552,0,1
2553,0,1
2554,0,1
2555,0.61,0.39
2556,0,1
2557,0.01,0.99
2558,0,1
2559,1,0
2560,0,1
2561,1,0
2562,1,0
2563,1,0
2564,1,0
2565,0.01,0.99
2566,0,1
2567,1,0
2568,1,0
2569,0.58,0.42
2570,0,1
2571,0,1
2572,0,1
2573,0.59,0.41
2574,0.99,0.01
2575,0,1
2576,0.59,0.41
2577,0,1
2578,0.92,0.08
2579,0,1
2580,0.6,0.4
2581,0,1
2582,1,0
2583,0.99,0.01
2584,0,1
2585,0,1
2586,1,0
2587,0.01,0.99
2588,0,1
2589,1,0
2590,0,1
2591,0.58,0.42
2592,0,1
2593,1,0
2594,0,1
2595,0,1
2596,0,1
2597,1,0
2598,1,0
2599,1,0
2600,0,1
2601,0,1
2602,0.91,0.09
2603,0.01,0.99
2604,0,1
2605,0,1
2606,1,0
2607,1,0
2608,1,0
2609,0,1
2610,0.01,0.99
2611,0,1
2612,0,1
2613,1,0
2614,0,1
2615,1,0
2616,1,0
2617,0.59,0.41
2618,0,1
2619,0.01,0.99
2620,0.01,0.99
2621,1,0
2622,0,1
2623,0.01,0.99
2624,1,0
2625,0.58,0.42
2626,0,1
2627,0.57,0.43
2628,1,0
2629,0,1
2630,0.5,0.5
2631,0,1
2632,0.59,0.41
2633,0.01,0.99
2634,0.99,0.01
2635,0,1
2636,0,1
2637,1,0
2638,0.01,0.99
2639,1,0
2640,0,1
2641,0,1
2642,1,0
2643,1,0
2644,0.01,0.99
2645,0.01,0.99
2646,0,1
2647,0,1
2648,0.59,0.41
2649,0,1
2650,1,0
2651,0,1
2652,0,1
2653,0,1
2654,1,0
2655,0,1
2656,0,1
2657,0,1
2658,0,1
2659,0,1
2660,0.99,0.01
2661,0,1
2662,0,1
2663,1,0
2664,0.01,0.99
2665,0.58,0.42
2666,1,0
2667,1,0
2668,0,1
2669,1,0
2670,1,0
2671,0,1
2672,1,0
2673,1,0
2674,0.99,0.01
2675,1,0
2676,0.59,0.41
2677,0.01,0.99
2678,1,0
2679,0.61,0.39
2680,0.58,0.42
2681,1,0
2682,1,0
2683,0.6,0.4
2684,0.59,0.41
2685,1,0
2686,1,0
2687,1,0
2688,0,1
2689,1,0
2690,0.59,0.41
2691,0,1
2692,0,1
2693,0.99,0.01
2694,1,0
2695,0.6,0.4
2696,0,1
2697,1,0
2698,0,1
2699,0,1
2700,0,1
2701,0,1
2702,1,0
2703,0,1
2704,0,1
2705,0,1
2706,0.99,0.01
2707,1,0
2708,0,1
2709,1,0
2710,0,1
2711,0.59,0.41
2712,0,1
2713,0,1
2714,0,1
2715,1,0
2716,1,0
2717,1,0
2718,0,1
2719,0,1
2720,0.61,0.39
2721,0,1
2722,0,1
2723,0.01,0.99
2724,1,0
2725,1,0
2726,0,1
2727,0,1
2728,0,1
2729,1,0
2730,0,1
2731,0,1
2732,0,1
2733,1,0
2734,1,0
2735,1,0
2736,0,1
2737,0,1
2738,1,0
2739,1,0
2740,0,1
2741,0,1
2742,0,1
2743,0,1
2744,0,1
2745,0.99,0.01
2746,1,0
2747,0,1
2748,0,1
2749,1,0
2750,0.58,0.42
2751,0,1
2752,0.6,0.4
2753,1,0
2754,1,0
2755,1,0
2756,0,1
2757,0,1
2758,1,0
2759,0,1
2760,1,0
2761,1,0
2762,0.61,0.39
2763,0,1
2764,0.59,0.41
2765,1,0
2766,0,1
2767,0,1
2768,0,1
2769,0,1
2770,1,0
2771,0.59,0.41
2772,1,0
2773,0,1
2774,0.59,0.41
2775,0,1
2776,1,0
2777,0,1
2778,0.6,0.4
2779,1,0
2780,0,1
2781,0,1
2782,0.93,0.07
2783,0.59,0.41
2784,1,0
2785,0,1
2786,0,1
2787,1,0
2788,0,1
2789,0,1
2790,0,1
2791,1,0
2792,1,0
2793,0.58,0.42
2794,0.99,0.01
2795,0,1
2796,0.99,0.01
2797,0.59,0.41
2798,0.58,0.42
2799,0,1
2800,0.59,0.41
2801,0.01,0.99
2802,0,1
2803,1,0
2804,0.99,0.01
2805,0,1
2806,0,1
2807,0.59,0.41
2808,1,0
2809,0.01,0.99
2810,0,1
2811,1,0
2812,0,1
2813,0,1
2814,0,1
2815,0.58,0.42
2816,0,1
2817,0.38,0.62
2818,0,1
2819,0,1
2820,1,0
2821,0.6,0.4
2822,1,0
2823,0,1
2824,0,1
2825,0,1
2826,0.01,0.99
2827,0.59,0.41
2828,0.58,0.42
2829,1,0
2830,0.6,0.4
2831,0,1
2832,0,1
2833,1,0
2834,0,1
2835,1,0
2836,0,1
2837,0,1
2838,1,0
2839,1,0
2840,0.58,0.42
2841,0,1
2842,1,0
2843,0.01,0.99
2844,1,0
2845,0.58,0.42
2846,0,1
2847,0,1
2848,1,0
2849,0,1
2850,0,1
2851,0,1
2852,0,1
2853,1,0
2854,0,1
2855,1,0
2856,0,1
2857,0.01,0.99
2858,0,1
2859,1,0
2860,0.59,0.41
2861,0.92,0.08
2862,0.6,0.4
2863,0.97,0.03
2864,0,1
2865,0,1
2866,0,1
2867,0,1
2868,0,1
2869,1,0
2870,1,0
2871,0,1
2872,1,0
2873,0.6,0.4
2874,0,1
2875,0,1
2876,0.99,0.01
2877,0.6,0.4
2878,0,1
2879,0,1
2880,0.14,0.86
2881,0.01,0.99
2882,0.01,0.99
2883,1,0
2884,0.99,0.01
2885,1,0
2886,0,1
2887,1,0
2888,1,0
2889,0.61,0.39
2890,0,1
2891,0,1
2892,0.01,0.99
2893,0.59,0.41
2894,0.99,0.01
2895,0,1
2896,1,0
2897,0,1
2898,0.02,0.98
2899,0.01,0.99
2900,0,1
2901,1,0
2902,1,0
2903,0,1
2904,0,1
2905,1,0
2906,0,1
2907,0,1
2908,0,1
2909,0,1
2910,0,1
2911,0.6,0.4
2912,0.05,0.95
2913,1,0
2914,0,1
2915,1,0
2916,1,0
2917,0,1
2918,0.6,0.4
2919,0.58,0.42
2920,0,1
2921,0.92,0.08
2922,0,1
2923,0,1
2924,0,1
2925,0,1
2926,0.61,0.39
2927,0,1
2928,0,1
2929,1,0
2930,0.59,0.41
2931,0.01,0.99
2932,0.01,0.99
2933,0,1
2934,0.59,0.41
2935,0,1
2936,1,0
2937,0.01,0.99
2938,0.6,0.4
2939,1,0
2940,0,1
2941,0.01,0.99
2942,1,0
2943,0,1
2944,1,0
2945,0,1
2946,1,0
2947,0.58,0.42
2948,0,1
2949,0,1
2950,0.59,0.41
2951,0,1
2952,0,1
2953,1,0
2954,0,1
2955,0,1
2956,0,1
2957,0,1
2958,1,0
2959,0,1
2960,0,1
2961,0.59,0.41
2962,1,0
2963,0,1
2964,0,1
2965,0,1
2966,0.58,0.42
2967,0.99,0.01
2968,1,0
2969,1,0
2970,0,1
2971,1,0
2972,0,1
2973,0,1
2974,0,1
2975,1,0
2976,0,1
2977,0,1
2978,0,1
2979,0,1
2980,1,0
2981,0,1
2982,1,0
2983,1,0
2984,0,1
2985,0,1
2986,1,0
2987,0,1
2988,1,0
2989,0,1
2990,0.6,0.4
2991,0.99,0.01
2992,1,0
2993,0.92,0.08
2994,0.93,0.07
2995,0,1
2996,0.6,0.4
2997,0,1
2998,0.6,0.4
2999,0.59,0.41
3000,1,0
3001,1,0
3002,0.01,0.99
3003,0.02,0.98
3004,1,0
3005,0,1
3006,0,1
3007,1,0
3008,0,1
3009,0,1
3010,0,1
3011,0,1
3012,0,1
3013,1,0
3014,0,1
3015,1,0
3016,0,1
3017,0.02,0.98
3018,0,1
3019,0.61,0.39
3020,0,1
3021,0,1
3022,0.6,0.4
3023,0,1
3024,0,1
3025,1,0
3026,0,1
3027,0.01,0.99
3028,0,1
3029,0,1
3030,1,0
3031,0,1
3032,0,1
3033,0,1
3034,1,0
3035,0,1
3036,0,1
3037,0.01,0.99
3038,1,0
3039,0.59,0.41
3040,0,1
3041,0.6,0.4
3042,1,0
3043,0,1
3044,0.01,0.99
3045,0.99,0.01
3046,0,1
3047,0.58,0.42
3048,0,1
3049,0,1
3050,1,0
3051,1,0
3052,0,1
3053,0,1
3054,0,1
3055,0.99,0.01
3056,1,0
3057,0,1
3058,0.01,0.99
3059,0,1
3060,0,1
3061,0,1
3062,0.79,0.21
3063,1,0
3064,1,0
3065,0,1
3066,0,1
3067,0,1
3068,0,1
3069,1,0
3070,0.01,0.99
3071,1,0
3072,0,1
3073,0.6,0.4
3074,0.01,0.99
3075,1,0
3076,0,1
3077,1,0
3078,0,1
3079,0,1
3080,0,1
3081,0.01,0.99
3082,0,1
3083,1,0
3084,0,1
3085,0,1
3086,1,0
3087,0,1
3088,1,0
3089,0.99,0.01
3090,0.58,0.42
3091,1,0
3092,0,1
3093,0.99,0.01
3094,0,1
3095,0.99,0.01
3096,1,0
3097,0.59,0.41
3098,0,1
3099,0,1
3100,0,1
3101,0,1
3102,0.7,0.3
3103,0.99,0.01
3104,1,0
3105,0,1
3106,1,0
3107,1,0
3108,1,0
3109,1,0
3110,0,1
3111,0,1
3112,0,1
3113,0,1
3114,0,1
3115,0,1
3116,0,1
3117,1,0
3118,0.99,0.01
3119,0,1
3120,0,1
3121,0.59,0.41
3122,1,0
3123,0,1
3124,1,0
3125,1,0
3126,0,1
3127,0,1
3128,0,1
3129,0,1
3130,0,1
3131,0.23,0.77
3132,0,1
3133,0,1
3134,0,1
3135,0.01,0.99
3136,0,1
3137,0,1
3138,0,1
3139,1,0
3140,1,0
3141,0,1
3142,1,0
3143,0,1
3144,0,1
3145,1,0
3146,1,0
3147,0,1
3148,0.01,0.99
3149,1,0
3150,0,1
3151,1,0
3152,0,1
3153,1,0
3154,0,1
3155,1,0
3156,1,0
3157,0,1
3158,0.99,0.01
3159,1,0
3160,0,1
3161,0.99,0.01
3162,0,1
3163,0.52,0.48
3164,0.02,0.98
3165,0,1
3166,0.14,0.86
3167,0,1
3168,0,1
3169,0.99,0.01
3170,0,1
3171,0,1
3172,0.59,0.41
3173,1,0
3174,0,1
3175,0.01,0.99
3176,1,0
3177,0,1
3178,0,1
3179,0,1
3180,0.59,0.41
3181,0,1
3182,0,1
3183,1,0
3184,0.59,0.41
3185,1,0
3186,1,0
3187,0,1
3188,0.14,0.86
3189,0.93,0.07
3190,0,1
3191,1,0
3192,0,1
3193,0,1
3194,1,0
3195,0.59,0.41
3196,0,1
3197,0.58,0.42
3198,0,1
3199,0.59,0.41
3200,1,0
3201,0,1
3202,0.6,0.4
3203,1,0
3204,0.99,0.01
3205,0.99,0.01
3206,0.99,0.01
3207,0,1
3208,0,1
3209,0,1
3210,0.01,0.99
3211,0.15,0.85
3212,0,1
3213,0.14,0.86
3214,0,1
3215,1,0
3216,0.01,0.99
3217,1,0
3218,0.01,0.99
3219,1,0
3220,0,1
3221,1,0
3222,0,1
3223,0.01,0.99
3224,0,1
3225,0.99,0.01
3226,0.99,0.01
3227,0.58,0.42
3228,1,0
3229,0.58,0.42
3230,0.6,0.4
3231,1,0
3232,1,0
3233,1,0
3234,1,0
3235,0,1
3236,1,0
3237,0.57,0.43
3238,1,0
3239,1,0
3240,0.61,0.39
3241,0.99,0.01
3242,0,1
3243,0.99,0.01
3244,0,1
3245,0,1
3246,1,0
3247,0,1
3248,0,1
3249,0.01,0.99
3250,0,1
3251,0,1
3252,1,0
3253,0.99,0.01
3254,0,1
3255,0.58,0.42
3256,0,1
3257,1,0
3258,0.99,0.01
3259,1,0
3260,0,1
3261,0.01,0.99
3262,0.82,0.18
3263,0,1
3264,0.99,0.01
3265,0.01,0.99
3266,1,0
3267,0.58,0.42
3268,0,1
3269,0.6,0.4
3270,1,0
3271,0.58,0.42
3272,1,0
3273,0.6,0.4
3274,0.58,0.42
3275,0,1
3276,1,0
3277,0,1
3278,0,1
3279,1,0
3280,0,1
3281,0,1
3282,0,1
3283,0,1
3284,0,1
3285,0,1
3286,1,0
3287,1,0
3288,0,1
3289,0.92,0.08
3290,1,0
3291,0,1
3292,0.93,0.07
3293,0,1
3294,0.99,0.01
3295,0,1
3296,0.61,0.39
3297,0,1
3298,0.01,0.99
3299,1,0
3300,1,0
3301,1,0
3302,1,0
3303,1,0
3304,1,0
3305,1,0
3306,1,0
3307,1,0
3308,0,1
3309,0,1
3310,0,1
3311,1,0
3312,0,1
3313,0,1
3314,1,0
3315,0,1
3316,0,1
3317,1,0
3318,0,1
3319,0,1
3320,0.15,0.85
3321,1,0
3322,1,0
3323,0.01,0.99
3324,1,0
3325,0,1
3326,0,1
3327,0,1
3328,0,1
3329,1,0
3330,0.99,0.01
3331,0,1
3332,1,0
3333,0,1
3334,0,1
3335,1,0
3336,0,1
3337,1,0
3338,1,0
3339,0,1
3340,0.99,0.01
3341,1,0
3342,0,1
3343,1,0
3344,0,1
3345,1,0
3346,1,0
3347,1,0
3348,1,0
3349,0,1
3350,0,1
3351,0.58,0.42
3352,0,1
3353,0,1
3354,1,0
3355,1,0
3356,0,1
3357,0,1
3358,0.59,0.41
3359,0,1
3360,0,1
3361,1,0
3362,0.59,0.41
3363,0,1
3364,1,0
3365,1,0
3366,0,1
3367,0.59,0.41
3368,1,0
3369,0.61,0.39
3370,0.58,0.42
3371,0,1
3372,1,0
3373,0,1
3374,1,0
3375,0,1
3376,1,0
3377,0,1
3378,0,1
3379,0,1
3380,1,0
3381,0,1
3382,1,0
3383,0.99,0.01
3384,0,1
3385,0.58,0.42
3386,1,0
3387,0,1
3388,0.6,0.4
3389,0,1
3390,0,1
3391,0.58,0.42
3392,0.61,0.39
3393,0,1
3394,0,1
3395,0.59,0.41
3396,0,1
3397,0,1
3398,1,0
3399,0,1
3400,0.61,0.39
3401,0,1
3402,0.6,0.4
3403,1,0
3404,0.59,0.41
3405,0,1
3406,0.22,0.78
3407,0.58,0.42
3408,0.59,0.41
3409,0.01,0.99
3410,0,1
3411,0,1
3412,0,1
3413,0,1
3414,0,1
3415,0,1
3416,0,1
3417,0,1
3418,0,1
3419,0.99,0.01
3420,1,0
3421,0.01,0.99
3422,0,1
3423,0.12,0.88
3424,0,1
3425,1,0
3426,0.01,0.99
3427,0.99,0.01
3428,0,1
3429,0.01,0.99
3430,0.01,0.99
3431,0,1
3432,0,1
3433,0,1
3434,1,0
3435,0.99,0.01
3436,1,0
3437,0,1
3438,1,0
3439,0,1
3440,1,0
3441,0,1
3442,1,0
3443,1,0
3444,1,0
3445,0,1
3446,0,1
3447,0,1
3448,1,0
3449,1,0
3450,0.59,0.41
3451,0,1
3452,0,1
3453,1,0
3454,1,0
3455,1,0
3456,0.6,0.4
3457,0,1
3458,0,1
3459,0,1
3460,0.58,0.42
3461,0,1
3462,0.99,0.01
3463,1,0
3464,0,1
3465,1,0
3466,0,1
3467,0,1
3468,1,0
3469,0.6,0.4
3470,1,0
3471,1,0
3472,0,1
3473,1,0
3474,0.92,0.08
3475,0,1
3476,0,1
3477,0.93,0.07
3478,1,0
3479,0,1
3480,1,0
3481,0.96,0.04
3482,1,0
3483,0,1
3484,0,1
3485,1,0
3486,0,1
3487,1,0
3488,0.59,0.41
3489,1,0
3490,0,1
3491,0,1
3492,0,1
3493,0,1
3494,0,1
3495,1,0
3496,0.99,0.01
3497,1,0
3498,0,1
3499,1,0
3500,0.02,0.98
3501,1,0
3502,1,0
3503,1,0
3504,0.01,0.99
3505,0,1
3506,0,1
3507,0.6,0.4
3508,0,1
3509,0,1
3510,0,1
3511,0,1
3512,0,1
3513,1,0
3514,1,0
3515,0,1
3516,0,1
3517,0,1
3518,0.99,0.01
3519,1,0
3520,0,1
3521,1,0
3522,0.59,0.41
3523,1,0
3524,0,1
3525,1,0
3526,1,0
3527,1,0
3528,0.02,0.98
3529,0,1
3530,0.01,0.99
3531,0,1
3532,0,1
3533,1,0
3534,0,1
3535,0,1
3536,0,1
3537,0,1
3538,0.99,0.01
3539,0,1
3540,1,0
3541,0,1
3542,1,0
3543,1,0
3544,0,1
3545,0,1
3546,0.99,0.01
3547,0.01,0.99
3548,0,1
3549,0,1
3550,1,0
3551,1,0
3552,0.14,0.86
3553,0,1
3554,1,0
3555,1,0
3556,0,1
3557,0,1
3558,0,1
3559,0,1
3560,0,1
3561,0.01,0.99
3562,1,0
3563,0,1
3564,0.61,0.39
3565,1,0
3566,0,1
3567,0,1
3568,0,1
3569,0,1
3570,1,0
3571,0,1
3572,0,1
3573,0,1
3574,0,1
3575,0,1
3576,1,0
3577,1,0
3578,0.59,0.41
3579,0.59,0.41
3580,0.01,0.99
3581,1,0
3582,0,1
3583,0,1
3584,0,1
3585,0,1
3586,1,0
3587,0.01,0.99
3588,0.01,0.99
3589,1,0
3590,0,1
3591,0,1
3592,1,0
3593,1,0
3594,0.59,0.41
3595,0,1
3596,0,1
3597,1,0
3598,0,1
3599,1,0
3600,0.59,0.41
3601,0.61,0.39
3602,0.99,0.01
3603,0,1
3604,0.59,0.41
3605,0,1
3606,0.99,0.01
3607,0,1
3608,1,0
3609,1,0
3610,0,1
3611,1,0
3612,1,0
3613,0.59,0.41
3614,0,1
3615,0,1
3616,0.01,0.99
3617,0,1
3618,0,1
3619,0,1
3620,1,0
3621,0.59,0.41
3622,1,0
3623,0.58,0.42
3624,0,1
3625,0.05,0.95
3626,0,1
3627,0.59,0.41
3628,1,0
3629,0,1
3630,0.99,0.01
3631,0,1
3632,0.83,0.17
3633,1,0
3634,0,1
3635,0,1
3636,0,1
3637,0,1
3638,0,1
3639,1,0
3640,0,1
3641,0.58,0.42
3642,0,1
3643,1,0
3644,0,1
3645,0.01,0.99
3646,0.99,0.01
3647,0,1
3648,0,1
3649,0,1
3650,0.01,0.99
3651,1,0
3652,0,1
3653,0.93,0.07
3654,1,0
3655,0,1
3656,0.01,0.99
3657,0,1
3658,0,1
3659,1,0
3660,0,1
3661,0,1
3662,1,0
3663,0.01,0.99
3664,0,1
3665,0,1
3666,0.99,0.01
3667,0.92,0.08
3668,1,0
3669,1,0
3670,1,0
3671,0,1
3672,0,1
3673,1,0
3674,1,0
3675,0,1
3676,0,1
3677,1,0
3678,0,1
3679,0.99,0.01
3680,0,1
3681,0.59,0.41
3682,1,0
3683,0,1
3684,0.6,0.4
3685,0,1
3686,0.99,0.01
3687,0,1
3688,0,1
3689,0,1
3690,0,1
3691,1,0
3692,0,1
3693,0.59,0.41
3694,0,1
3695,0,1
3696,1,0
3697,1,0
3698,0.01,0.99
3699,0,1
3700,0,1
3701,0,1
3702,0.01,0.99
3703,0,1
3704,1,0
3705,0,1
3706,0.58,0.42
3707,0.58,0.42
3708,0,1
3709,0,1
3710,1,0
3711,0.99,0.01
3712,0,1
3713,0,1
3714,0.01,0.99
3715,0,1
3716,0,1
3717,1,0
3718,0,1
3719,0,1
3720,0,1
3721,1,0
3722,0,1
3723,0,1
3724,0.59,0.41
3725,1,0
3726,1,0
3727,1,0
3728,1,0
3729,0,1
3730,0,1
3731,0,1
3732,1,0
3733,0.01,0.99
3734,0,1
3735,0,1
3736,0.01,0.99
3737,1,0
3738,0.99,0.01
3739,0.01,0.99
3740,1,0
3741,0,1
3742,1,0
3743,1,0
3744,0,1
3745,0,1
3746,0.99,0.01
3747,0,1
3748,1,0
3749,0.58,0.42
3750,0,1
3751,1,0
3752,1,0
3753,0.01,0.99
3754,0,1
3755,1,0
3756,0.99,0.01
3757,0.6,0.4
3758,0,1
3759,1,0
3760,0.01,0.99
3761,1,0
3762,0.01,0.99
3763,1,0
3764,0,1
3765,0.01,0.99
3766,0,1
3767,0,1
3768,0,1
3769,1,0
3770,0,1
3771,1,0
3772,0.01,0.99
3773,0,1
3774,1,0
3775,0,1
3776,0,1
3777,0.59,0.41
3778,0.99,0.01
3779,1,0
3780,0.01,0.99
3781,0,1
3782,0,1
3783,0.01,0.99
3784,0,1
3785,1,0
3786,1,0
3787,0,1
3788,0,1
3789,0,1
3790,0.23,0.77
3791,0.01,0.99
3792,0,1
3793,1,0
3794,1,0
3795,0,1
3796,1,0
3797,0,1
3798,0.08,0.92
3799,0.01,0.99
3800,0,1
3801,0,1
3802,0.59,0.41
3803,1,0
3804,0,1
3805,0,1
3806,0,1
3807,0,1
3808,1,0
3809,1,0
3810,0,1
3811,0.59,0.41
3812,0.58,0.42
3813,0,1
3814,1,0
3815,0,1
3816,0,1
3817,0,1
3818,0,1
3819,1,0
3820,0,1
3821,1,0
3822,0.93,0.07
3823,0,1
3824,1,0
3825,1,0
3826,0,1
3827,0,1
3828,1,0
3829,0,1
3830,1,0
3831,0,1
3832,0,1
3833,0.01,0.99
3834,1,0
3835,0.15,0.85
3836,0,1
3837,1,0
3838,0,1
3839,1,0
3840,1,0
3841,1,0
3842,0,1
3843,0.01,0.99
3844,1,0
3845,1,0
3846,0.58,0.42
3847,0,1
3848,0,1
3849,0,1
3850,0,1
3851,0.61,0.39
3852,0,1
3853,0.02,0.98
3854,0,1
3855,0,1
3856,0.59,0.41
3857,0,1
3858,1,0
3859,0,1
3860,0,1
3861,0.6,0.4
3862,0,1
3863,0,1
3864,0,1
3865,0.99,0.01
3866,0,1
3867,0,1
3868,0,1
3869,0,1
3870,0,1
3871,0.61,0.39
3872,0,1
3873,0,1
3874,0,1
3875,0,1
3876,0,1
3877,0,1
3878,0.01,0.99
3879,1,0
3880,0,1
3881,0,1
3882,0,1
3883,1,0
3884,0,1
3885,0,1
3886,0.01,0.99
3887,0,1
3888,0,1
3889,0,1
3890,1,0
3891,0,1
3892,0.01,0.99
3893,0,1
3894,1,0
3895,0,1
3896,0,1
3897,0,1
3898,0,1
3899,1,0
3900,0,1
3901,0,1
3902,0.59,0.41
3903,0,1
3904,0,1
3905,1,0
3906,0,1
3907,0.58,0.42
3908,0.99,0.01
3909,0,1
3910,1,0
3911,0,1
3912,1,0
3913,0.01,0.99
3914,1,0
3915,0,1
3916,0,1
3917,0,1
3918,0.61,0.39
3919,0.93,0.07
3920,0.59,0.41
3921,0.99,0.01
3922,1,0
3923,0,1
3924,0,1
3925,0.01,0.99
3926,0,1
3927,0.01,0.99
3928,0,1
3929,1,0
3930,1,0
3931,1,0
3932,1,0
3933,0,1
3934,1,0
3935,1,0
3936,1,0
3937,1,0
3938,0,1
3939,0.59,0.41
3940,1,0
3941,1,0
3942,0,1
3943,1,0
3944,0.99,0.01
3945,1,0
3946,1,0
3947,1,0
3948,0.99,0.01
3949,0.59,0.41
3950,0,1
3951,0,1
3952,0,1
3953,1,0
3954,0,1
3955,0,1
3956,0.58,0.42
3957,0,1
3958,1,0
3959,1,0
3960,0,1
3961,0,1
3962,0.02,0.98
3963,0,1
3964,0,1
3965,0,1
3966,1,0
3967,0,1
3968,0.98,0.02
3969,0,1
3970,0.99,0.01
3971,1,0
3972,0.99,0.01
3973,1,0
3974,0,1
3975,0,1
3976,0,1
3977,1,0
3978,0,1
3979,0,1
3980,0,1
3981,1,0
3982,0,1
3983,0,1
3984,1,0
3985,1,0
3986,0.59,0.41
3987,0,1
3988,0,1
3989,1,0
3990,0,1
3991,1,0
3992,0.99,0.01
3993,1,0
3994,0,1
3995,0,1
3996,0.59,0.41
3997,0,1
3998,0,1
3999,1,0
4000,1,0
4001,1,0
4002,0.99,0.01
4003,0,1
4004,1,0
4005,1,0
4006,0,1
4007,1,0
4008,0.99,0.01
4009,0.79,0.21
4010,0,1
4011,0.03,0.97
4012,1,0
4013,0,1
4014,1,0
4015,1,0
4016,0.59,0.41
4017,0.59,0.41
4018,0.93,0.07
4019,1,0
4020,0.6,0.4
4021,0,1
4022,0,1
4023,0.99,0.01
4024,0.01,0.99
4025,1,0
4026,0,1
4027,0.58,0.42
4028,0,1
4029,0.01,0.99
4030,0,1
4031,0,1
4032,1,0
4033,0,1
4034,1,0
4035,1,0
4036,0,1
4037,0,1
4038,0,1
4039,0.02,0.98
4040,0.01,0.99
4041,1,0
4042,1,0
4043,0,1
4044,0.99,0.01
4045,0.01,0.99
4046,1,0
4047,0,1
4048,1,0
4049,0.59,0.41
4050,0,1
4051,0,1
4052,0,1
4053,1,0
4054,1,0
4055,0,1
4056,0,1
4057,0,1
4058,0.59,0.41
4059,0,1
4060,0.99,0.01
4061,0,1
4062,0.6,0.4
4063,0,1
4064,0.58,0.42
4065,1,0
4066,1,0
4067,0.01,0.99
4068,1,0
4069,0.99,0.01
4070,0,1
4071,1,0
4072,0,1
4073,1,0
4074,0,1
4075,0,1
4076,0,1
4077,1,0
4078,0,1
4079,0,1
4080,0.59,0.41
4081,0.01,0.99
4082,1,0
4083,0.99,0.01
4084,0,1
4085,1,0
4086,0,1
4087,0,1
4088,0.01,0.99
4089,0,1
4090,0,1
4091,0.99,0.01
4092,0.58,0.42
4093,0.58,0.42
4094,0,1
4095,0,1
4096,0,1
4097,0.59,0.41
4098,0,1
4099,0,1
4100,0,1
4101,1,0
4102,0,1
4103,0,1
4104,0,1
4105,0.58,0.42
4106,0,1
4107,1,0
4108,0,1
4109,0.59,0.41
4110,0,1
4111,0,1
4112,0,1
4113,0,1
4114,0,1
4115,0,1
4116,0.61,0.39
4117,0.59,0.41
4118,0.59,0.41
4119,0,1
4120,1,0
4121,1,0
4122,1,0
4123,0.61,0.39
4124,0,1
4125,0,1
4126,0.58,0.42
4127,0,1
4128,0,1
4129,1,0
4130,0,1
4131,0,1
4132,0,1
4133,0,1
4134,1,0
4135,0,1
4136,1,0
4137,1,0
4138,1,0
4139,1,0
4140,0,1
4141,0,1
4142,1,0
4143,1,0
4144,0,1
4145,0.99,0.01
4146,0,1
4147,0,1
4148,0,1
4149,1,0
4150,0,1
4151,0.58,0.42
4152,1,0
4153,0.58,0.42
4154,1,0
4155,0,1
4156,1,0
4157,0,1
4158,0,1
4159,0,1
4160,0,1
4161,1,0
4162,1,0
4163,0.59,0.41
4164,1,0
4165,0,1
4166,0.59,0.41
4167,0,1
4168,1,0
4169,1,0
4170,0.58,0.42
4171,0.01,0.99
4172,0.58,0.42
4173,0.91,0.09
4174,0.6,0.4
4175,1,0
4176,1,0
4177,0.99,0.01
4178,0,1
4179,0.59,0.41
4180,1,0
4181,0,1
4182,0,1
4183,0,1
4184,0.99,0.01
4185,0,1
4186,0,1
4187,0,1
4188,0,1
4189,1,0
4190,0,1
4191,1,0
4192,1,0
4193,0,1
4194,1,0
4195,0,1
4196,0,1
4197,0,1
4198,0,1
4199,0,1
4200,1,0
4201,1,0
4202,1,0
4203,0,1
4204,0.99,0.01
4205,0.6,0.4
4206,0,1
4207,0,1
4208,0,1
4209,0,1
4210,0.99,0.01
4211,0,1
4212,0,1
4213,0.93,0.07
4214,0,1
4215,0.6,0.4
4216,0.14,0.86
4217,0,1
4218,1,0
4219,0,1
4220,0,1
4221,1,0
4222,0,1
4223,0,1
4224,0,1
4225,0.59,0.41
4226,1,0
4227,0.93,0.07
4228,0.59,0.41
4229,1,0
4230,0.99,0.01
4231,0,1
4232,1,0
4233,1,0
4234,0,1
4235,0,1
4236,0.01,0.99
4237,0,1
4238,0.58,0.42
4239,1,0
4240,1,0
4241,0.01,0.99
4242,1,0
4243,0,1
4244,1,0
4245,0.01,0.99
4246,0,1
4247,0.01,0.99
4248,0,1
4249,0,1
4250,1,0
4251,0,1
4252,0,1
4253,0,1
4254,0,1
4255,1,0
4256,1,0
4257,0,1
4258,0,1
4259,0,1
4260,0,1
4261,0,1
4262,0.6,0.4
4263,0,1
4264,0.01,0.99
4265,0,1
4266,0.61,0.39
4267,0,1
4268,0.01,0.99
4269,0,1
4270,1,0
4271,0,1
4272,0.59,0.41
4273,0.01,0.99
4274,0,1
4275,0,1
4276,0.6,0.4
4277,0,1
4278,1,0
4279,0.61,0.39
4280,0.58,0.42
4281,1,0
4282,0,1
4283,1,0
4284,0,1
4285,0,1
4286,0,1
4287,0,1
4288,0,1
4289,0,1
4290,0,1
4291,1,0
4292,0.99,0.01
4293,0.59,0.41
4294,0,1
4295,0,1
4296,1,0
4297,0,1
4298,0,1
4299,0,1
4300,0,1
4301,0,1
4302,0,1
4303,0,1
4304,0.01,0.99
4305,0,1
4306,0,1
4307,0,1
4308,0.02,0.98
4309,1,0
4310,1,0
4311,0.99,0.01
4312,0,1
4313,1,0
4314,1,0
4315,0,1
4316,0,1
4317,0.6,0.4
4318,0,1
4319,0.99,0.01
4320,1,0
4321,1,0
4322,1,0
4323,0,1
4324,0.59,0.41
4325,0,1
4326,0,1
4327,0,1
4328,0.58,0.42
4329,0.59,0.41
4330,1,0
4331,1,0
4332,0,1
4333,0,1
4334,0,1
4335,0,1
4336,1,0
4337,0,1
4338,0,1
4339,0,1
4340,1,0
4341,0,1
4342,0.6,0.4
4343,1,0
4344,0,1
4345,0.61,0.39
4346,1,0
4347,1,0
4348,0.91,0.09
4349,0.58,0.42
4350,0,1
4351,0,1
4352,0,1
4353,0,1
4354,0.6,0.4
4355,0.59,0.41
4356,1,0
4357,1,0
4358,0,1
4359,0,1
4360,1,0
4361,0.6,0.4
4362,1,0
4363,1,0
4364,0,1
4365,0,1
4366,0,1
4367,0.59,0.41
4368,1,0
4369,1,0
4370,1,0
4371,0.01,0.99
4372,1,0
4373,0.01,0.99
4374,0,1
4375,0,1
4376,0.14,0.86
4377,0,1
4378,0,1
4379,0,1
4380,1,0
4381,0,1
4382,0.99,0.01
4383,1,0
4384,0.58,0.42
4385,1,0
4386,0.61,0.39
4387,0,1
4388,0,1
4389,0,1
4390,1,0
4391,1,0
4392,1,0
4393,0.6,0.4
4394,1,0
4395,0,1
4396,0,1
4397,0,1
4398,0,1
4399,0,1
4400,0,1
4401,0,1
4402,1,0
4403,0.03,0.97
4404,0,1
4405,0.01,0.99
4406,0.01,0.99
4407,1,0
4408,0.13,0.87
4409,0.01,0.99
4410,0,1
4411,1,0
4412,0.58,0.42
4413,0.01,0.99
4414,0,1
4415,1,0
4416,0,1
4417,0.58,0.42
4418,0,1
4419,0,1
4420,0,1
4421,0,1
4422,0.6,0.4
4423,1,0
4424,1,0
4425,0,1
4426,0.01,0.99
4427,0,1
4428,0,1
4429,1,0
4430,1,0
4431,0,1
4432,1,0
4433,0.99,0.01
4434,0,1
4435,0.01,0.99
4436,1,0
4437,0,1
4438,0,1
4439,0.01,0.99
4440,0,1
4441,0,1
4442,0.57,0.43
4443,0,1
4444,0.99,0.01
4445,0,1
4446,0,1
4447,0.99,0.01
4448,0.59,0.41
4449,1,0
4450,0,1
4451,1,0
4452,0,1
4453,1,0
4454,0,1
4455,0,1
4456,1,0
4457,0,1
4458,0,1
4459,1,0
4460,0.6,0.4
4461,0,1
4462,0,1
4463,1,0
4464,0,1
4465,0,1
4466,1,0
4467,0.01,0.99
4468,1,0
4469,0.59,0.41
4470,0,1
4471,1,0
4472,0,1
4473,0,1
4474,1,0
4475,0,1
4476,0.59,0.41
4477,0.6,0.4
4478,1,0
4479,0,1
4480,1,0
4481,0,1
4482,1,0
4483,0,1
4484,0.99,0.01
4485,0,1
4486,1,0
4487,0,1
4488,0,1
4489,1,0
4490,0.99,0.01
4491,0,1
4492,0,1
4493,0,1
4494,0.01,0.99
4495,0.58,0.42
4496,1,0
4497,1,0
4498,1,0
4499,0.59,0.41
4500,0,1
4501,0,1
4502,0,1
4503,0.01,0.99
4504,1,0
4505,1,0
4506,0,1
4507,0.01,0.99
4508,0.99,0.01
4509,0,1
4510,0,1
4511,0,1
4512,1,0
4513,0.83,0.17
4514,0,1
4515,1,0
4516,0,1
4517,1,0
4518,0,1
4519,1,0
4520,1,0
4521,0.59,0.41
4522,0,1
4523,0.99,0.01
4524,0,1
4525,0.59,0.41
4526,1,0
4527,0.01,0.99
4528,1,0
4529,0,1
4530,0,1
4531,0,1
4532,0.6,0.4
4533,0.01,0.99
4534,0.14,0.86
4535,1,0
4536,0.01,0.99
4537,0,1
4538,0,1
4539,0,1
4540,1,0
4541,0,1
4542,0,1
4543,1,0
4544,0,1
4545,0,1
4546,1,0
4547,1,0
4548,1,0
4549,1,0
4550,1,0
4551,0,1
4552,0.99,0.01
4553,1,0
4554,1,0
4555,0.01,0.99
4556,0,1
4557,1,0
4558,0,1
4559,0.59,0.41
4560,1,0
4561,0,1
4562,0,1
4563,1,0
4564,1,0
4565,0,1
4566,0,1
4567,0,1
4568,0.59,0.41
4569,1,0
4570,0,1
4571,0.02,0.98
4572,0,1
4573,1,0
4574,0,1
4575,1,0
4576,0,1
4577,0.14,0.86
4578,1,0
4579,1,0
4580,1,0
4581,1,0
4582,0,1
4583,0.02,0.98
4584,1,0
4585,0,1
4586,0,1
4587,0,1
4588,1,0
4589,0,1
4590,1,0
4591,1,0
4592,0,1
4593,0.61,0.39
4594,0,1
4595,0,1
4596,1,0
4597,0,1
4598,0,1
4599,0.01,0.99
4600,1,0
4601,0.6,0.4
4602,0,1
4603,1,0
4604,1,0
4605,0,1
4606,0.01,0.99
4607,0,1
4608,0.99,0.01
4609,1,0
4610,1,0
4611,1,0
4612,0.59,0.41
4613,0,1
4614,0.99,0.01
4615,0,1
4616,1,0
4617,0.01,0.99
4618,0.99,0.01
4619,0,1
4620,0,1
4621,1,0
4622,0.14,0.86
4623,0,1
4624,1,0
4625,0.59,0.41
4626,0.99,0.01
4627,0,1
4628,0,1
4629,0,1
4630,0.6,0.4
4631,0,1
4632,0,1
4633,1,0
4634,0.01,0.99
4635,1,0
4636,0,1
4637,0.61,0.39
4638,1,0
4639,1,0
4640,1,0
4641,0,1
4642,0,1
4643,1,0
4644,1,0
4645,0,1
4646,0,1
4647,0,1
4648,0.6,0.4
4649,0.6,0.4
4650,0,1
4651,0,1
4652,0,1
4653,1,0
4654,1,0
4655,0.01,0.99
4656,1,0
4657,1,0
4658,0,1
4659,1,0
4660,0,1
4661,1,0
4662,0.99,0.01
4663,0.59,0.41
4664,0,1
4665,1,0
4666,0,1
4667,0,1
4668,0.02,0.98
4669,1,0
4670,1,0
4671,0.14,0.86
4672,1,0
4673,0,1
4674,1,0
4675,0.58,0.42
4676,1,0
4677,0,1
4678,0.58,0.42
4679,0.99,0.01
4680,0,1
4681,0,1
4682,0,1
4683,0.99,0.01
4684,0,1
4685,0,1
4686,1,0
4687,0,1
4688,0,1
4689,0,1
4690,0.59,0.41
4691,1,0
4692,0,1
4693,1,0
4694,0.69,0.31
4695,1,0
4696,0.58,0.42
4697,0,1
4698,1,0
4699,0,1
4700,1,0
4701,1,0
4702,0,1
4703,0,1
4704,0,1
4705,0,1
4706,1,0
4707,0.59,0.41
4708,1,0
4709,0,1
4710,0,1
4711,0,1
4712,0,1
4713,0,1
4714,0,1
4715,1,0
4716,1,0
4717,1,0
4718,0,1
4719,0,1
4720,0,1
4721,1,0
4722,0,1
4723,1,0
4724,1,0
4725,0,1
4726,0.15,0.85
4727,0.6,0.4
4728,0,1
4729,1,0
4730,0,1
4731,1,0
4732,0.01,0.99
4733,0,1
4734,0,1
4735,0,1
4736,0,1
4737,1,0
4738,1,0
4739,0,1
4740,1,0
4741,0.99,0.01
4742,0,1
4743,0.99,0.01
4744,0,1
4745,1,0
4746,0.01,0.99
4747,0,1
4748,0.99,0.01
4749,0,1
4750,1,0
4751,0,1
4752,0,1
4753,0,1
4754,1,0
4755,0,1
4756,0,1
4757,0,1
4758,0.01,0.99
4759,0,1
4760,0,1
4761,1,0
4762,1,0
4763,1,0
4764,0.59,0.41
4765,0,1
4766,1,0
4767,0,1
4768,0.99,0.01
4769,0,1
4770,0,1
4771,1,0
4772,0,1
4773,1,0
4774,1,0
4775,0,1
4776,0,1
4777,0,1
4778,0,1
4779,1,0
4780,0.01,0.99
4781,1,0
4782,1,0
4783,0.59,0.41
4784,0.01,0.99
4785,0,1
4786,0,1
4787,0,1
4788,1,0
4789,1,0
4790,0,1
4791,1,0
4792,0,1
4793,0,1
4794,0,1
4795,1,0
4796,0,1
4797,0.01,0.99
4798,0.58,0.42
4799,1,0
4800,0,1
4801,0,1
4802,1,0
4803,0,1
4804,0,1
4805,0,1
4806,1,0
4807,0.75,0.25
4808,0.58,0.42
4809,0.99,0.01
4810,0,1
4811,0.99,0.01
4812,1,0
4813,1,0
4814,0.6,0.4
4815,0.58,0.42
4816,1,0
4817,0,1
4818,1,0
4819,1,0
4820,0.59,0.41
4821,1,0
4822,0,1
4823,1,0
4824,0,1
4825,1,0
4826,0.58,0.42
4827,0,1
4828,1,0
4829,0,1
4830,1,0
4831,0,1
4832,1,0
4833,0,1
4834,0.59,0.41
4835,1,0
4836,0.6,0.4
4837,0,1
4838,1,0
4839,0,1
4840,1,0
4841,0,1
4842,0,1
4843,0.93,0.07
4844,0,1
4845,0,1
4846,1,0
4847,0.99,0.01
4848,0.6,0.4
4849,0.58,0.42
4850,1,0
4851,1,0
4852,0,1
4853,0.59,0.41
4854,1,0
4855,0.01,0.99
4856,1,0
4857,0,1
4858,0,1
4859,0,1
4860,0,1
4861,0.99,0.01
4862,0,1
4863,0,1
4864,0,1
4865,0.6,0.4
4866,0,1
4867,1,0
4868,0,1
4869,0,1
4870,0.59,0.41
4871,0,1
4872,0.99,0.01
4873,0,1
4874,0.99,0.01
4875,1,0
4876,0.6,0.4
4877,0.01,0.99
4878,1,0
4879,0,1
4880,0.01,0.99
4881,0,1
4882,1,0
4883,0,1
4884,0.01,0.99
4885,1,0
4886,1,0
4887,1,0
4888,0.99,0.01
4889,1,0
4890,0.59,0.41
4891,0,1
4892,0,1
4893,0.99,0.01
4894,0.58,0.42
4895,1,0
4896,0,1
4897,0.59,0.41
4898,0,1
4899,1,0
4900,0,1
4901,1,0
4902,0,1
4903,0,1
4904,1,0
4905,1,0
4906,0,1
4907,1,0
4908,0,1
4909,0.59,0.41
4910,0,1
4911,0,1
4912,0,1
4913,0,1
4914,0.14,0.86
4915,0,1
4916,0,1
4917,0,1
4918,1,0
4919,0,1
4920,0.6,0.4
4921,0,1
4922,0,1
4923,0,1
4924,0,1
4925,1,0
4926,0.92,0.08
4927,0.59,0.41
4928,0,1
4929,0.14,0.86
4930,0,1
4931,1,0
4932,0,1
4933,0,1
4934,0.59,0.41
4935,0,1
4936,0,1
4937,1,0
4938,0.01,0.99
4939,1,0
4940,1,0
4941,0,1
4942,0,1
4943,0,1
4944,1,0
4945,0,1
4946,1,0
4947,0.61,0.39
4948,0.16,0.84
4949,0,1
4950,1,0
4951,1,0
4952,1,0
4953,1,0
4954,0,1
4955,0,1
4956,0.6,0.4
4957,1,0
4958,1,0
4959,0,1
4960,1,0
4961,0,1
4962,1,0
4963,0,1
4964,0,1
4965,1,0
4966,1,0
4967,0,1
4968,1,0
4969,0,1
4970,0,1
4971,0.59,0.41
4972,0,1
4973,0,1
4974,0,1
4975,0,1
4976,0.99,0.01
4977,1,0
4978,0,1
4979,0.92,0.08
4980,0,1
4981,0.59,0.41
4982,1,0
4983,0.59,0.41
4984,1,0
4985,0.99,0.01
4986,1,0
4987,0,1
4988,0,1
4989,0,1
4990,1,0
4991,0.99,0.01
4992,0,1
4993,1,0
4994,0,1
4995,1,0
4996,0,1
4997,0.99,0.01
4998,1,0
4999,0.58,0.42
5000,0,1
5001,0,1
5002,0.01,0.99
5003,0,1
5004,0.15,0.85
5005,0,1
5006,0.59,0.41
5007,0.61,0.39
5008,0,1
5009,0,1
5010,1,0
5011,0,1
5012,0,1
5013,1,0
5014,0.58,0.42
5015,0,1
5016,1,0
5017,1,0
5018,0,1
5019,0,1
5020,0,1
5021,0,1
5022,1,0
5023,0,1
5024,1,0
5025,0,1
5026,0.59,0.41
5027,1,0
5028,0.99,0.01
5029,0,1
5030,1,0
5031,0,1
5032,0,1
5033,0,1
5034,0,1
5035,0,1
5036,1,0
5037,1,0
5038,0.6,0.4
5039,1,0
5040,0,1
5041,1,0
5042,0,1
5043,0.01,0.99
5044,0,1
5045,1,0
5046,1,0
5047,0,1
5048,0.59,0.41
5049,0,1
5050,0,1
5051,0,1
5052,0,1
5053,0,1
5054,0,1
5055,1,0
5056,0,1
5057,0,1
5058,0,1
5059,0,1
5060,0,1
5061,0,1
5062,0.6,0.4
5063,0.92,0.08
5064,0.59,0.41
5065,0,1
5066,1,0
5067,1,0
5068,1,0
5069,0.01,0.99
5070,0,1
5071,1,0
5072,0,1
5073,0,1
5074,1,0
5075,1,0
5076,0.59,0.41
5077,0,1
5078,0.6,0.4
5079,1,0
5080,1,0
5081,0.6,0.4
5082,0,1
5083,1,0
5084,0,1
5085,0.21,0.79
5086,0,1
5087,1,0
5088,0,1
5089,1,0
5090,0,1
5091,0.61,0.39
5092,0,1
5093,0.59,0.41
5094,0,1
5095,0,1
5096,0,1
5097,0.59,0.41
5098,1,0
5099,0.6,0.4
5100,0,1
5101,0,1
5102,0,1
5103,0,1
5104,0.6,0.4
5105,0,1
5106,0,1
5107,0.99,0.01
5108,0.6,0.4
5109,0.6,0.4
5110,1,0
5111,0,1
5112,0,1
5113,0.92,0.08
5114,0,1
5115,0,1
5116,0,1
5117,0,1
5118,0,1
5119,0,1
5120,0,1
5121,0.03,0.97
5122,0,1
5123,0.01,0.99
5124,0.99,0.01
5125,0,1
5126,0,1
5127,0.02,0.98
5128,0,1
5129,1,0
5130,0,1
5131,0.59,0.41
5132,1,0
5133,0,1
5134,0.59,0.41
5135,1,0
5136,0,1
5137,0,1
5138,0.58,0.42
5139,0,1
5140,0,1
5141,1,0
5142,1,0
5143,1,0
5144,0,1
5145,0,1
5146,1,0
5147,0,1
5148,0,1
5149,1,0
5150,1,0
5151,1,0
5152,0,1
5153,0,1
5154,0,1
5155,0.59,0.41
5156,0,1
5157,0.61,0.39
5158,0,1
5159,0.92,0.08
5160,0.99,0.01
5161,0.14,0.86
5162,0.6,0.4
5163,0.01,0.99
5164,0,1
5165,0,1
5166,0.59,0.41
5167,0.6,0.4
5168,0,1
5169,0,1
5170,0,1
5171,1,0
5172,0,1
5173,0,1
5174,1,0
5175,1,0
5176,0,1
5177,0.01,0.99
5178,0.59,0.41
5179,0,1
5180,1,0
5181,0,1
5182,0,1
5183,1,0
5184,0,1
5185,0,1
5186,0,1
5187,0.01,0.99
5188,0,1
5189,0,1
5190,0.6,0.4
5191,0,1
5192,0,1
5193,1,0
5194,0,1
5195,1,0
5196,0,1
5197,0.61,0.39
5198,0,1
5199,0,1
5200,1,0
5201,0.59,0.41
5202,0.02,0.98
5203,0.61,0.39
5204,0,1
5205,0.59,0.41
5206,0.58,0.42
5207,0,1
5208,1,0
5209,0,1
5210,0.59,0.41
5211,1,0
5212,0,1
5213,1,0
5214,0,1
5215,0,1
5216,0,1
5217,0,1
5218,0.02,0.98
5219,1,0
5220,1,0
5221,1,0
5222,0,1
5223,0,1
5224,0,1
5225,0.6,0.4
5226,0.99,0.01
5227,0,1
5228,0,1
5229,0,1
5230,0,1
5231,1,0
5232,0,1
5233,1,0
5234,0,1
5235,0,1
5236,0.59,0.41
5237,0,1
5238,0.59,0.41
5239,1,0
5240,1,0
5241,0,1
5242,0.01,0.99
5243,0.59,0.41
5244,0.59,0.41
5245,0,1
5246,0,1
5247,0,1
5248,1,0
5249,0,1
5250,1,0
5251,0.01,0.99
5252,0.61,0.39
5253,0.01,0.99
5254,0,1
5255,1,0
5256,0.01,0.99
5257,0,1
5258,1,0
5259,1,0
5260,0,1
5261,0,1
5262,0,1
5263,1,0
5264,0,1
5265,0,1
5266,0,1
5267,0,1
5268,0,1
5269,0.58,0.42
5270,0,1
5271,0.01,0.99
5272,0,1
5273,1,0
5274,0,1
5275,1,0
5276,0,1
5277,1,0
5278,0.02,0.98
5279,0,1
5280,0.99,0.01
5281,1,0
5282,0,1
5283,0,1
5284,0.59,0.41
5285,0,1
5286,0,1
5287,0,1
5288,1,0
5289,0.59,0.41
5290,0.92,0.08
5291,0,1
5292,1,0
5293,0,1
5294,0.14,0.86
5295,0.99,0.01
5296,0,1
5297,0,1
5298,0.01,0.99
5299,0.6,0.4
5300,1,0
5301,0,1
5302,0,1
5303,0,1
5304,0,1
5305,0.51,0.49
5306,0,1
5307,0,1
5308,0,1
5309,1,0
5310,0,1
5311,0,1
5312,0,1
5313,0,1
5314,0,1
5315,0,1
5316,1,0
5317,1,0
5318,1,0
5319,0,1
5320,0.01,0.99
5321,0,1
5322,1,0
5323,1,0
5324,0.99,0.01
5325,0.99,0.01
5326,1,0
5327,1,0
5328,0,1
5329,1,0
5330,1,0
5331,0.93,0.07
5332,0.6,0.4
5333,0,1
5334,0,1
5335,0.93,0.07
5336,0.99,0.01
5337,0.31,0.69
5338,0,1
5339,1,0
5340,1,0
5341,0.6,0.4
5342,0.01,0.99
5343,1,0
5344,1,0
5345,0,1
5346,0.02,0.98
5347,0,1
5348,0,1
5349,0,1
5350,1,0
5351,0.01,0.99
5352,1,0
5353,0,1
5354,1,0
5355,0,1
5356,0.6,0.4
5357,0.99,0.01
5358,0,1
5359,1,0
5360,0,1
5361,0,1
5362,1,0
5363,0.59,0.41
5364,1,0
5365,0,1
5366,0,1
5367,1,0
5368,0.59,0.41
5369,0.6,0.4
5370,0,1
5371,0.59,0.41
5372,1,0
5373,0,1
5374,0,1
5375,0,1
5376,1,0
5377,0.99,0.01
5378,0.01,0.99
5379,0,1
5380,1,0
5381,0,1
5382,0,1
5383,0,1
5384,0.02,0.98
5385,0.01,0.99
5386,0,1
5387,0,1
5388,0,1
5389,0.01,0.99
5390,0.59,0.41
5391,1,0
5392,1,0
5393,0.13,0.87
5394,1,0
5395,0.6,0.4
5396,0,1
5397,0,1
5398,0.59,0.41
5399,0.01,0.99
5400,0.99,0.01
5401,0,1
5402,0.99,0.01
5403,1,0
5404,0.59,0.41
5405,0,1
5406,0,1
5407,0.59,0.41
5408,1,0
5409,0,1
5410,0.6,0.4
5411,0.99,0.01
5412,0.01,0.99
5413,0.58,0.42
5414,0.01,0.99
5415,1,0
5416,0.61,0.39
5417,0.01,0.99
5418,0,1
5419,0,1
5420,1,0
5421,0,1
5422,0.6,0.4
5423,0,1
5424,0,1
5425,0,1
5426,0,1
5427,0,1
5428,0.01,0.99
5429,0,1
5430,0,1
5431,0.59,0.41
5432,1,0
5433,0,1
5434,0.99,0.01
5435,0,1
5436,1,0
5437,1,0
5438,1,0
5439,0,1
5440,1,0
5441,0,1
5442,0,1
5443,0,1
5444,0,1
5445,0,1
5446,1,0
5447,1,0
5448,0,1
5449,0,1
5450,1,0
5451,1,0
5452,0,1
5453,1,0
5454,0,1
5455,0,1
5456,1,0
5457,1,0
5458,1,0
5459,0.01,0.99
5460,1,0
5461,1,0
5462,1,0
5463,0.02,0.98
5464,0.99,0.01
5465,0.99,0.01
5466,1,0
5467,1,0
5468,0,1
5469,0,1
5470,0.59,0.41
5471,0.14,0.86
5472,0,1
5473,1,0
5474,1,0
5475,1,0
5476,1,0
5477,1,0
5478,0.59,0.41
5479,0.01,0.99
5480,0,1
5481,0.12,0.88
5482,0,1
5483,0.01,0.99
5484,0,1
5485,0.99,0.01
5486,0,1
5487,0,1
5488,0,1
5489,0,1
5490,0.01,0.99
5491,1,0
5492,1,0
5493,0,1
5494,1,0
5495,0.01,0.99
5496,0,1
5497,0,1
5498,0.99,0.01
5499,0,1
5500,0.58,0.42
5501,1,0
5502,0.99,0.01
5503,0,1
5504,0.01,0.99
5505,0.92,0.08
5506,0,1
5507,0,1
5508,1,0
5509,1,0
5510,0.99,0.01
5511,1,0
5512,0.01,0.99
5513,0,1
5514,0,1
5515,0,1
5516,1,0
5517,0,1
5518,0.99,0.01
5519,1,0
5520,1,0
5521,1,0
5522,0,1
5523,0.58,0.42
5524,0.03,0.97
5525,1,0
5526,1,0
5527,1,0
5528,0,1
5529,0.01,0.99
5530,1,0
5531,0,1
5532,1,0
5533,0,1
5534,1,0
5535,0,1
5536,0,1
5537,1,0
5538,0,1
5539,0,1
5540,0,1
5541,0,1
5542,0,1
5543,0,1
5544,0,1
5545,0.01,0.99
5546,0,1
5547,1,0
5548,0.57,0.43
5549,0,1
5550,1,0
5551,0,1
5552,0,1
5553,1,0
5554,0,1
5555,0,1
5556,0.01,0.99
5557,1,0
5558,0,1
5559,1,0
5560,0,1
5561,1,0
5562,0,1
5563,0,1
5564,0,1
5565,0,1
5566,0,1
5567,0.99,0.01
5568,0,1
5569,0,1
5570,1,0
5571,0.58,0.42
5572,0.14,0.86
5573,0,1
5574,0,1
5575,0.01,0.99
5576,1,0
5577,0,1
5578,1,0
5579,0,1
5580,0,1
5581,0,1
5582,0.59,0.41
5583,0,1
5584,1,0
5585,0,1
5586,0,1
5587,0,1
5588,1,0
5589,1,0
5590,0.01,0.99
5591,1,0
5592,0,1
5593,1,0
5594,0,1
5595,0.99,0.01
5596,0.59,0.41
5597,1,0
5598,0.99,0.01
5599,0,1
5600,1,0
5601,0.59,0.41
5602,0.99,0.01
5603,0.02,0.98
5604,0.59,0.41
5605,0,1
5606,0,1
5607,0,1
5608,0,1
5609,0.01,0.99
5610,1,0
5611,1,0
5612,0.01,0.99
5613,1,0
5614,1,0
5615,0,1
5616,1,0
5617,0,1
5618,0.01,0.99
5619,0,1
5620,0.02,0.98
5621,0,1
5622,0,1
5623,0,1
5624,1,0
5625,1,0
5626,0,1
5627,0,1
5628,0,1
5629,0.6,0.4
5630,0,1
5631,0,1
5632,0.59,0.41
5633,0.6,0.4
5634,0,1
5635,0,1
5636,0,1
5637,1,0
5638,0,1
5639,0,1
5640,0.99,0.01
5641,0,1
5642,0,1
5643,0.01,0.99
5644,0.59,0.41
5645,0,1
5646,1,0
5647,0,1
5648,0.99,0.01
5649,0,1
5650,0.01,0.99
5651,0,1
5652,0,1
5653,1,0
5654,0.02,0.98
5655,1,0
5656,0,1
5657,0.92,0.08
5658,0,1
5659,0,1
5660,0,1
5661,1,0
5662,0,1
5663,1,0
5664,0.6,0.4
5665,0,1
5666,0,1
5667,0,1
5668,0,1
5669,0,1
5670,0.01,0.99
5671,0,1
5672,0,1
5673,0.99,0.01
5674,0,1
5675,0,1
5676,1,0
5677,0.59,0.41
5678,0.59,0.41
5679,0,1
5680,1,0
5681,0,1
5682,1,0
5683,0,1
5684,0,1
5685,0,1
5686,0,1
5687,1,0
5688,0,1
5689,1,0
5690,0,1
5691,0,1
5692,1,0
5693,0.01,0.99
5694,0,1
5695,0.59,0.41
5696,0,1
5697,0,1
5698,1,0
5699,0.6,0.4
5700,1,0
5701,0.01,0.99
5702,0,1
5703,0,1
5704,0,1
5705,0,1
5706,0,1
5707,0.99,0.01
5708,1,0
5709,0.99,0.01
5710,0,1
5711,1,0
5712,0,1
5713,0,1
5714,0,1
5715,0,1
5716,0,1
5717,0,1
5718,0,1
5719,0.01,0.99
5720,0,1
5721,0,1
5722,0.01,0.99
5723,1,0
5724,0,1
5725,0.01,0.99
5726,0.99,0.01
5727,0,1
5728,0,1
5729,0,1
5730,0,1
5731,0.01,0.99
5732,0,1
5733,0.02,0.98
5734,0,1
5735,0,1
5736,1,0
5737,0,1
5738,0.61,0.39
5739,0.02,0.98
5740,0,1
5741,0,1
5742,0,1
5743,0.01,0.99
5744,0,1
5745,1,0
5746,0,1
5747,1,0
5748,1,0
5749,0,1
5750,0,1
5751,0.59,0.41
5752,1,0
5753,0,1
5754,0,1
5755,1,0
5756,0,1
5757,1,0
5758,0.59,0.41
5759,0,1
5760,0,1
5761,0.01,0.99
5762,0,1
5763,1,0
5764,1,0
5765,0,1
5766,1,0
5767,1,0
5768,0.99,0.01
5769,1,0
5770,1,0
5771,0,1
5772,0,1
5773,0.91,0.09
5774,0,1
5775,0.58,0.42
5776,0,1
5777,0,1
5778,0,1
5779,1,0
5780,0.01,0.99
5781,0,1
5782,0.01,0.99
5783,0.6,0.4
5784,1,0
5785,0,1
5786,0,1
5787,0,1
5788,0,1
5789,0,1
5790,0.99,0.01
5791,0,1
5792,0.6,0.4
5793,0,1
5794,0,1
5795,1,0
5796,0,1
5797,0.01,0.99
5798,1,0
5799,0.01,0.99
5800,1,0
5801,1,0
5802,0,1
5803,0,1
5804,1,0
5805,1,0
5806,1,0
5807,0.6,0.4
5808,0,1
5809,1,0
5810,0.99,0.01
5811,0,1
5812,0.99,0.01
5813,0,1
5814,0,1
5815,0.6,0.4
5816,0,1
5817,1,0
5818,0,1
5819,0,1
5820,1,0
5821,0.01,0.99
5822,0,1
5823,0,1
5824,0.58,0.42
5825,1,0
5826,1,0
5827,0,1
5828,1,0
5829,1,0
5830,0,1
5831,0,1
5832,1,0
5833,0.01,0.99
5834,0.01,0.99
5835,1,0
5836,0,1
5837,1,0
5838,0.61,0.39
5839,1,0
5840,1,0
5841,0,1
5842,1,0
5843,1,0
5844,0.61,0.39
5845,0,1
5846,0.6,0.4
5847,0,1
5848,1,0
5849,1,0
5850,0,1
5851,1,0
5852,0,1
5853,0,1
5854,0.01,0.99
5855,0,1
5856,0,1
5857,0,1
5858,0.59,0.41
5859,0,1
5860,0,1
5861,0,1
5862,0,1
5863,0,1
5864,0,1
5865,0,1
5866,0.6,0.4
5867,0,1
5868,0,1
5869,0.38,0.62
5870,0,1
5871,0.6,0.4
5872,0.01,0.99
5873,1,0
5874,0,1
5875,1,0
5876,0,1
5877,1,0
5878,1,0
5879,0.13,0.87
5880,0.99,0.01
5881,0,1
5882,1,0
5883,1,0
5884,0,1
5885,0.93,0.07
5886,0.58,0.42
5887,0.99,0.01
5888,0,1
5889,0.99,0.01
5890,0.6,0.4
5891,1,0
5892,1,0
5893,0,1
5894,0,1
5895,1,0
5896,1,0
5897,0,1
5898,0,1
5899,0.01,0.99
5900,0.01,0.99
5901,1,0
5902,0.01,0.99
5903,1,0
5904,0.59,0.41
5905,0,1
5906,1,0
5907,0,1
5908,0,1
5909,0.01,0.99
5910,0.99,0.01
5911,0.01,0.99
5912,0,1
5913,1,0
5914,1,0
5915,0,1
5916,0,1
5917,1,0
5918,0,1
5919,1,0
5920,0,1
5921,0,1
5922,1,0
5923,0,1
5924,1,0
5925,0,1
5926,1,0
5927,0,1
5928,0,1
5929,1,0
5930,0,1
5931,0.01,0.99
5932,0,1
5933,0.58,0.42
5934,0.6,0.4
5935,0,1
5936,1,0
5937,1,0
5938,1,0
5939,0,1
5940,1,0
5941,0,1
5942,1,0
5943,1,0
5944,1,0
5945,0,1
5946,0,1
5947,0.6,0.4
5948,0.61,0.39
5949,0,1
5950,0.14,0.86
5951,0,1
5952,0.6,0.4
