"ID","Choice"
1,0
2,1
3,0
4,0
5,1
6,0
7,1
8,1
9,0
10,0
11,0
12,1
13,1
14,0
15,1
16,0
17,1
18,0
19,0
20,0
21,1
22,0
23,1
24,0
25,0
26,0
27,0
28,0
29,0
30,1
31,0
32,1
33,1
34,1
35,1
36,1
37,0
38,1
39,0
40,0
41,1
42,0
43,0
44,1
45,0
46,1
47,1
48,1
49,0
50,1
51,0
52,0
53,1
54,1
55,1
56,0
57,0
58,0
59,0
60,1
61,0
62,1
63,0
64,0
65,0
66,0
67,1
68,0
69,1
70,1
71,1
72,1
73,0
74,1
75,1
76,1
77,1
78,1
79,0
80,0
81,1
82,0
83,1
84,1
85,0
86,1
87,1
88,0
89,1
90,1
91,1
92,1
93,1
94,1
95,0
96,1
97,1
98,1
99,1
100,0
101,1
102,1
103,1
104,0
105,1
106,1
107,0
108,0
109,0
110,1
111,0
112,1
113,1
114,1
115,1
116,0
117,0
118,1
119,1
120,1
121,1
122,1
123,1
124,1
125,1
126,1
127,0
128,0
129,0
130,1
131,1
132,0
133,0
134,1
135,0
136,1
137,1
138,1
139,1
140,0
141,1
142,1
143,0
144,1
145,0
146,0
147,0
148,1
149,1
150,1
151,0
152,1
153,1
154,1
155,0
156,1
157,1
158,1
159,0
160,0
161,0
162,1
163,0
164,1
165,1
166,1
167,1
168,0
169,0
170,1
171,0
172,0
173,0
174,0
175,0
176,0
177,1
178,1
179,1
180,1
181,0
182,1
183,1
184,1
185,1
186,1
187,0
188,0
189,0
190,1
191,1
192,1
193,0
194,1
195,1
196,1
197,1
198,1
199,1
200,1
201,0
202,1
203,0
204,0
205,1
206,0
207,1
208,1
209,0
210,1
211,1
212,1
213,1
214,0
215,1
216,0
217,1
218,1
219,1
220,0
221,1
222,1
223,1
224,0
225,0
226,1
227,1
228,0
229,1
230,0
231,0
232,0
233,0
234,1
235,1
236,1
237,1
238,1
239,0
240,1
241,1
242,0
243,1
244,1
245,0
246,1
247,0
248,1
249,1
250,1
251,1
252,1
253,0
254,0
255,1
256,0
257,0
258,0
259,1
260,0
261,0
262,1
263,1
264,1
265,1
266,1
267,1
268,0
269,1
270,1
271,1
272,1
273,0
274,0
275,1
276,0
277,1
278,1
279,1
280,0
281,0
282,1
283,1
284,1
285,0
286,1
287,0
288,1
289,0
290,1
291,1
292,1
293,0
294,0
295,1
296,0
297,1
298,1
299,1
300,1
301,0
302,0
303,1
304,1
305,1
306,1
307,0
308,1
309,1
310,0
311,0
312,0
313,1
314,1
315,1
316,0
317,1
318,0
319,0
320,1
321,0
322,0
323,0
324,1
325,1
326,0
327,0
328,0
329,1
330,1
331,0
332,0
333,1
334,0
335,1
336,0
337,1
338,1
339,1
340,1
341,1
342,0
343,1
344,0
345,1
346,1
347,1
348,1
349,1
350,0
351,1
352,0
353,1
354,0
355,1
356,1
357,1
358,1
359,0
360,1
361,1
362,0
363,1
364,0
365,1
366,0
367,1
368,1
369,1
370,1
371,1
372,0
373,1
374,0
375,1
376,1
377,1
378,0
379,0
380,1
381,1
382,0
383,1
384,0
385,0
386,0
387,0
388,1
389,1
390,1
391,1
392,0
393,0
394,0
395,0
396,0
397,1
398,1
399,0
400,0
401,1
402,1
403,1
404,0
405,1
406,1
407,1
408,1
409,0
410,0
411,0
412,1
413,1
414,0
415,0
416,0
417,1
418,0
419,1
420,0
421,1
422,0
423,1
424,0
425,0
426,0
427,0
428,1
429,0
430,1
431,0
432,1
433,1
434,1
435,0
436,1
437,1
438,1
439,1
440,0
441,1
442,1
443,0
444,1
445,0
446,1
447,0
448,0
449,1
450,0
451,1
452,1
453,1
454,0
455,1
456,1
457,1
458,1
459,0
460,0
461,1
462,1
463,1
464,1
465,0
466,0
467,0
468,0
469,1
470,1
471,0
472,1
473,1
474,0
475,0
476,0
477,1
478,1
479,1
480,1
481,1
482,1
483,0
484,1
485,1
486,0
487,0
488,0
489,0
490,0
491,0
492,0
493,1
494,0
495,1
496,0
497,1
498,0
499,0
500,0
501,1
502,0
503,0
504,0
505,1
506,0
507,0
508,0
509,0
510,0
511,0
512,0
513,0
514,0
515,1
516,0
517,1
518,1
519,1
520,0
521,1
522,1
523,1
524,1
525,0
526,0
527,1
528,0
529,1
530,0
531,1
532,1
533,0
534,1
535,0
536,1
537,0
538,0
539,1
540,1
541,0
542,1
543,0
544,1
545,1
546,0
547,1
548,1
549,0
550,0
551,0
552,0
553,0
554,0
555,1
556,0
557,1
558,1
559,1
560,0
561,1
562,0
563,0
564,0
565,0
566,0
567,1
568,0
569,0
570,0
571,1
572,0
573,1
574,0
575,1
576,0
577,0
578,1
579,0
580,1
581,1
582,1
583,0
584,0
585,1
586,1
587,1
588,0
589,0
590,0
591,0
592,1
593,1
594,1
595,1
596,1
597,1
598,1
599,0
600,1
601,0
602,1
603,1
604,1
605,0
606,0
607,1
608,0
609,0
610,1
611,1
612,1
613,0
614,1
615,0
616,0
617,1
618,1
619,1
620,1
621,1
622,1
623,1
624,1
625,0
626,0
627,1
628,0
629,1
630,1
631,1
632,1
633,0
634,0
635,0
636,1
637,1
638,1
639,1
640,0
641,1
642,0
643,0
644,1
645,1
646,1
647,1
648,0
649,1
650,1
651,1
652,0
653,1
654,0
655,0
656,1
657,1
658,0
659,0
660,1
661,0
662,0
663,1
664,1
665,0
666,0
667,1
668,0
669,1
670,1
671,1
672,0
673,0
674,1
675,0
676,0
677,1
678,0
679,1
680,1
681,1
682,1
683,0
684,1
685,1
686,0
687,1
688,0
689,0
690,1
691,1
692,0
693,0
694,1
695,0
696,1
697,1
698,1
699,0
700,1
701,0
702,1
703,1
704,1
705,1
706,0
707,0
708,0
709,1
710,1
711,0
712,0
713,0
714,0
715,0
716,1
717,0
718,1
719,0
720,1
721,0
722,1
723,0
724,0
725,0
726,1
727,0
728,0
729,1
730,1
731,0
732,0
733,1
734,1
735,1
736,0
737,1
738,0
739,0
740,1
741,1
742,1
743,0
744,1
745,1
746,1
747,0
748,0
749,1
750,1
751,0
752,0
753,0
754,0
755,1
756,1
757,0
758,0
759,0
760,1
761,1
762,1
763,0
764,0
765,1
766,0
767,1
768,0
769,1
770,0
771,0
772,1
773,0
774,1
775,1
776,1
777,1
778,1
779,0
780,1
781,1
782,1
783,1
784,1
785,1
786,1
787,0
788,0
789,0
790,0
791,1
792,0
793,0
794,1
795,1
796,1
797,1
798,1
799,0
800,1
801,1
802,0
803,0
804,1
805,1
806,0
807,1
808,1
809,1
810,0
811,1
812,1
813,0
814,1
815,1
816,1
817,1
818,1
819,1
820,0
821,1
822,1
823,1
824,1
825,1
826,0
827,1
828,1
829,0
830,1
831,0
832,1
833,1
834,1
835,0
836,0
837,1
838,0
839,0
840,0
841,1
842,1
843,1
844,1
845,1
846,1
847,0
848,0
849,0
850,1
851,0
852,1
853,1
854,1
855,0
856,0
857,1
858,1
859,1
860,1
861,1
862,0
863,1
864,0
865,0
866,0
867,1
868,1
869,1
870,1
871,1
872,0
873,0
874,1
875,0
876,1
877,1
878,1
879,1
880,1
881,1
882,1
883,1
884,0
885,1
886,0
887,0
888,0
889,1
890,0
891,1
892,1
893,1
894,0
895,1
896,0
897,1
898,0
899,0
900,1
901,1
902,1
903,1
904,1
905,0
906,1
907,0
908,0
909,0
910,1
911,0
912,1
913,0
914,1
915,0
916,1
917,1
918,0
919,1
920,0
921,0
922,0
923,0
924,0
925,0
926,1
927,0
928,1
929,0
930,1
931,0
932,0
933,0
934,1
935,0
936,0
937,0
938,0
939,1
940,0
941,0
942,1
943,0
944,0
945,0
946,0
947,0
948,0
949,0
950,0
951,0
952,1
953,1
954,0
955,0
956,1
957,0
958,0
959,0
960,0
961,1
962,1
963,1
964,0
965,1
966,1
967,1
968,1
969,0
970,0
971,0
972,0
973,0
974,1
975,1
976,1
977,1
978,0
979,1
980,1
981,1
982,1
983,0
984,0
985,1
986,0
987,0
988,0
989,1
990,1
991,0
992,1
993,1
994,0
995,0
996,1
997,1
998,1
999,1
1000,0
1001,1
1002,0
1003,1
1004,0
1005,1
1006,1
1007,1
1008,1
1009,1
1010,1
1011,1
1012,0
1013,0
1014,1
1015,0
1016,1
1017,0
1018,0
1019,1
1020,1
1021,1
1022,0
1023,1
1024,1
1025,1
1026,0
1027,1
1028,0
1029,0
1030,1
1031,1
1032,1
1033,1
1034,1
1035,1
1036,0
1037,1
1038,1
1039,0
1040,0
1041,1
1042,1
1043,1
1044,1
1045,0
1046,1
1047,0
1048,0
1049,1
1050,1
1051,1
1052,0
1053,0
1054,0
1055,0
1056,1
1057,1
1058,1
1059,0
1060,1
1061,0
1062,0
1063,1
1064,1
1065,0
1066,1
1067,1
1068,1
1069,1
1070,1
1071,1
1072,1
1073,0
1074,1
1075,1
1076,0
1077,1
1078,0
1079,0
1080,0
1081,1
1082,0
1083,1
1084,0
1085,0
1086,0
1087,0
1088,1
1089,0
1090,1
1091,0
1092,1
1093,0
1094,1
1095,1
1096,1
1097,1
1098,1
1099,1
1100,1
1101,1
1102,0
1103,1
1104,1
1105,0
1106,1
1107,1
1108,0
1109,0
1110,1
1111,1
1112,0
1113,0
1114,1
1115,1
1116,1
1117,1
1118,0
1119,0
1120,0
1121,1
1122,0
1123,0
1124,1
1125,1
1126,1
1127,0
1128,0
1129,0
1130,1
1131,0
1132,1
1133,0
1134,1
1135,0
1136,1
1137,1
1138,0
1139,1
1140,0
1141,0
1142,0
1143,0
1144,0
1145,1
1146,1
1147,1
1148,0
1149,0
1150,1
1151,0
1152,0
1153,1
1154,0
1155,1
1156,0
1157,1
1158,0
1159,0
1160,1
1161,0
1162,1
1163,0
1164,0
1165,1
1166,0
1167,0
1168,0
1169,0
1170,1
1171,1
1172,0
1173,0
1174,0
1175,1
1176,0
1177,0
1178,0
1179,0
1180,1
1181,0
1182,0
1183,1
1184,1
1185,0
1186,0
1187,1
1188,0
1189,1
1190,1
1191,0
1192,1
1193,0
1194,1
1195,1
1196,1
1197,0
1198,0
1199,1
1200,1
1201,0
1202,1
1203,1
1204,1
1205,1
1206,0
1207,0
1208,0
1209,1
1210,1
1211,0
1212,1
1213,0
1214,0
1215,0
1216,0
1217,0
1218,0
1219,1
1220,1
1221,0
1222,1
1223,0
1224,0
1225,1
1226,1
1227,0
1228,0
1229,1
1230,1
1231,0
1232,0
1233,1
1234,0
1235,0
1236,0
1237,0
1238,1
1239,0
1240,0
1241,0
1242,1
1243,0
1244,0
1245,1
1246,0
1247,0
1248,0
1249,1
1250,1
1251,0
1252,0
1253,0
1254,1
1255,1
1256,1
1257,1
1258,1
1259,1
1260,1
1261,1
1262,1
1263,1
1264,0
1265,0
1266,0
1267,1
1268,0
1269,1
1270,1
1271,1
1272,1
1273,1
1274,0
1275,0
1276,1
1277,1
1278,1
1279,1
1280,1
1281,1
1282,1
1283,1
1284,1
1285,0
1286,1
1287,0
1288,1
1289,0
1290,1
1291,1
1292,0
1293,0
1294,1
1295,1
1296,1
1297,0
1298,1
1299,0
1300,1
1301,0
1302,0
1303,0
1304,1
1305,1
1306,0
1307,1
1308,0
1309,1
1310,0
1311,1
1312,1
1313,0
1314,0
1315,1
1316,1
1317,1
1318,1
1319,1
1320,1
1321,1
1322,1
1323,1
1324,0
1325,0
1326,1
1327,0
1328,1
1329,0
1330,1
1331,1
1332,1
1333,1
1334,1
1335,1
1336,0
1337,0
1338,0
1339,0
1340,1
1341,0
1342,0
1343,1
1344,1
1345,1
1346,1
1347,0
1348,0
1349,1
1350,1
1351,0
1352,1
1353,1
1354,0
1355,1
1356,1
1357,0
1358,1
1359,1
1360,1
1361,1
1362,1
1363,1
1364,0
1365,1
1366,0
1367,1
1368,0
1369,0
1370,1
1371,0
1372,0
1373,1
1374,0
1375,1
1376,1
1377,0
1378,1
1379,1
1380,0
1381,0
1382,0
1383,0
1384,0
1385,0
1386,1
1387,0
1388,0
1389,1
1390,1
1391,0
1392,1
1393,1
1394,0
1395,0
1396,1
1397,0
1398,1
1399,1
1400,0
1401,0
1402,1
1403,1
1404,0
1405,0
1406,0
1407,1
1408,0
1409,0
1410,1
1411,1
1412,0
1413,0
1414,0
1415,0
1416,1
1417,1
1418,0
1419,1
1420,0
1421,1
1422,0
1423,1
1424,1
1425,1
1426,1
1427,1
1428,0
1429,1
1430,1
1431,1
1432,1
1433,0
1434,0
1435,1
1436,0
1437,1
1438,0
1439,1
1440,0
1441,1
1442,0
1443,1
1444,1
1445,1
1446,1
1447,1
1448,0
1449,1
1450,0
1451,0
1452,1
1453,0
1454,0
1455,0
1456,1
1457,0
1458,0
1459,1
1460,0
1461,0
1462,1
1463,1
1464,1
1465,1
1466,0
1467,1
1468,1
1469,1
1470,1
1471,1
1472,0
1473,1
1474,1
1475,1
1476,1
1477,0
1478,1
1479,1
1480,0
1481,0
1482,1
1483,0
1484,1
1485,1
1486,1
1487,1
1488,1
1489,1
1490,1
1491,1
1492,1
1493,1
1494,1
1495,0
1496,0
1497,1
1498,0
1499,1
1500,0
1501,0
1502,1
1503,0
1504,1
1505,0
1506,1
1507,0
1508,1
1509,0
1510,0
1511,0
1512,1
1513,1
1514,1
1515,1
1516,1
1517,1
1518,1
1519,0
1520,1
1521,1
1522,0
1523,1
1524,0
1525,1
1526,1
1527,0
1528,0
1529,1
1530,0
1531,1
1532,0
1533,1
1534,1
1535,1
1536,1
1537,0
1538,1
1539,1
1540,1
1541,1
1542,0
1543,0
1544,1
1545,1
1546,1
1547,1
1548,0
1549,1
1550,0
1551,1
1552,1
1553,1
1554,1
1555,0
1556,0
1557,0
1558,1
1559,1
1560,0
1561,1
1562,1
1563,0
1564,0
1565,0
1566,0
1567,1
1568,1
1569,0
1570,1
1571,1
1572,0
1573,0
1574,0
1575,1
1576,0
1577,1
1578,0
1579,0
1580,0
1581,0
1582,0
1583,1
1584,0
1585,0
1586,0
1587,1
1588,0
1589,1
1590,1
1591,1
1592,1
1593,0
1594,1
1595,0
1596,0
1597,1
1598,1
1599,1
1600,1
1601,0
1602,1
1603,1
1604,1
1605,0
1606,0
1607,1
1608,0
1609,0
1610,1
1611,1
1612,1
1613,1
1614,1
1615,0
1616,0
1617,1
1618,0
1619,1
1620,0
1621,0
1622,0
1623,0
1624,0
1625,0
1626,1
1627,1
1628,1
1629,0
1630,0
1631,1
1632,1
1633,0
1634,1
1635,1
1636,1
1637,0
1638,1
1639,0
1640,1
1641,1
1642,1
1643,1
1644,1
1645,1
1646,1
1647,1
1648,1
1649,0
1650,0
1651,0
1652,1
1653,1
1654,0
1655,1
1656,1
1657,0
1658,1
1659,0
1660,0
1661,0
1662,1
1663,0
1664,1
1665,1
1666,0
1667,0
1668,1
1669,0
1670,0
1671,1
1672,1
1673,0
1674,0
1675,1
1676,1
1677,0
1678,1
1679,0
1680,0
1681,1
1682,1
1683,0
1684,0
1685,0
1686,1
1687,1
1688,0
1689,0
1690,0
1691,1
1692,0
1693,1
1694,0
1695,0
1696,1
1697,0
1698,0
1699,1
1700,1
1701,1
1702,1
1703,0
1704,1
1705,0
1706,0
1707,0
1708,0
1709,0
1710,0
1711,1
1712,1
1713,0
1714,1
1715,0
1716,1
1717,1
1718,0
1719,0
1720,1
1721,0
1722,1
1723,1
1724,1
1725,1
1726,1
1727,0
1728,0
1729,1
1730,1
1731,0
1732,0
1733,0
1734,0
1735,1
1736,1
1737,0
1738,0
1739,1
1740,0
1741,0
1742,1
1743,1
1744,0
1745,0
1746,1
1747,0
1748,1
1749,0
1750,0
1751,1
1752,0
1753,0
1754,0
1755,0
1756,0
1757,1
1758,0
1759,1
1760,1
1761,1
1762,1
1763,0
1764,0
1765,0
1766,1
1767,0
1768,1
1769,0
1770,0
1771,1
1772,0
1773,1
1774,0
1775,0
1776,0
1777,0
1778,1
1779,0
1780,0
1781,1
1782,1
1783,1
1784,0
1785,1
1786,0
1787,1
1788,1
1789,0
1790,0
1791,1
1792,0
1793,1
1794,1
1795,1
1796,1
1797,0
1798,0
1799,0
1800,0
1801,0
1802,1
1803,0
1804,1
1805,0
1806,0
1807,1
1808,1
1809,1
1810,1
1811,0
1812,1
1813,0
1814,1
1815,0
1816,0
1817,0
1818,1
1819,0
1820,1
1821,1
1822,1
1823,0
1824,1
1825,0
1826,1
1827,1
1828,1
1829,0
1830,1
1831,0
1832,1
1833,1
1834,0
1835,1
1836,1
1837,1
1838,0
1839,0
1840,0
1841,1
1842,0
1843,1
1844,0
1845,0
1846,0
1847,1
1848,1
1849,0
1850,1
1851,1
1852,0
1853,0
1854,1
1855,1
1856,0
1857,0
1858,0
1859,0
1860,1
1861,1
1862,0
1863,1
1864,0
1865,1
1866,1
1867,1
1868,0
1869,1
1870,1
1871,1
1872,0
1873,0
1874,0
1875,1
1876,0
1877,1
1878,0
1879,0
1880,1
1881,1
1882,0
1883,1
1884,1
1885,1
1886,1
1887,1
1888,0
1889,0
1890,1
1891,0
1892,0
1893,0
1894,0
1895,1
1896,0
1897,1
1898,1
1899,0
1900,1
1901,1
1902,1
1903,0
1904,1
1905,0
1906,1
1907,0
1908,0
1909,0
1910,0
1911,1
1912,1
1913,1
1914,1
1915,0
1916,0
1917,0
1918,0
1919,0
1920,1
1921,1
1922,0
1923,0
1924,0
1925,1
1926,1
1927,0
1928,1
1929,1
1930,1
1931,0
1932,0
1933,0
1934,0
1935,0
1936,1
1937,1
1938,0
1939,1
1940,1
1941,1
1942,0
1943,1
1944,1
1945,1
1946,1
1947,1
1948,1
1949,1
1950,0
1951,1
1952,0
1953,0
1954,0
1955,1
1956,0
1957,1
1958,1
1959,1
1960,0
1961,1
1962,0
1963,1
1964,1
1965,0
1966,0
1967,1
1968,0
1969,1
1970,0
1971,1
1972,1
1973,0
1974,0
1975,0
1976,0
1977,0
1978,1
1979,1
1980,1
1981,0
1982,0
1983,0
1984,1
1985,1
1986,0
1987,1
1988,1
1989,0
1990,1
1991,1
1992,1
1993,0
1994,1
1995,1
1996,0
1997,0
1998,1
1999,0
2000,0
2001,0
2002,1
2003,1
2004,0
2005,1
2006,0
2007,0
2008,0
2009,0
2010,1
2011,1
2012,1
2013,1
2014,1
2015,1
2016,0
2017,1
2018,0
2019,1
2020,0
2021,1
2022,1
2023,0
2024,0
2025,0
2026,1
2027,1
2028,0
2029,0
2030,1
2031,0
2032,1
2033,1
2034,0
2035,1
2036,0
2037,1
2038,1
2039,0
2040,1
2041,0
2042,1
2043,0
2044,1
2045,0
2046,0
2047,1
2048,1
2049,0
2050,0
2051,1
2052,1
2053,0
2054,0
2055,0
2056,1
2057,1
2058,1
2059,0
2060,0
2061,0
2062,0
2063,0
2064,1
2065,1
2066,1
2067,1
2068,1
2069,0
2070,0
2071,1
2072,0
2073,1
2074,1
2075,1
2076,0
2077,1
2078,0
2079,1
2080,1
2081,1
2082,1
2083,1
2084,0
2085,0
2086,0
2087,1
2088,0
2089,0
2090,0
2091,0
2092,0
2093,0
2094,0
2095,0
2096,0
2097,1
2098,1
2099,0
2100,1
2101,1
2102,1
2103,0
2104,0
2105,0
2106,1
2107,0
2108,0
2109,1
2110,1
2111,1
2112,0
2113,0
2114,0
2115,1
2116,0
2117,1
2118,1
2119,1
2120,0
2121,0
2122,1
2123,1
2124,1
2125,0
2126,0
2127,1
2128,1
2129,1
2130,0
2131,1
2132,0
2133,0
2134,0
2135,1
2136,1
2137,0
2138,1
2139,0
2140,1
2141,1
2142,0
2143,0
2144,0
2145,1
2146,0
2147,0
2148,1
2149,0
2150,1
2151,1
2152,1
2153,0
2154,0
2155,1
2156,0
2157,0
2158,0
2159,1
2160,0
2161,1
2162,0
2163,1
2164,1
2165,0
2166,1
2167,1
2168,1
2169,0
2170,1
2171,0
2172,1
2173,1
2174,1
2175,1
2176,0
2177,0
2178,0
2179,0
2180,1
2181,0
2182,0
2183,0
2184,0
2185,0
2186,1
2187,1
2188,0
2189,1
2190,0
2191,1
2192,1
2193,1
2194,1
2195,0
2196,0
2197,1
2198,0
2199,0
2200,1
2201,1
2202,1
2203,0
2204,1
2205,0
2206,0
2207,0
2208,1
2209,0
2210,1
2211,0
2212,1
2213,0
2214,1
2215,1
2216,1
2217,1
2218,0
2219,1
2220,1
2221,1
2222,1
2223,0
2224,0
2225,0
2226,1
2227,0
2228,0
2229,0
2230,1
2231,1
2232,0
2233,1
2234,1
2235,1
2236,0
2237,1
2238,0
2239,1
2240,1
2241,1
2242,0
2243,1
2244,0
2245,0
2246,1
2247,1
2248,1
2249,1
2250,1
2251,1
2252,0
2253,0
2254,0
2255,1
2256,1
2257,1
2258,1
2259,0
2260,1
2261,0
2262,0
2263,1
2264,1
2265,0
2266,0
2267,0
2268,1
2269,1
2270,0
2271,0
2272,0
2273,1
2274,1
2275,1
2276,0
2277,1
2278,0
2279,1
2280,1
2281,0
2282,1
2283,1
2284,0
2285,0
2286,1
2287,0
2288,0
2289,0
2290,0
2291,0
2292,1
2293,0
2294,0
2295,0
2296,1
2297,1
2298,1
2299,1
2300,0
2301,1
2302,1
2303,1
2304,0
2305,1
2306,0
2307,0
2308,1
2309,0
2310,0
2311,0
2312,0
2313,0
2314,0
2315,0
2316,1
2317,1
2318,1
2319,1
2320,1
2321,1
2322,1
2323,1
2324,1
2325,1
2326,0
2327,1
2328,0
2329,1
2330,1
2331,0
2332,0
2333,1
2334,1
2335,1
2336,1
2337,1
2338,0
2339,1
2340,1
2341,1
2342,0
2343,1
2344,1
2345,1
2346,0
2347,0
2348,1
2349,1
2350,1
2351,0
2352,0
2353,0
2354,0
2355,1
2356,1
2357,0
2358,1
2359,0
2360,1
2361,1
2362,1
2363,1
2364,1
2365,0
2366,1
2367,1
2368,1
2369,1
2370,1
2371,1
2372,1
2373,0
2374,1
2375,0
2376,0
2377,1
2378,1
2379,1
2380,1
2381,1
2382,1
2383,0
2384,0
2385,1
2386,1
2387,1
2388,1
2389,0
2390,1
2391,1
2392,0
2393,1
2394,1
2395,0
2396,1
2397,0
2398,0
2399,0
2400,1
2401,1
2402,0
2403,0
2404,1
2405,0
2406,1
2407,1
2408,0
2409,0
2410,0
2411,0
2412,0
2413,1
2414,1
2415,1
2416,1
2417,0
2418,1
2419,0
2420,1
2421,0
2422,0
2423,1
2424,0
2425,1
2426,1
2427,1
2428,1
2429,0
2430,1
2431,1
2432,1
2433,1
2434,1
2435,1
2436,1
2437,1
2438,0
2439,1
2440,1
2441,0
2442,1
2443,0
2444,1
2445,0
2446,0
2447,0
2448,1
2449,0
2450,1
2451,0
2452,0
2453,1
2454,1
2455,0
2456,1
2457,1
2458,0
2459,1
2460,1
2461,0
2462,0
2463,1
2464,0
2465,1
2466,0
2467,1
2468,1
2469,0
2470,0
2471,1
2472,0
2473,1
2474,1
2475,0
2476,1
2477,1
2478,0
2479,0
2480,1
2481,0
2482,0
2483,1
2484,1
2485,1
2486,0
2487,1
2488,0
2489,0
2490,1
2491,1
2492,1
2493,0
2494,1
2495,0
2496,1
2497,0
2498,1
2499,0
2500,0
2501,0
2502,1
2503,0
2504,1
2505,1
2506,1
2507,0
2508,1
2509,1
2510,1
2511,0
2512,1
2513,0
2514,0
2515,0
2516,0
2517,1
2518,0
2519,0
2520,1
2521,1
2522,1
2523,0
2524,0
2525,1
2526,0
2527,0
2528,1
2529,1
2530,1
2531,0
2532,1
2533,1
2534,1
2535,1
2536,1
2537,0
2538,1
2539,1
2540,0
2541,0
2542,0
2543,1
2544,1
2545,0
2546,0
2547,0
2548,1
2549,1
2550,1
2551,1
2552,1
2553,1
2554,1
2555,0
2556,0
2557,0
2558,0
2559,0
2560,0
2561,0
2562,0
2563,0
2564,0
2565,1
2566,1
2567,1
2568,0
2569,0
2570,1
2571,0
2572,1
2573,0
2574,0
2575,1
2576,1
2577,0
2578,0
2579,1
2580,1
2581,1
2582,0
2583,0
2584,1
2585,1
2586,0
2587,0
2588,1
2589,1
2590,0
2591,1
2592,1
2593,0
2594,0
2595,1
2596,1
2597,0
2598,1
2599,0
2600,1
2601,0
2602,1
2603,0
2604,1
2605,0
2606,0
2607,0
2608,0
2609,1
2610,0
2611,0
2612,1
2613,1
2614,1
2615,0
2616,0
2617,0
2618,1
2619,1
2620,0
2621,0
2622,1
2623,1
2624,0
2625,1
2626,1
2627,1
2628,1
2629,1
2630,1
2631,1
2632,1
2633,1
2634,1
2635,1
2636,1
2637,0
2638,1
2639,0
2640,0
2641,1
2642,1
2643,0
2644,0
2645,0
2646,0
2647,0
2648,0
2649,0
2650,0
2651,1
2652,0
2653,1
2654,1
2655,1
2656,1
2657,1
2658,1
2659,1
2660,1
2661,1
2662,1
2663,0
2664,1
2665,0
2666,1
2667,0
2668,0
2669,0
2670,0
2671,1
2672,0
2673,0
2674,1
2675,1
2676,1
2677,0
2678,0
2679,0
2680,0
2681,0
2682,0
2683,1
2684,1
2685,1
2686,0
2687,0
2688,1
2689,1
2690,1
2691,1
2692,1
2693,0
2694,0
2695,0
2696,1
2697,0
2698,1
2699,1
2700,0
2701,0
2702,0
2703,1
2704,1
2705,1
2706,1
2707,0
2708,1
2709,0
2710,0
2711,1
2712,1
2713,1
2714,0
2715,1
2716,0
2717,0
2718,1
2719,0
2720,0
2721,1
2722,0
2723,1
2724,0
2725,1
2726,1
2727,1
2728,1
2729,0
2730,1
2731,1
2732,1
2733,0
2734,0
2735,1
2736,1
2737,1
2738,1
2739,0
2740,1
2741,1
2742,1
2743,0
2744,1
2745,1
2746,1
2747,1
2748,1
2749,0
2750,1
2751,1
2752,1
2753,1
2754,1
2755,0
2756,1
2757,1
2758,0
2759,1
2760,0
2761,0
2762,0
2763,1
2764,1
2765,1
2766,1
2767,0
2768,1
2769,1
2770,0
2771,0
2772,0
2773,1
2774,0
2775,1
2776,0
2777,1
2778,0
2779,0
2780,1
2781,0
2782,0
2783,0
2784,0
2785,1
2786,0
2787,0
2788,1
2789,1
2790,1
2791,1
2792,0
2793,0
2794,0
2795,0
2796,1
2797,0
2798,0
2799,1
2800,1
2801,1
2802,0
2803,0
2804,1
2805,0
2806,1
2807,1
2808,0
2809,0
2810,1
2811,0
2812,1
2813,1
2814,1
2815,1
2816,1
2817,0
2818,1
2819,1
2820,0
2821,0
2822,0
2823,1
2824,1
2825,1
2826,0
2827,1
2828,0
2829,0
2830,1
2831,0
2832,1
2833,1
2834,1
2835,1
2836,1
2837,1
2838,0
2839,0
2840,1
2841,0
2842,1
2843,1
2844,0
2845,1
2846,0
2847,1
2848,1
2849,1
2850,1
2851,1
2852,1
2853,1
2854,1
2855,0
2856,1
2857,0
2858,1
2859,0
2860,0
2861,0
2862,0
2863,0
2864,1
2865,1
2866,1
2867,1
2868,1
2869,0
2870,1
2871,1
2872,0
2873,0
2874,0
2875,1
2876,1
2877,1
2878,1
2879,1
2880,1
2881,0
2882,0
2883,0
2884,1
2885,0
2886,1
2887,1
2888,0
2889,0
2890,1
2891,1
2892,0
2893,0
2894,0
2895,0
2896,0
2897,1
2898,0
2899,0
2900,1
2901,0
2902,0
2903,1
2904,1
2905,0
2906,0
2907,0
2908,1
2909,1
2910,1
2911,1
2912,1
2913,0
2914,1
2915,0
2916,0
2917,1
2918,0
2919,1
2920,0
2921,0
2922,1
2923,0
2924,1
2925,1
2926,1
2927,1
2928,0
2929,0
2930,1
2931,1
2932,0
2933,1
2934,1
2935,1
2936,1
2937,0
2938,0
2939,0
2940,1
2941,0
2942,0
2943,0
2944,0
2945,1
2946,0
2947,0
2948,0
2949,1
2950,0
2951,1
2952,1
2953,0
2954,1
2955,0
2956,0
2957,1
2958,1
2959,1
2960,1
2961,0
2962,0
2963,1
2964,1
2965,1
2966,1
2967,1
2968,0
2969,0
2970,1
2971,1
2972,1
2973,0
2974,1
2975,0
2976,0
2977,1
2978,1
2979,1
2980,0
2981,1
2982,0
2983,0
2984,1
2985,0
2986,1
2987,0
2988,0
2989,1
2990,0
2991,0
2992,0
2993,1
2994,0
2995,0
2996,1
2997,1
2998,0
2999,1
3000,0
3001,0
3002,1
3003,1
3004,0
3005,0
3006,0
3007,0
3008,1
3009,1
3010,0
3011,0
3012,1
3013,0
3014,1
3015,1
3016,0
3017,1
3018,1
3019,0
3020,1
3021,1
3022,1
3023,1
3024,1
3025,0
3026,1
3027,0
3028,1
3029,1
3030,0
3031,1
3032,1
3033,1
3034,0
3035,1
3036,1
3037,0
3038,0
3039,0
3040,0
3041,0
3042,0
3043,1
3044,0
3045,1
3046,1
3047,1
3048,1
3049,1
3050,1
3051,1
3052,1
3053,1
3054,1
3055,0
3056,1
3057,1
3058,1
3059,1
3060,1
3061,1
3062,0
3063,0
3064,1
3065,1
3066,1
3067,1
3068,1
3069,0
3070,0
3071,0
3072,1
3073,0
3074,0
3075,0
3076,1
3077,1
3078,1
3079,1
3080,1
3081,0
3082,1
3083,0
3084,1
3085,1
3086,0
3087,1
3088,0
3089,0
3090,1
3091,1
3092,1
3093,0
3094,1
3095,0
3096,0
3097,0
3098,1
3099,0
3100,1
3101,0
3102,0
3103,1
3104,1
3105,1
3106,0
3107,0
3108,0
3109,0
3110,1
3111,1
3112,1
3113,0
3114,1
3115,1
3116,1
3117,1
3118,0
3119,1
3120,1
3121,0
3122,1
3123,1
3124,0
3125,0
3126,0
3127,1
3128,1
3129,0
3130,1
3131,0
3132,1
3133,1
3134,1
3135,1
3136,1
3137,1
3138,1
3139,0
3140,0
3141,1
3142,0
3143,1
3144,1
3145,0
3146,1
3147,1
3148,0
3149,1
3150,1
3151,0
3152,1
3153,0
3154,1
3155,0
3156,0
3157,1
3158,0
3159,0
3160,1
3161,1
3162,1
3163,0
3164,0
3165,1
3166,0
3167,1
3168,0
3169,1
3170,0
3171,0
3172,0
3173,1
3174,1
3175,0
3176,0
3177,1
3178,0
3179,1
3180,0
3181,0
3182,1
3183,1
3184,1
3185,0
3186,0
3187,0
3188,0
3189,1
3190,1
3191,0
3192,0
3193,1
3194,0
3195,0
3196,1
3197,0
3198,0
3199,0
3200,0
3201,1
3202,1
3203,0
3204,0
3205,1
3206,0
3207,0
3208,1
3209,1
3210,1
3211,1
3212,0
3213,0
3214,1
3215,0
3216,1
3217,0
3218,1
3219,1
3220,0
3221,0
3222,1
3223,1
3224,1
3225,0
3226,0
3227,0
3228,0
3229,1
3230,1
3231,0
3232,0
3233,0
3234,0
3235,1
3236,1
3237,0
3238,0
3239,0
3240,0
3241,1
3242,1
3243,0
3244,0
3245,1
3246,0
3247,1
3248,0
3249,1
3250,1
3251,1
3252,0
3253,0
3254,1
3255,1
3256,1
3257,0
3258,0
3259,1
3260,1
3261,0
3262,1
3263,1
3264,0
3265,0
3266,0
3267,1
3268,1
3269,1
3270,1
3271,0
3272,1
3273,1
3274,0
3275,1
3276,0
3277,0
3278,1
3279,0
3280,1
3281,1
3282,1
3283,1
3284,1
3285,1
3286,1
3287,1
3288,0
3289,1
3290,0
3291,1
3292,0
3293,1
3294,0
3295,0
3296,0
3297,1
3298,1
3299,0
3300,0
3301,1
3302,1
3303,1
3304,1
3305,0
3306,0
3307,1
3308,1
3309,1
3310,0
3311,0
3312,1
3313,1
3314,0
3315,1
3316,1
3317,0
3318,1
3319,0
3320,0
3321,1
3322,0
3323,1
3324,0
3325,1
3326,1
3327,0
3328,0
3329,0
3330,1
3331,1
3332,0
3333,1
3334,0
3335,1
3336,1
3337,1
3338,0
3339,1
3340,0
3341,0
3342,1
3343,1
3344,1
3345,0
3346,0
3347,1
3348,0
3349,0
3350,1
3351,0
3352,1
3353,1
3354,0
3355,0
3356,1
3357,1
3358,0
3359,0
3360,1
3361,0
3362,1
3363,0
3364,0
3365,0
3366,0
3367,0
3368,0
3369,0
3370,1
3371,1
3372,0
3373,1
3374,0
3375,1
3376,0
3377,0
3378,0
3379,1
3380,0
3381,1
3382,0
3383,1
3384,0
3385,1
3386,0
3387,0
3388,0
3389,0
3390,1
3391,0
3392,1
3393,1
3394,1
3395,1
3396,1
3397,1
3398,1
3399,1
3400,0
3401,1
3402,0
3403,0
3404,0
3405,1
3406,0
3407,0
3408,1
3409,0
3410,0
3411,1
3412,0
3413,1
3414,0
3415,1
3416,1
3417,1
3418,1
3419,0
3420,0
3421,1
3422,1
3423,0
3424,1
3425,0
3426,0
3427,1
3428,1
3429,1
3430,0
3431,1
3432,0
3433,1
3434,0
3435,1
3436,0
3437,0
3438,0
3439,1
3440,0
3441,1
3442,0
3443,1
3444,1
3445,1
3446,1
3447,1
3448,0
3449,1
3450,1
3451,1
3452,1
3453,0
3454,0
3455,0
3456,0
3457,1
3458,1
3459,1
3460,0
3461,1
3462,1
3463,0
3464,1
3465,1
3466,1
3467,1
3468,0
3469,1
3470,0
3471,0
3472,1
3473,1
3474,1
3475,0
3476,0
3477,0
3478,0
3479,0
3480,0
3481,1
3482,0
3483,1
3484,0
3485,0
3486,0
3487,0
3488,1
3489,0
3490,1
3491,1
3492,1
3493,1
3494,1
3495,0
3496,0
3497,0
3498,1
3499,0
3500,0
3501,0
3502,0
3503,0
3504,0
3505,1
3506,1
3507,0
3508,0
3509,1
3510,0
3511,1
3512,1
3513,0
3514,0
3515,1
3516,1
3517,1
3518,1
3519,0
3520,1
3521,0
3522,1
3523,0
3524,1
3525,0
3526,0
3527,0
3528,0
3529,0
3530,1
3531,0
3532,1
3533,0
3534,1
3535,1
3536,1
3537,1
3538,1
3539,1
3540,0
3541,1
3542,1
3543,0
3544,1
3545,1
3546,0
3547,0
3548,0
3549,0
3550,1
3551,0
3552,1
3553,0
3554,1
3555,0
3556,1
3557,0
3558,1
3559,0
3560,0
3561,0
3562,0
3563,1
3564,0
3565,0
3566,0
3567,0
3568,1
3569,1
3570,0
3571,1
3572,1
3573,0
3574,1
3575,0
3576,0
3577,0
3578,0
3579,0
3580,0
3581,0
3582,1
3583,1
3584,1
3585,1
3586,1
3587,0
3588,1
3589,0
3590,0
3591,1
3592,0
3593,1
3594,0
3595,1
3596,0
3597,1
3598,1
3599,0
3600,0
3601,0
3602,1
3603,1
3604,1
3605,0
3606,0
3607,1
3608,0
3609,0
3610,1
3611,0
3612,0
3613,0
3614,1
3615,1
3616,0
3617,1
3618,0
3619,1
3620,0
3621,1
3622,0
3623,1
3624,1
3625,0
3626,1
3627,0
3628,0
3629,1
3630,1
3631,0
3632,0
3633,0
3634,1
3635,1
3636,0
3637,0
3638,1
3639,0
3640,1
3641,0
3642,1
3643,0
3644,1
3645,0
3646,0
3647,0
3648,0
3649,1
3650,0
3651,1
3652,1
3653,1
3654,0
3655,1
3656,0
3657,1
3658,1
3659,1
3660,1
3661,0
3662,0
3663,0
3664,1
3665,1
3666,1
3667,1
3668,0
3669,0
3670,0
3671,1
3672,1
3673,1
3674,0
3675,1
3676,1
3677,0
3678,1
3679,1
3680,1
3681,0
3682,1
3683,0
3684,1
3685,0
3686,0
3687,1
3688,1
3689,1
3690,0
3691,1
3692,0
3693,0
3694,1
3695,1
3696,0
3697,1
3698,0
3699,1
3700,1
3701,1
3702,0
3703,1
3704,0
3705,1
3706,0
3707,0
3708,1
3709,1
3710,0
3711,1
3712,0
3713,1
3714,0
3715,1
3716,1
3717,0
3718,1
3719,0
3720,0
3721,0
3722,0
3723,0
3724,1
3725,0
3726,0
3727,0
3728,0
3729,1
3730,1
3731,1
3732,0
3733,0
3734,1
3735,1
3736,1
3737,0
3738,1
3739,1
3740,0
3741,1
3742,0
3743,0
3744,0
3745,1
3746,1
3747,1
3748,0
3749,0
3750,1
3751,0
3752,0
3753,0
3754,1
3755,1
3756,0
3757,0
3758,1
3759,0
3760,0
3761,0
3762,0
3763,1
3764,1
3765,0
3766,1
3767,1
3768,0
3769,0
3770,1
3771,0
3772,1
3773,0
3774,1
3775,0
3776,1
3777,0
3778,1
3779,1
3780,0
3781,1
3782,0
3783,0
3784,1
3785,0
3786,0
3787,0
3788,1
3789,1
3790,0
3791,0
3792,1
3793,0
3794,0
3795,1
3796,0
3797,0
3798,0
3799,0
3800,1
3801,1
3802,1
3803,0
3804,0
3805,1
3806,1
3807,1
3808,0
3809,0
3810,0
3811,0
3812,1
3813,1
3814,1
3815,0
3816,1
3817,1
3818,1
3819,1
3820,1
3821,1
3822,0
3823,1
3824,0
3825,0
3826,1
3827,1
3828,0
3829,1
3830,1
3831,1
3832,1
3833,0
3834,0
3835,0
3836,1
3837,0
3838,1
3839,0
3840,0
3841,0
3842,0
3843,0
3844,0
3845,0
3846,0
3847,0
3848,0
3849,1
3850,1
3851,0
3852,1
3853,1
3854,0
3855,0
3856,0
3857,1
3858,0
3859,1
3860,1
3861,0
3862,1
3863,1
3864,1
3865,0
3866,1
3867,1
3868,1
3869,0
3870,0
3871,1
3872,1
3873,1
3874,0
3875,1
3876,1
3877,1
3878,0
3879,1
3880,0
3881,1
3882,0
3883,1
3884,0
3885,1
3886,0
3887,1
3888,1
3889,0
3890,1
3891,0
3892,0
3893,0
3894,0
3895,0
3896,0
3897,1
3898,1
3899,0
3900,1
3901,1
3902,1
3903,0
3904,1
3905,0
3906,0
3907,0
3908,1
3909,1
3910,1
3911,1
3912,0
3913,0
3914,0
3915,1
3916,0
3917,1
3918,0
3919,0
3920,0
3921,1
3922,0
3923,1
3924,1
3925,0
3926,1
3927,0
3928,1
3929,0
3930,0
3931,0
3932,0
3933,1
3934,0
3935,0
3936,0
3937,0
3938,1
3939,0
3940,0
3941,0
3942,1
3943,0
3944,1
3945,0
3946,1
3947,0
3948,0
3949,0
3950,1
3951,0
3952,1
3953,0
3954,0
3955,1
3956,0
3957,1
3958,0
3959,0
3960,0
3961,0
3962,1
3963,0
3964,1
3965,1
3966,0
3967,1
3968,1
3969,1
3970,0
3971,0
3972,1
3973,0
3974,0
3975,1
3976,0
3977,0
3978,1
3979,0
3980,1
3981,1
3982,1
3983,0
3984,0
3985,0
3986,1
3987,1
3988,1
3989,0
3990,1
3991,0
3992,1
3993,0
3994,1
3995,1
3996,0
3997,1
3998,1
3999,0
4000,0
4001,1
4002,0
4003,0
4004,0
4005,0
4006,0
4007,0
4008,1
4009,0
4010,1
4011,0
4012,0
4013,1
4014,1
4015,0
4016,1
4017,0
4018,0
4019,0
4020,1
4021,1
4022,1
4023,0
4024,0
4025,1
4026,0
4027,1
4028,1
4029,0
4030,0
4031,1
4032,0
4033,1
4034,0
4035,1
4036,1
4037,0
4038,1
4039,0
4040,1
4041,0
4042,0
4043,1
4044,1
4045,0
4046,0
4047,1
4048,0
4049,0
4050,0
4051,0
4052,1
4053,0
4054,0
4055,1
4056,1
4057,1
4058,0
4059,1
4060,0
4061,1
4062,0
4063,1
4064,0
4065,0
4066,1
4067,0
4068,0
4069,1
4070,1
4071,1
4072,1
4073,1
4074,1
4075,1
4076,0
4077,0
4078,1
4079,1
4080,1
4081,0
4082,0
4083,1
4084,1
4085,0
4086,1
4087,1
4088,0
4089,0
4090,1
4091,1
4092,1
4093,1
4094,0
4095,0
4096,1
4097,0
4098,0
4099,1
4100,1
4101,0
4102,0
4103,1
4104,1
4105,1
4106,1
4107,0
4108,1
4109,0
4110,1
4111,1
4112,1
4113,1
4114,1
4115,1
4116,0
4117,1
4118,0
4119,0
4120,0
4121,0
4122,0
4123,1
4124,1
4125,0
4126,0
4127,1
4128,1
4129,0
4130,1
4131,1
4132,1
4133,1
4134,1
4135,1
4136,0
4137,0
4138,0
4139,0
4140,1
4141,1
4142,0
4143,0
4144,0
4145,0
4146,1
4147,1
4148,1
4149,0
4150,0
4151,0
4152,0
4153,1
4154,0
4155,1
4156,0
4157,1
4158,1
4159,1
4160,0
4161,1
4162,1
4163,1
4164,0
4165,1
4166,1
4167,0
4168,0
4169,0
4170,1
4171,0
4172,1
4173,0
4174,0
4175,0
4176,0
4177,0
4178,1
4179,0
4180,0
4181,1
4182,1
4183,1
4184,0
4185,1
4186,1
4187,1
4188,1
4189,1
4190,1
4191,0
4192,0
4193,1
4194,0
4195,0
4196,1
4197,1
4198,0
4199,1
4200,1
4201,0
4202,1
4203,1
4204,1
4205,0
4206,1
4207,1
4208,0
4209,0
4210,0
4211,0
4212,1
4213,0
4214,0
4215,0
4216,1
4217,1
4218,0
4219,1
4220,1
4221,0
4222,1
4223,1
4224,1
4225,0
4226,0
4227,1
4228,0
4229,0
4230,1
4231,1
4232,0
4233,0
4234,0
4235,0
4236,1
4237,1
4238,1
4239,0
4240,1
4241,0
4242,0
4243,1
4244,0
4245,0
4246,1
4247,1
4248,1
4249,1
4250,0
4251,1
4252,1
4253,1
4254,1
4255,0
4256,0
4257,0
4258,0
4259,1
4260,1
4261,0
4262,0
4263,1
4264,0
4265,0
4266,1
4267,1
4268,1
4269,1
4270,0
4271,1
4272,1
4273,0
4274,1
4275,1
4276,1
4277,1
4278,0
4279,0
4280,0
4281,0
4282,1
4283,0
4284,1
4285,1
4286,1
4287,1
4288,0
4289,0
4290,1
4291,0
4292,0
4293,0
4294,1
4295,0
4296,0
4297,0
4298,1
4299,1
4300,1
4301,1
4302,1
4303,1
4304,1
4305,1
4306,1
4307,1
4308,0
4309,0
4310,0
4311,1
4312,1
4313,0
4314,0
4315,0
4316,1
4317,1
4318,1
4319,0
4320,0
4321,1
4322,1
4323,0
4324,0
4325,1
4326,1
4327,0
4328,1
4329,1
4330,1
4331,0
4332,1
4333,1
4334,0
4335,1
4336,0
4337,1
4338,1
4339,1
4340,0
4341,1
4342,1
4343,0
4344,1
4345,1
4346,0
4347,1
4348,1
4349,0
4350,1
4351,1
4352,1
4353,1
4354,0
4355,1
4356,0
4357,0
4358,0
4359,1
4360,0
4361,1
4362,0
4363,0
4364,1
4365,1
4366,1
4367,0
4368,0
4369,0
4370,1
4371,1
4372,1
4373,1
4374,1
4375,1
4376,0
4377,0
4378,1
4379,1
4380,0
4381,1
4382,0
4383,0
4384,1
4385,1
4386,0
4387,0
4388,1
4389,1
4390,1
4391,0
4392,0
4393,1
4394,1
4395,1
4396,0
4397,1
4398,1
4399,1
4400,1
4401,1
4402,1
4403,1
4404,1
4405,1
4406,0
4407,1
4408,0
4409,1
4410,1
4411,0
4412,1
4413,1
4414,1
4415,0
4416,1
4417,1
4418,1
4419,0
4420,1
4421,1
4422,0
4423,1
4424,0
4425,1
4426,1
4427,1
4428,1
4429,0
4430,1
4431,0
4432,0
4433,1
4434,1
4435,0
4436,1
4437,1
4438,1
4439,0
4440,1
4441,1
4442,0
4443,0
4444,0
4445,1
4446,0
4447,0
4448,0
4449,0
4450,1
4451,0
4452,1
4453,1
4454,1
4455,1
4456,0
4457,1
4458,1
4459,0
4460,1
4461,1
4462,1
4463,1
4464,1
4465,1
4466,0
4467,1
4468,1
4469,0
4470,1
4471,0
4472,0
4473,1
4474,1
4475,0
4476,1
4477,0
4478,0
4479,1
4480,0
4481,1
4482,0
4483,1
4484,0
4485,1
4486,1
4487,1
4488,0
4489,0
4490,1
4491,1
4492,1
4493,1
4494,1
4495,0
4496,1
4497,0
4498,0
4499,1
4500,1
4501,1
4502,1
4503,1
4504,0
4505,0
4506,1
4507,0
4508,1
4509,0
4510,1
4511,1
4512,0
4513,0
4514,1
4515,0
4516,1
4517,0
4518,1
4519,0
4520,0
4521,0
4522,1
4523,1
4524,1
4525,0
4526,0
4527,0
4528,1
4529,1
4530,0
4531,0
4532,0
4533,1
4534,1
4535,1
4536,0
4537,0
4538,1
4539,1
4540,0
4541,1
4542,1
4543,0
4544,1
4545,1
4546,1
4547,0
4548,0
4549,0
4550,1
4551,1
4552,0
4553,0
4554,0
4555,1
4556,1
4557,1
4558,1
4559,0
4560,0
4561,1
4562,0
4563,0
4564,0
4565,1
4566,1
4567,0
4568,1
4569,0
4570,0
4571,1
4572,1
4573,0
4574,1
4575,0
4576,0
4577,1
4578,1
4579,0
4580,0
4581,1
4582,1
4583,0
4584,0
4585,1
4586,1
4587,1
4588,1
4589,0
4590,0
4591,1
4592,1
4593,0
4594,1
4595,1
4596,1
4597,1
4598,0
4599,0
4600,0
4601,1
4602,1
4603,0
4604,0
4605,0
4606,1
4607,0
4608,1
4609,1
4610,0
4611,0
4612,0
4613,1
4614,0
4615,0
4616,0
4617,0
4618,1
4619,0
4620,0
4621,0
4622,1
4623,1
4624,0
4625,0
4626,1
4627,1
4628,1
4629,0
4630,0
4631,0
4632,1
4633,0
4634,0
4635,0
4636,1
4637,1
4638,0
4639,0
4640,0
4641,1
4642,1
4643,0
4644,0
4645,1
4646,1
4647,1
4648,1
4649,1
4650,1
4651,1
4652,1
4653,0
4654,0
4655,0
4656,0
4657,0
4658,1
4659,0
4660,1
4661,1
4662,0
4663,1
4664,0
4665,0
4666,1
4667,1
4668,1
4669,1
4670,0
4671,0
4672,1
4673,1
4674,0
4675,1
4676,0
4677,1
4678,1
4679,1
4680,1
4681,1
4682,0
4683,1
4684,0
4685,1
4686,0
4687,0
4688,1
4689,1
4690,1
4691,0
4692,1
4693,0
4694,0
4695,1
4696,1
4697,0
4698,0
4699,1
4700,0
4701,0
4702,1
4703,1
4704,1
4705,0
4706,0
4707,0
4708,1
4709,1
4710,1
4711,1
4712,1
4713,0
4714,0
4715,0
4716,1
4717,0
4718,1
4719,1
4720,1
4721,0
4722,1
4723,0
4724,1
4725,1
4726,0
4727,0
4728,1
4729,0
4730,1
4731,0
4732,1
4733,1
4734,0
4735,0
4736,1
4737,0
4738,0
4739,1
4740,0
4741,0
4742,1
4743,0
4744,0
4745,0
4746,0
4747,1
4748,1
4749,0
4750,0
4751,0
4752,1
4753,0
4754,1
4755,1
4756,1
4757,0
4758,1
4759,1
4760,0
4761,1
4762,0
4763,1
4764,1
4765,1
4766,0
4767,1
4768,1
4769,0
4770,0
4771,1
4772,1
4773,1
4774,0
4775,0
4776,1
4777,0
4778,1
4779,0
4780,1
4781,0
4782,0
4783,0
4784,1
4785,0
4786,1
4787,0
4788,0
4789,0
4790,1
4791,0
4792,1
4793,0
4794,1
4795,0
4796,1
4797,1
4798,1
4799,0
4800,1
4801,0
4802,0
4803,1
4804,1
4805,1
4806,0
4807,1
4808,1
4809,1
4810,1
4811,1
4812,0
4813,1
4814,0
4815,0
4816,1
4817,0
4818,0
4819,0
4820,1
4821,0
4822,1
4823,0
4824,1
4825,0
4826,0
4827,1
4828,0
4829,1
4830,0
4831,0
4832,1
4833,0
4834,1
4835,0
4836,0
4837,1
4838,0
4839,1
4840,0
4841,0
4842,1
4843,0
4844,0
4845,0
4846,1
4847,0
4848,1
4849,0
4850,0
4851,1
4852,1
4853,0
4854,0
4855,0
4856,0
4857,1
4858,1
4859,0
4860,1
4861,1
4862,1
4863,0
4864,1
4865,0
4866,0
4867,0
4868,1
4869,1
4870,0
4871,1
4872,1
4873,0
4874,0
4875,1
4876,0
4877,1
4878,0
4879,0
4880,1
4881,1
4882,1
4883,1
4884,0
4885,0
4886,0
4887,0
4888,0
4889,0
4890,0
4891,0
4892,1
4893,0
4894,0
4895,0
4896,1
4897,0
4898,1
4899,0
4900,1
4901,0
4902,1
4903,1
4904,0
4905,0
4906,0
4907,0
4908,1
4909,1
4910,1
4911,0
4912,1
4913,0
4914,0
4915,1
4916,0
4917,1
4918,1
4919,0
4920,0
4921,1
4922,0
4923,1
4924,0
4925,0
4926,0
4927,0
4928,1
4929,0
4930,1
4931,0
4932,1
4933,0
4934,1
4935,1
4936,0
4937,1
4938,1
4939,0
4940,0
4941,0
4942,1
4943,1
4944,0
4945,1
4946,1
4947,1
4948,1
4949,1
4950,1
4951,0
4952,0
4953,0
4954,1
4955,1
4956,1
4957,0
4958,1
4959,1
4960,0
4961,1
4962,0
4963,1
4964,1
4965,0
4966,0
4967,1
4968,0
4969,1
4970,1
4971,0
4972,1
4973,1
4974,1
4975,1
4976,1
4977,1
4978,1
4979,0
4980,1
4981,0
4982,0
4983,1
4984,1
4985,1
4986,1
4987,1
4988,1
4989,1
4990,0
4991,1
4992,0
4993,0
4994,0
4995,0
4996,1
4997,1
4998,0
4999,0
5000,1
5001,1
5002,1
5003,1
5004,0
5005,1
5006,0
5007,1
5008,1
5009,0
5010,0
5011,1
5012,1
5013,1
5014,0
5015,1
5016,0
5017,0
5018,0
5019,1
5020,1
5021,1
5022,1
5023,1
5024,1
5025,1
5026,1
5027,1
5028,0
5029,0
5030,0
5031,1
5032,1
5033,0
5034,0
5035,0
5036,0
5037,0
5038,0
5039,1
5040,0
5041,1
5042,0
5043,1
5044,1
5045,0
5046,0
5047,1
5048,1
5049,0
5050,1
5051,0
5052,1
5053,0
5054,1
5055,0
5056,0
5057,1
5058,1
5059,1
5060,0
5061,1
5062,0
5063,0
5064,0
5065,1
5066,0
5067,0
5068,0
5069,0
5070,1
5071,0
5072,1
5073,1
5074,1
5075,0
5076,0
5077,1
5078,0
5079,0
5080,1
5081,1
5082,0
5083,0
5084,1
5085,1
5086,1
5087,0
5088,1
5089,0
5090,1
5091,0
5092,1
5093,1
5094,0
5095,1
5096,1
5097,0
5098,0
5099,0
5100,1
5101,0
5102,1
5103,1
5104,1
5105,1
5106,1
5107,1
5108,0
5109,0
5110,0
5111,0
5112,0
5113,1
5114,1
5115,1
5116,1
5117,0
5118,1
5119,1
5120,1
5121,0
5122,1
5123,1
5124,0
5125,1
5126,1
5127,0
5128,1
5129,0
5130,1
5131,0
5132,0
5133,1
5134,0
5135,1
5136,1
5137,1
5138,0
5139,1
5140,1
5141,0
5142,0
5143,1
5144,1
5145,0
5146,0
5147,0
5148,0
5149,0
5150,1
5151,0
5152,0
5153,1
5154,1
5155,1
5156,1
5157,0
5158,1
5159,0
5160,1
5161,0
5162,0
5163,0
5164,1
5165,1
5166,1
5167,0
5168,1
5169,1
5170,1
5171,1
5172,1
5173,1
5174,0
5175,0
5176,1
5177,0
5178,0
5179,1
5180,0
5181,0
5182,1
5183,0
5184,1
5185,0
5186,1
5187,0
5188,1
5189,1
5190,0
5191,0
5192,1
5193,0
5194,0
5195,0
5196,0
5197,1
5198,1
5199,1
5200,0
5201,0
5202,0
5203,1
5204,1
5205,1
5206,1
5207,0
5208,0
5209,1
5210,1
5211,0
5212,0
5213,1
5214,0
5215,1
5216,1
5217,1
5218,0
5219,1
5220,0
5221,0
5222,1
5223,1
5224,1
5225,0
5226,0
5227,1
5228,1
5229,0
5230,1
5231,1
5232,1
5233,0
5234,0
5235,0
5236,0
5237,1
5238,1
5239,0
5240,0
5241,1
5242,0
5243,0
5244,0
5245,1
5246,1
5247,1
5248,0
5249,1
5250,0
5251,0
5252,0
5253,0
5254,1
5255,0
5256,1
5257,0
5258,1
5259,0
5260,1
5261,0
5262,1
5263,0
5264,1
5265,1
5266,1
5267,1
5268,1
5269,0
5270,1
5271,0
5272,1
5273,0
5274,1
5275,0
5276,1
5277,0
5278,1
5279,1
5280,0
5281,0
5282,0
5283,1
5284,0
5285,0
5286,0
5287,1
5288,1
5289,0
5290,0
5291,0
5292,0
5293,0
5294,1
5295,1
5296,0
5297,0
5298,1
5299,1
5300,0
5301,1
5302,1
5303,0
5304,1
5305,0
5306,1
5307,1
5308,1
5309,0
5310,1
5311,1
5312,0
5313,1
5314,1
5315,0
5316,0
5317,1
5318,0
5319,1
5320,0
5321,1
5322,0
5323,0
5324,0
5325,0
5326,0
5327,1
5328,1
5329,0
5330,0
5331,1
5332,0
5333,0
5334,1
5335,0
5336,0
5337,0
5338,1
5339,0
5340,1
5341,0
5342,1
5343,0
5344,1
5345,1
5346,0
5347,0
5348,1
5349,1
5350,0
5351,1
5352,0
5353,1
5354,0
5355,0
5356,0
5357,0
5358,1
5359,1
5360,1
5361,0
5362,0
5363,1
5364,1
5365,1
5366,0
5367,0
5368,0
5369,1
5370,1
5371,0
5372,0
5373,1
5374,1
5375,0
5376,0
5377,0
5378,1
5379,1
5380,0
5381,1
5382,1
5383,1
5384,1
5385,0
5386,1
5387,0
5388,1
5389,0
5390,0
5391,0
5392,1
5393,1
5394,1
5395,0
5396,0
5397,1
5398,1
5399,1
5400,1
5401,1
5402,1
5403,0
5404,0
5405,1
5406,0
5407,0
5408,0
5409,1
5410,0
5411,1
5412,0
5413,1
5414,0
5415,1
5416,0
5417,1
5418,1
5419,1
5420,0
5421,0
5422,1
5423,1
5424,1
5425,1
5426,0
5427,1
5428,0
5429,0
5430,1
5431,1
5432,0
5433,1
5434,1
5435,0
5436,0
5437,0
5438,0
5439,1
5440,0
5441,1
5442,0
5443,1
5444,1
5445,1
5446,1
5447,0
5448,1
5449,1
5450,0
5451,0
5452,0
5453,0
5454,1
5455,0
5456,0
5457,0
5458,0
5459,1
5460,0
5461,0
5462,1
5463,0
5464,0
5465,1
5466,0
5467,1
5468,1
5469,1
5470,0
5471,1
5472,1
5473,0
5474,0
5475,0
5476,0
5477,0
5478,0
5479,1
5480,1
5481,1
5482,1
5483,0
5484,1
5485,1
5486,0
5487,0
5488,1
5489,1
5490,0
5491,1
5492,0
5493,1
5494,0
5495,0
5496,1
5497,1
5498,0
5499,1
5500,1
5501,0
5502,0
5503,0
5504,1
5505,0
5506,1
5507,0
5508,0
5509,0
5510,0
5511,0
5512,0
5513,1
5514,1
5515,1
5516,0
5517,1
5518,0
5519,0
5520,0
5521,1
5522,0
5523,0
5524,0
5525,0
5526,0
5527,0
5528,1
5529,0
5530,0
5531,1
5532,0
5533,1
5534,0
5535,0
5536,0
5537,0
5538,1
5539,1
5540,1
5541,1
5542,0
5543,1
5544,1
5545,1
5546,0
5547,0
5548,0
5549,0
5550,0
5551,0
5552,1
5553,0
5554,0
5555,0
5556,0
5557,0
5558,1
5559,0
5560,1
5561,1
5562,1
5563,1
5564,1
5565,1
5566,1
5567,1
5568,1
5569,0
5570,0
5571,0
5572,0
5573,0
5574,0
5575,1
5576,0
5577,1
5578,0
5579,1
5580,1
5581,1
5582,1
5583,1
5584,0
5585,1
5586,1
5587,1
5588,0
5589,1
5590,1
5591,0
5592,1
5593,0
5594,1
5595,0
5596,1
5597,0
5598,1
5599,1
5600,1
5601,0
5602,0
5603,1
5604,0
5605,1
5606,1
5607,1
5608,1
5609,1
5610,0
5611,0
5612,0
5613,1
5614,0
5615,0
5616,1
5617,1
5618,1
5619,0
5620,1
5621,1
5622,1
5623,1
5624,1
5625,0
5626,1
5627,0
5628,1
5629,0
5630,0
5631,0
5632,1
5633,0
5634,1
5635,0
5636,0
5637,1
5638,1
5639,1
5640,1
5641,1
5642,0
5643,0
5644,0
5645,1
5646,1
5647,1
5648,1
5649,1
5650,1
5651,1
5652,1
5653,0
5654,1
5655,1
5656,1
5657,1
5658,1
5659,0
5660,1
5661,0
5662,0
5663,0
5664,0
5665,1
5666,1
5667,1
5668,0
5669,1
5670,0
5671,0
5672,1
5673,1
5674,0
5675,1
5676,1
5677,1
5678,1
5679,1
5680,1
5681,1
5682,0
5683,0
5684,1
5685,1
5686,0
5687,1
5688,0
5689,0
5690,1
5691,1
5692,0
5693,1
5694,0
5695,0
5696,1
5697,0
5698,1
5699,0
5700,1
5701,1
5702,1
5703,1
5704,0
5705,1
5706,0
5707,0
5708,0
5709,1
5710,1
5711,0
5712,0
5713,1
5714,0
5715,1
5716,1
5717,1
5718,1
5719,0
5720,0
5721,0
5722,0
5723,0
5724,1
5725,0
5726,1
5727,0
5728,0
5729,1
5730,1
5731,0
5732,0
5733,0
5734,0
5735,1
5736,0
5737,1
5738,0
5739,1
5740,1
5741,1
5742,1
5743,1
5744,1
5745,0
5746,1
5747,0
5748,0
5749,0
5750,0
5751,1
5752,1
5753,0
5754,1
5755,1
5756,1
5757,0
5758,1
5759,1
5760,1
5761,0
5762,1
5763,0
5764,0
5765,1
5766,0
5767,0
5768,0
5769,0
5770,1
5771,1
5772,1
5773,1
5774,1
5775,0
5776,1
5777,0
5778,1
5779,0
5780,1
5781,1
5782,1
5783,0
5784,0
5785,1
5786,0
5787,0
5788,1
5789,1
5790,0
5791,1
5792,0
5793,0
5794,1
5795,0
5796,0
5797,1
5798,0
5799,0
5800,0
5801,0
5802,1
5803,1
5804,1
5805,0
5806,0
5807,0
5808,1
5809,1
5810,1
5811,1
5812,1
5813,1
5814,1
5815,0
5816,1
5817,0
5818,0
5819,0
5820,1
5821,0
5822,0
5823,1
5824,1
5825,0
5826,0
5827,1
5828,0
5829,1
5830,1
5831,0
5832,0
5833,1
5834,0
5835,1
5836,0
5837,0
5838,0
5839,0
5840,0
5841,1
5842,1
5843,0
5844,0
5845,1
5846,1
5847,1
5848,0
5849,1
5850,1
5851,1
5852,1
5853,1
5854,1
5855,1
5856,1
5857,1
5858,1
5859,1
5860,1
5861,1
5862,1
5863,1
5864,1
5865,0
5866,0
5867,1
5868,1
5869,0
5870,1
5871,0
5872,1
5873,0
5874,1
5875,1
5876,0
5877,1
5878,0
5879,1
5880,1
5881,1
5882,0
5883,0
5884,1
5885,0
5886,0
5887,1
5888,0
5889,0
5890,0
5891,1
5892,1
5893,1
5894,1
5895,0
5896,0
5897,1
5898,1
5899,0
5900,0
5901,0
5902,1
5903,0
5904,0
5905,1
5906,1
5907,0
5908,0
5909,1
5910,1
5911,0
5912,1
5913,1
5914,0
5915,1
5916,1
5917,1
5918,1
5919,0
5920,0
5921,0
5922,0
5923,0
5924,0
5925,0
5926,0
5927,0
5928,1
5929,1
5930,1
5931,0
5932,1
5933,0
5934,0
5935,1
5936,0
5937,0
5938,0
5939,1
5940,0
5941,1
5942,1
5943,0
5944,1
5945,1
5946,0
5947,1
5948,0
5949,1
5950,0
5951,1
5952,0
