"ID","Choice0","Choice1"
1,0.556,0.444
2,0.564,0.436
3,0.886,0.114
4,0.784,0.216
5,0.424,0.576
6,0.638,0.362
7,0.206,0.794
8,0.032,0.968
9,0.964,0.036
10,0.192,0.808
11,0.554,0.446
12,0.076,0.924
13,0.378,0.622
14,0.574,0.426
15,0.128,0.872
16,0.17,0.83
17,0.018,0.982
18,0.688,0.312
19,0.066,0.934
20,0.486,0.514
21,0.244,0.756
22,0.816,0.184
23,0.094,0.906
24,0.21,0.79
25,0.878,0.122
26,0.952,0.048
27,0.766,0.234
28,0.546,0.454
29,0.824,0.176
30,0.206,0.794
31,0.888,0.112
32,0.022,0.978
33,0.358,0.642
34,0.058,0.942
35,0.446,0.554
36,0.434,0.566
37,0.508,0.492
38,0.418,0.582
39,0.268,0.732
40,0.424,0.576
41,0.15,0.85
42,0.932,0.068
43,0.818,0.182
44,0.012,0.988
45,0.868,0.132
46,0.24,0.76
47,0.168,0.832
48,0.922,0.078
49,0.916,0.084
50,0.406,0.594
51,0.666,0.334
52,0.934,0.066
53,0.776,0.224
54,0.438,0.562
55,0.026,0.974
56,0.524,0.476
57,0.77,0.23
58,0.454,0.546
59,0.81,0.19
60,0.014,0.986
61,0.524,0.476
62,0.34,0.66
63,0.762,0.238
64,0.554,0.446
65,0.482,0.518
66,0.948,0.052
67,0.4,0.6
68,0.672,0.328
69,0.256,0.744
70,0.356,0.644
71,0.198,0.802
72,0.556,0.444
73,0.59,0.41
74,0.366,0.634
75,0.284,0.716
76,0.248,0.752
77,0.358,0.642
78,0.356,0.644
79,0.806,0.194
80,0.956,0.044
81,0.364,0.636
82,0.944,0.056
83,0.632,0.368
84,0.374,0.626
85,0.458,0.542
86,0.474,0.526
87,0.434,0.566
88,0.784,0.216
89,0.016,0.984
90,0.386,0.614
91,0.666,0.334
92,0.866,0.134
93,0.236,0.764
94,0.184,0.816
95,0.604,0.396
96,0.536,0.464
97,0.21,0.79
98,0.252,0.748
99,0.434,0.566
100,0.536,0.464
101,0.394,0.606
102,0.022,0.978
103,0.056,0.944
104,0.63,0.37
105,0.356,0.644
106,0.334,0.666
107,0.544,0.456
108,0.606,0.394
109,0.582,0.418
110,0.268,0.732
111,0.466,0.534
112,0.596,0.404
113,0.068,0.932
114,0.482,0.518
115,0.002,0.998
116,0.262,0.738
117,0.368,0.632
118,0,1
119,0.05,0.95
120,0.132,0.868
121,0.066,0.934
122,0.156,0.844
123,0.91,0.09
124,0.362,0.638
125,0.374,0.626
126,0.06,0.94
127,0.226,0.774
128,0.8,0.2
129,0.564,0.436
130,0.198,0.802
131,0.41,0.59
132,0.494,0.506
133,0.71,0.29
134,0.234,0.766
135,0.934,0.066
136,0.436,0.564
137,0.008,0.992
138,0.546,0.454
139,0.26,0.74
140,0.614,0.386
141,0.012,0.988
142,0.076,0.924
143,0.39,0.61
144,0.174,0.826
145,0.466,0.534
146,0.99,0.01
147,0.68,0.32
148,0.838,0.162
149,0.466,0.534
150,0.062,0.938
151,0.756,0.244
152,0.732,0.268
153,0.088,0.912
154,0.026,0.974
155,0.546,0.454
156,0.712,0.288
157,0.226,0.774
158,0.058,0.942
159,0.392,0.608
160,0.496,0.504
161,0.576,0.424
162,0.324,0.676
163,0.446,0.554
164,0.292,0.708
165,0.482,0.518
166,0.412,0.588
167,0.074,0.926
168,0.088,0.912
169,0.646,0.354
170,0.682,0.318
171,0.468,0.532
172,0.592,0.408
173,0.882,0.118
174,0.47,0.53
175,0.554,0.446
176,0.654,0.346
177,0.462,0.538
178,0.032,0.968
179,0.378,0.622
180,0.082,0.918
181,0.506,0.494
182,0.486,0.514
183,0.104,0.896
184,0.5,0.5
185,0.642,0.358
186,0.248,0.752
187,0.644,0.356
188,0.742,0.258
189,0.262,0.738
190,0.024,0.976
191,0.166,0.834
192,0.126,0.874
193,0.922,0.078
194,0.292,0.708
195,0.028,0.972
196,0.018,0.982
197,0.476,0.524
198,0.006,0.994
199,0.17,0.83
200,0.452,0.548
201,0.236,0.764
202,0.078,0.922
203,0.66,0.34
204,0.5,0.5
205,0.032,0.968
206,0.806,0.194
207,0.744,0.256
208,0.144,0.856
209,0.998,0.002
210,0.944,0.056
211,0.034,0.966
212,0.36,0.64
213,0.306,0.694
214,0.288,0.712
215,0.036,0.964
216,0.806,0.194
217,0.254,0.746
218,0.05,0.95
219,0.176,0.824
220,0.924,0.076
221,0.494,0.506
222,0.142,0.858
223,0.502,0.498
224,0.786,0.214
225,0.622,0.378
226,0.69,0.31
227,0.014,0.986
228,0.988,0.012
229,0.048,0.952
230,0.418,0.582
231,0.986,0.014
232,0.852,0.148
233,0.714,0.286
234,0.048,0.952
235,0.212,0.788
236,0.358,0.642
237,0.886,0.114
238,0.334,0.666
239,0.21,0.79
240,0.242,0.758
241,0.002,0.998
242,0.504,0.496
243,0.422,0.578
244,0.106,0.894
245,0.954,0.046
246,0.146,0.854
247,0.82,0.18
248,0.016,0.984
249,0.016,0.984
250,0.456,0.544
251,0.16,0.84
252,0.006,0.994
253,0.578,0.422
254,0.462,0.538
255,0.782,0.218
256,0.952,0.048
257,0.81,0.19
258,0.582,0.418
259,0.466,0.534
260,0.23,0.77
261,0.876,0.124
262,0,1
263,0.158,0.842
264,0.03,0.97
265,0.15,0.85
266,0.366,0.634
267,0.384,0.616
268,0.674,0.326
269,0.362,0.638
270,0.052,0.948
271,0.396,0.604
272,0.09,0.91
273,0.558,0.442
274,0.768,0.232
275,0.04,0.96
276,0.596,0.404
277,0.092,0.908
278,0.106,0.894
279,0.242,0.758
280,0.484,0.516
281,0.566,0.434
282,0.418,0.582
283,0.238,0.762
284,0.268,0.732
285,0.414,0.586
286,0.324,0.676
287,0.396,0.604
288,0.036,0.964
289,0.394,0.606
290,0.766,0.234
291,0.08,0.92
292,0.024,0.976
293,0.154,0.846
294,0.852,0.148
295,0.012,0.988
296,0.742,0.258
297,0.04,0.96
298,0.172,0.828
299,0.07,0.93
300,0.042,0.958
301,0.908,0.092
302,0.458,0.542
303,0.388,0.612
304,0.484,0.516
305,0.042,0.958
306,0.504,0.496
307,0.982,0.018
308,0.358,0.642
309,0.342,0.658
310,0.914,0.086
311,0.532,0.468
312,0.664,0.336
313,0.63,0.37
314,0.302,0.698
315,0.41,0.59
316,0.222,0.778
317,0.004,0.996
318,0.724,0.276
319,0.628,0.372
320,0.416,0.584
321,0.462,0.538
322,0.266,0.734
323,0.98,0.02
324,0.218,0.782
325,0.05,0.95
326,0.884,0.116
327,0.858,0.142
328,0.362,0.638
329,0.042,0.958
330,0.4,0.6
331,0.554,0.446
332,0.868,0.132
333,0.03,0.97
334,0.97,0.03
335,0.076,0.924
336,0.074,0.926
337,0.398,0.602
338,0.32,0.68
339,0.112,0.888
340,0.058,0.942
341,0.042,0.958
342,0.226,0.774
343,0.038,0.962
344,0.882,0.118
345,0.384,0.616
346,0.672,0.328
347,0.194,0.806
348,0.432,0.568
349,0.374,0.626
350,0.966,0.034
351,0.286,0.714
352,0.522,0.478
353,0.402,0.598
354,0.976,0.024
355,0.408,0.592
356,0.086,0.914
357,0.056,0.944
358,0.266,0.734
359,0.68,0.32
360,0.002,0.998
361,0.406,0.594
362,0.174,0.826
363,0.284,0.716
364,0.76,0.24
365,0.072,0.928
366,0.826,0.174
367,0.788,0.212
368,0.424,0.576
369,0.186,0.814
370,0.062,0.938
371,0.864,0.136
372,0.568,0.432
373,0.158,0.842
374,0.506,0.494
375,0.416,0.584
376,0.038,0.962
377,0.276,0.724
378,0.4,0.6
379,0.722,0.278
380,0.528,0.472
381,0.952,0.048
382,0.4,0.6
383,0.004,0.996
384,0.414,0.586
385,0.838,0.162
386,0.33,0.67
387,0.716,0.284
388,0.664,0.336
389,0.39,0.61
390,0.068,0.932
391,0.168,0.832
392,0.906,0.094
393,0.706,0.294
394,0.848,0.152
395,0.39,0.61
396,0.582,0.418
397,0.48,0.52
398,0.446,0.554
399,0.364,0.636
400,0.99,0.01
401,0.164,0.836
402,0.414,0.586
403,0.692,0.308
404,0.804,0.196
405,0.278,0.722
406,0.02,0.98
407,0.438,0.562
408,0.058,0.942
409,0.194,0.806
410,0.99,0.01
411,0.974,0.026
412,0.364,0.636
413,0.596,0.404
414,0.26,0.74
415,0.51,0.49
416,0.934,0.066
417,0.572,0.428
418,0.894,0.106
419,0.02,0.98
420,0.134,0.866
421,0.426,0.574
422,0.436,0.564
423,0.266,0.734
424,0.816,0.184
425,1,0
426,0.62,0.38
427,0.462,0.538
428,0.44,0.56
429,0.09,0.91
430,0.256,0.744
431,0.96,0.04
432,0.646,0.354
433,0.05,0.95
434,0.838,0.162
435,0.52,0.48
436,0.224,0.776
437,0.42,0.58
438,0.598,0.402
439,0.542,0.458
440,0.038,0.962
441,0.368,0.632
442,0.384,0.616
443,0.594,0.406
444,0.456,0.544
445,0.304,0.696
446,0.052,0.948
447,0.682,0.318
448,0.422,0.578
449,0.552,0.448
450,0.576,0.424
451,0.452,0.548
452,0.384,0.616
453,0.332,0.668
454,0.392,0.608
455,0.192,0.808
456,0.624,0.376
457,0.614,0.386
458,0.52,0.48
459,0.81,0.19
460,0.5,0.5
461,0.4,0.6
462,0.274,0.726
463,0.35,0.65
464,0.646,0.354
465,0.982,0.018
466,0.78,0.22
467,0.556,0.444
468,0.274,0.726
469,0.06,0.94
470,0.06,0.94
471,0.332,0.668
472,0.188,0.812
473,0.16,0.84
474,0.678,0.322
475,0.536,0.464
476,0.956,0.044
477,0.174,0.826
478,0.308,0.692
479,0.258,0.742
480,0.04,0.96
481,0.264,0.736
482,0.004,0.996
483,0.95,0.05
484,0.064,0.936
485,0.452,0.548
486,0.964,0.036
487,0.816,0.184
488,0.644,0.356
489,0.128,0.872
490,0.364,0.636
491,0.7,0.3
492,0.98,0.02
493,0.02,0.98
494,0.61,0.39
495,0.224,0.776
496,0.112,0.888
497,0.322,0.678
498,0.434,0.566
499,0.43,0.57
500,0.312,0.688
501,0.512,0.488
502,0.692,0.308
503,0.582,0.418
504,0.074,0.926
505,0.012,0.988
506,0.332,0.668
507,0.754,0.246
508,0.034,0.966
509,0.872,0.128
510,0.866,0.134
511,0.514,0.486
512,0.706,0.294
513,0.956,0.044
514,0.376,0.624
515,0.928,0.072
516,0.866,0.134
517,0.98,0.02
518,0.374,0.626
519,0.01,0.99
520,0.622,0.378
521,0.334,0.666
522,0.42,0.58
523,0.126,0.874
524,0.41,0.59
525,0.224,0.776
526,0.478,0.522
527,0.256,0.744
528,0.196,0.804
529,0.064,0.936
530,0.7,0.3
531,0.02,0.98
532,0.126,0.874
533,0.52,0.48
534,0.144,0.856
535,0.944,0.056
536,0.108,0.892
537,0.054,0.946
538,0.44,0.56
539,0.408,0.592
540,0.76,0.24
541,0.696,0.304
542,0.212,0.788
543,0.41,0.59
544,0.108,0.892
545,0.224,0.776
546,0.742,0.258
547,0.384,0.616
548,0.848,0.152
549,0.112,0.888
550,0.978,0.022
551,0.678,0.322
552,0.962,0.038
553,0.402,0.598
554,0.472,0.528
555,0.024,0.976
556,0.954,0.046
557,0.002,0.998
558,0.198,0.802
559,0.014,0.986
560,0.362,0.638
561,0.062,0.938
562,0.626,0.374
563,0.2,0.8
564,0.394,0.606
565,0.154,0.846
566,0.924,0.076
567,0.096,0.904
568,0.546,0.454
569,0.99,0.01
570,0.346,0.654
571,0.01,0.99
572,0.568,0.432
573,0.03,0.97
574,0.896,0.104
575,0.012,0.988
576,0.816,0.184
577,0.952,0.048
578,0.394,0.606
579,0.998,0.002
580,0.146,0.854
581,0.008,0.992
582,0.03,0.97
583,0.566,0.434
584,0.684,0.316
585,0.594,0.406
586,0.094,0.906
587,0.308,0.692
588,0.88,0.12
589,0.886,0.114
590,0.628,0.372
591,0.318,0.682
592,0.356,0.644
593,0.552,0.448
594,0.458,0.542
595,0.074,0.926
596,0.428,0.572
597,0.288,0.712
598,0.09,0.91
599,0.942,0.058
600,0.51,0.49
601,0.636,0.364
602,0.188,0.812
603,0.55,0.45
604,0.112,0.888
605,0.942,0.058
606,0.51,0.49
607,0.446,0.554
608,0.75,0.25
609,0.96,0.04
610,0.156,0.844
611,0.348,0.652
612,0.732,0.268
613,0.246,0.754
614,0.566,0.434
615,0.432,0.568
616,0.442,0.558
617,0.98,0.02
618,0.922,0.078
619,0.424,0.576
620,0.186,0.814
621,0.144,0.856
622,0.784,0.216
623,0.154,0.846
624,0.17,0.83
625,0.992,0.008
626,0.326,0.674
627,0.006,0.994
628,0.59,0.41
629,0.618,0.382
630,0.126,0.874
631,0.49,0.51
632,0.094,0.906
633,0.85,0.15
634,0.738,0.262
635,0.24,0.76
636,0.182,0.818
637,0.72,0.28
638,0.32,0.68
639,0.012,0.988
640,0.946,0.054
641,0.226,0.774
642,0.446,0.554
643,0.692,0.308
644,0.238,0.762
645,0.01,0.99
646,0.078,0.922
647,0.5,0.5
648,0.728,0.272
649,0.054,0.946
650,0.228,0.772
651,0.2,0.8
652,0.466,0.534
653,0.346,0.654
654,0.872,0.128
655,0.838,0.162
656,0.096,0.904
657,0.448,0.552
658,0.432,0.568
659,1,0
660,0.162,0.838
661,0.526,0.474
662,0.502,0.498
663,0.138,0.862
664,0.344,0.656
665,0.322,0.678
666,0.996,0.004
667,0.61,0.39
668,0.324,0.676
669,0.538,0.462
670,0.012,0.988
671,0.298,0.702
672,0.938,0.062
673,0.698,0.302
674,0.384,0.616
675,0.262,0.738
676,0.736,0.264
677,0.356,0.644
678,0.934,0.066
679,0.562,0.438
680,0.038,0.962
681,0.274,0.726
682,0.356,0.644
683,0.57,0.43
684,0.326,0.674
685,0.18,0.82
686,0.796,0.204
687,0.348,0.652
688,0.542,0.458
689,0.392,0.608
690,0.44,0.56
691,0.116,0.884
692,0.864,0.136
693,0.282,0.718
694,0.37,0.63
695,0.508,0.492
696,0.186,0.814
697,0.09,0.91
698,0.336,0.664
699,0.908,0.092
700,0.03,0.97
701,0.6,0.4
702,0.924,0.076
703,0.632,0.368
704,0.452,0.548
705,0.312,0.688
706,0.674,0.326
707,0.636,0.364
708,0.754,0.246
709,0.06,0.94
710,0.096,0.904
711,0.52,0.48
712,0.98,0.02
713,0.706,0.294
714,0.558,0.442
715,0.884,0.116
716,0.416,0.584
717,0,1
718,0.048,0.952
719,0.684,0.316
720,0.362,0.638
721,0.346,0.654
722,0.44,0.56
723,0.492,0.508
724,0.802,0.198
725,0.464,0.536
726,0.034,0.966
727,0.65,0.35
728,0.794,0.206
729,0.694,0.306
730,0.582,0.418
731,0.588,0.412
732,0.41,0.59
733,0.26,0.74
734,0.026,0.974
735,0.588,0.412
736,0.356,0.644
737,0.716,0.284
738,0.808,0.192
739,0.688,0.312
740,0.758,0.242
741,0.154,0.846
742,0.146,0.854
743,0.652,0.348
744,0.012,0.988
745,0.36,0.64
746,0.08,0.92
747,0.562,0.438
748,0.626,0.374
749,0.2,0.8
750,0.338,0.662
751,0.586,0.414
752,0.38,0.62
753,0.97,0.03
754,0.444,0.556
755,0.648,0.352
756,0.454,0.546
757,0.33,0.67
758,0.406,0.594
759,0.644,0.356
760,0.044,0.956
761,0.346,0.654
762,0.208,0.792
763,0.346,0.654
764,0.586,0.414
765,0.92,0.08
766,0.422,0.578
767,0.502,0.498
768,0.876,0.124
769,0.14,0.86
770,0.182,0.818
771,0.67,0.33
772,0.728,0.272
773,0.828,0.172
774,0.218,0.782
775,0.818,0.182
776,0.414,0.586
777,0.69,0.31
778,0.046,0.954
779,0.756,0.244
780,0.854,0.146
781,0.052,0.948
782,0.236,0.764
783,0.46,0.54
784,0.458,0.542
785,0.306,0.694
786,0.258,0.742
787,0.352,0.648
788,0.568,0.432
789,0.562,0.438
790,0.126,0.874
791,0.034,0.966
792,0.502,0.498
793,0.666,0.334
794,0.576,0.424
795,0.016,0.984
796,0.024,0.976
797,0.568,0.432
798,0.782,0.218
799,0.878,0.122
800,0.738,0.262
801,0.014,0.986
802,0.46,0.54
803,0.93,0.07
804,0.264,0.736
805,0.452,0.548
806,0.528,0.472
807,0.576,0.424
808,0.096,0.904
809,0.442,0.558
810,0.474,0.526
811,0.506,0.494
812,0.26,0.74
813,0.52,0.48
814,0.03,0.97
815,0.006,0.994
816,0.638,0.362
817,0.152,0.848
818,0.02,0.98
819,0.904,0.096
820,0.644,0.356
821,0.572,0.428
822,0.276,0.724
823,0.012,0.988
824,0.972,0.028
825,0.616,0.384
826,0.978,0.022
827,0.494,0.506
828,0.194,0.806
829,0.432,0.568
830,0.126,0.874
831,0.948,0.052
832,0.31,0.69
833,0.012,0.988
834,0.034,0.966
835,0.52,0.48
836,0.448,0.552
837,0.026,0.974
838,0.178,0.822
839,0.926,0.074
840,0.664,0.336
841,0.472,0.528
842,0.794,0.206
843,0.83,0.17
844,0.42,0.58
845,0.072,0.928
846,0.004,0.996
847,0.462,0.538
848,0.938,0.062
849,0.476,0.524
850,0.282,0.718
851,0.678,0.322
852,0.088,0.912
853,0.028,0.972
854,0.172,0.828
855,0.432,0.568
856,0.272,0.728
857,0.2,0.8
858,0.074,0.926
859,0.482,0.518
860,0.504,0.496
861,0.086,0.914
862,0.546,0.454
863,0.286,0.714
864,0.92,0.08
865,0.462,0.538
866,0.918,0.082
867,0.364,0.636
868,0.032,0.968
869,0.11,0.89
870,0.472,0.528
871,0.168,0.832
872,0.92,0.08
873,0.364,0.636
874,0.082,0.918
875,0.756,0.244
876,0.012,0.988
877,0.214,0.786
878,0.82,0.18
879,0.044,0.956
880,0.324,0.676
881,0.204,0.796
882,0.116,0.884
883,0.018,0.982
884,0.752,0.248
885,0.006,0.994
886,0.606,0.394
887,0.59,0.41
888,0.758,0.242
889,0.046,0.954
890,0.73,0.27
891,0.18,0.82
892,0.522,0.478
893,0.236,0.764
894,0.878,0.122
895,0.146,0.854
896,0.65,0.35
897,0.618,0.382
898,0.932,0.068
899,0.966,0.034
900,0.852,0.148
901,0.454,0.546
902,0.156,0.844
903,0.138,0.862
904,0.154,0.846
905,0.358,0.642
906,0.35,0.65
907,0.426,0.574
908,0.746,0.254
909,0.252,0.748
910,0.014,0.986
911,0.35,0.65
912,0.388,0.612
913,0.356,0.644
914,0.9,0.1
915,0.792,0.208
916,0.47,0.53
917,0.57,0.43
918,0.448,0.552
919,0.124,0.876
920,0.364,0.636
921,0.092,0.908
922,0.928,0.072
923,0.948,0.052
924,0.794,0.206
925,0.812,0.188
926,0.41,0.59
927,0.524,0.476
928,0.142,0.858
929,0.844,0.156
930,0.04,0.96
931,0.926,0.074
932,0.704,0.296
933,0.628,0.372
934,0.364,0.636
935,0.184,0.816
936,0.716,0.284
937,0.616,0.384
938,0.68,0.32
939,0.064,0.936
940,0.926,0.074
941,0.988,0.012
942,0.084,0.916
943,0.488,0.512
944,0.898,0.102
945,0.292,0.708
946,0.706,0.294
947,0.556,0.444
948,0.53,0.47
949,0.868,0.132
950,0.488,0.512
951,0.798,0.202
952,0.198,0.802
953,0.56,0.44
954,0.426,0.574
955,0.864,0.136
956,0.058,0.942
957,0.3,0.7
958,0.95,0.05
959,0.146,0.854
960,0.588,0.412
961,0.006,0.994
962,0.278,0.722
963,0.04,0.96
964,0.964,0.036
965,0.33,0.67
966,0.052,0.948
967,0.074,0.926
968,0.21,0.79
969,0.664,0.336
970,0.156,0.844
971,0.508,0.492
972,0.338,0.662
973,0.286,0.714
974,0.09,0.91
975,0.676,0.324
976,0.546,0.454
977,0.492,0.508
978,0.6,0.4
979,0.218,0.782
980,0.044,0.956
981,0.3,0.7
982,0.422,0.578
983,0.454,0.546
984,0.318,0.682
985,0.022,0.978
986,0.892,0.108
987,0.56,0.44
988,0.59,0.41
989,0.28,0.72
990,0.602,0.398
991,0.546,0.454
992,0.242,0.758
993,0.074,0.926
994,0.948,0.052
995,0.584,0.416
996,0.158,0.842
997,0.118,0.882
998,0.364,0.636
999,0.366,0.634
1000,0.262,0.738
1001,0.026,0.974
1002,0.968,0.032
1003,0.054,0.946
1004,0.548,0.452
1005,0.068,0.932
1006,0.31,0.69
1007,0.448,0.552
1008,0.176,0.824
1009,0.042,0.958
1010,0.226,0.774
1011,0.008,0.992
1012,0.51,0.49
1013,0.748,0.252
1014,0.42,0.58
1015,0.962,0.038
1016,0.022,0.978
1017,0.84,0.16
1018,0.51,0.49
1019,0.058,0.942
1020,0.184,0.816
1021,0.426,0.574
1022,0.688,0.312
1023,0.226,0.774
1024,0.698,0.302
1025,0.052,0.948
1026,0.51,0.49
1027,0.866,0.134
1028,0.94,0.06
1029,0.848,0.152
1030,0.396,0.604
1031,0.44,0.56
1032,0.448,0.552
1033,0.018,0.982
1034,0.194,0.806
1035,0.022,0.978
1036,0.814,0.186
1037,0.464,0.536
1038,0.216,0.784
1039,0.396,0.604
1040,0.568,0.432
1041,0.488,0.512
1042,0.01,0.99
1043,0.22,0.78
1044,0.486,0.514
1045,0.446,0.554
1046,0.186,0.814
1047,0.548,0.452
1048,0.594,0.406
1049,0.27,0.73
1050,0.164,0.836
1051,0.024,0.976
1052,0.548,0.452
1053,0.516,0.484
1054,0.514,0.486
1055,0.796,0.204
1056,0.66,0.34
1057,0.616,0.384
1058,0.12,0.88
1059,0.842,0.158
1060,0.024,0.976
1061,0.352,0.648
1062,0.746,0.254
1063,0.38,0.62
1064,0.37,0.63
1065,0.636,0.364
1066,0.34,0.66
1067,0.322,0.678
1068,0.36,0.64
1069,0.222,0.778
1070,0.346,0.654
1071,0.048,0.952
1072,0.148,0.852
1073,0.736,0.264
1074,0.726,0.274
1075,0.602,0.398
1076,0.356,0.644
1077,0.216,0.784
1078,0.464,0.536
1079,0.92,0.08
1080,0.974,0.026
1081,0.014,0.986
1082,0.742,0.258
1083,0.502,0.498
1084,0.986,0.014
1085,0.61,0.39
1086,0.472,0.528
1087,0.984,0.016
1088,0.346,0.654
1089,0.936,0.064
1090,0.016,0.984
1091,0.63,0.37
1092,0.178,0.822
1093,0.244,0.756
1094,0.11,0.89
1095,0.83,0.17
1096,0.206,0.794
1097,0.364,0.636
1098,0.028,0.972
1099,0.03,0.97
1100,0.02,0.98
1101,0.188,0.812
1102,0.454,0.546
1103,0.25,0.75
1104,0.002,0.998
1105,0.126,0.874
1106,0.614,0.386
1107,0.044,0.956
1108,0.956,0.044
1109,0.628,0.372
1110,0.402,0.598
1111,0.934,0.066
1112,0.208,0.792
1113,0.822,0.178
1114,0.3,0.7
1115,0.512,0.488
1116,0.394,0.606
1117,0.938,0.062
1118,0.61,0.39
1119,0.748,0.252
1120,0.586,0.414
1121,0.068,0.932
1122,0.514,0.486
1123,0.958,0.042
1124,0.338,0.662
1125,0.374,0.626
1126,0.468,0.532
1127,0.474,0.526
1128,0.598,0.402
1129,0.872,0.128
1130,0.55,0.45
1131,0.688,0.312
1132,0.2,0.8
1133,0.718,0.282
1134,0.13,0.87
1135,0.448,0.552
1136,0.886,0.114
1137,0.528,0.472
1138,0.364,0.636
1139,0.13,0.87
1140,0.604,0.396
1141,0.252,0.748
1142,0.364,0.636
1143,0.878,0.122
1144,0.728,0.272
1145,0.024,0.976
1146,0.114,0.886
1147,0.14,0.86
1148,0.464,0.536
1149,0.268,0.732
1150,0.334,0.666
1151,0.608,0.392
1152,0.508,0.492
1153,0.192,0.808
1154,0.438,0.562
1155,0.468,0.532
1156,0.378,0.622
1157,0.594,0.406
1158,0.51,0.49
1159,0.534,0.466
1160,0.202,0.798
1161,0.782,0.218
1162,0.496,0.504
1163,0.536,0.464
1164,0.428,0.572
1165,0.032,0.968
1166,0.984,0.016
1167,0.902,0.098
1168,0.55,0.45
1169,0.498,0.502
1170,0.734,0.266
1171,0.836,0.164
1172,0.786,0.214
1173,0.77,0.23
1174,0.966,0.034
1175,0.048,0.952
1176,0.504,0.496
1177,0.468,0.532
1178,0.974,0.026
1179,0.708,0.292
1180,0.432,0.568
1181,0.098,0.902
1182,0.504,0.496
1183,0.008,0.992
1184,0.458,0.542
1185,0.524,0.476
1186,0.828,0.172
1187,0.434,0.566
1188,0.886,0.114
1189,0.018,0.982
1190,0.884,0.116
1191,0.496,0.504
1192,0.422,0.578
1193,0.032,0.968
1194,0.36,0.64
1195,0.486,0.514
1196,0.052,0.948
1197,0.54,0.46
1198,0.54,0.46
1199,0.066,0.934
1200,0.226,0.774
1201,0.462,0.538
1202,0.738,0.262
1203,0.012,0.988
1204,0.018,0.982
1205,0.012,0.988
1206,0.544,0.456
1207,0.424,0.576
1208,0.948,0.052
1209,0.27,0.73
1210,0.338,0.662
1211,0.788,0.212
1212,0.378,0.622
1213,0.634,0.366
1214,0.662,0.338
1215,0.412,0.588
1216,0.614,0.386
1217,0.338,0.662
1218,0.56,0.44
1219,0.032,0.968
1220,0.06,0.94
1221,0.048,0.952
1222,0.31,0.69
1223,0.346,0.654
1224,0.848,0.152
1225,0.5,0.5
1226,0.058,0.942
1227,0.404,0.596
1228,0.908,0.092
1229,0.278,0.722
1230,0.022,0.978
1231,0.424,0.576
1232,0.394,0.606
1233,0.442,0.558
1234,0.496,0.504
1235,0.43,0.57
1236,0.544,0.456
1237,0.964,0.036
1238,0.586,0.414
1239,0.998,0.002
1240,0.642,0.358
1241,0.84,0.16
1242,0.968,0.032
1243,0.818,0.182
1244,0.386,0.614
1245,0.678,0.322
1246,0.276,0.724
1247,0.39,0.61
1248,0.324,0.676
1249,0.174,0.826
1250,0.176,0.824
1251,0.512,0.488
1252,0.41,0.59
1253,0.428,0.572
1254,0.064,0.936
1255,0.656,0.344
1256,0.098,0.902
1257,0.016,0.984
1258,0.002,0.998
1259,0.118,0.882
1260,0.516,0.484
1261,0.054,0.946
1262,0.542,0.458
1263,0.388,0.612
1264,0.616,0.384
1265,0.628,0.372
1266,0.772,0.228
1267,0.046,0.954
1268,0.52,0.48
1269,0.114,0.886
1270,0.21,0.79
1271,0.448,0.552
1272,0.268,0.732
1273,0.362,0.638
1274,0.476,0.524
1275,0.812,0.188
1276,0.528,0.472
1277,0.298,0.702
1278,0.54,0.46
1279,0.162,0.838
1280,0.318,0.682
1281,0.646,0.354
1282,0.88,0.12
1283,0.018,0.982
1284,0.388,0.612
1285,0.472,0.528
1286,0.214,0.786
1287,0.472,0.528
1288,0.008,0.992
1289,0.556,0.444
1290,0.674,0.326
1291,0.402,0.598
1292,0.708,0.292
1293,0.904,0.096
1294,0.654,0.346
1295,0.064,0.936
1296,0.178,0.822
1297,0.816,0.184
1298,0.68,0.32
1299,0.814,0.186
1300,0.038,0.962
1301,0.878,0.122
1302,0.964,0.036
1303,0.496,0.504
1304,0.598,0.402
1305,0.196,0.804
1306,0.346,0.654
1307,0.452,0.548
1308,0.964,0.036
1309,0.208,0.792
1310,0.59,0.41
1311,0.406,0.594
1312,0.784,0.216
1313,0.95,0.05
1314,0.478,0.522
1315,0.754,0.246
1316,0.066,0.934
1317,0.146,0.854
1318,0.398,0.602
1319,0.042,0.958
1320,0.114,0.886
1321,0.062,0.938
1322,0.184,0.816
1323,0.906,0.094
1324,0.374,0.626
1325,0.688,0.312
1326,0.058,0.942
1327,0.966,0.034
1328,0.542,0.458
1329,0.94,0.06
1330,0.422,0.578
1331,0.964,0.036
1332,0.006,0.994
1333,0.166,0.834
1334,0.072,0.928
1335,0.002,0.998
1336,0.82,0.18
1337,0.25,0.75
1338,0.922,0.078
1339,0.698,0.302
1340,0.27,0.73
1341,0.934,0.066
1342,0.408,0.592
1343,0.586,0.414
1344,0.89,0.11
1345,0.01,0.99
1346,0.3,0.7
1347,0.748,0.252
1348,0.452,0.548
1349,0.104,0.896
1350,0.068,0.932
1351,0.474,0.526
1352,0.668,0.332
1353,0.37,0.63
1354,0.338,0.662
1355,0.872,0.128
1356,0.558,0.442
1357,0.756,0.244
1358,0.246,0.754
1359,0.428,0.572
1360,0.222,0.778
1361,0.028,0.972
1362,0.164,0.836
1363,0.046,0.954
1364,0.472,0.528
1365,0.076,0.924
1366,0.472,0.528
1367,0.056,0.944
1368,0.946,0.054
1369,0.742,0.258
1370,0.086,0.914
1371,0.658,0.342
1372,0.878,0.122
1373,0.314,0.686
1374,0.272,0.728
1375,0.352,0.648
1376,0.202,0.798
1377,0.784,0.216
1378,0.066,0.934
1379,0.312,0.688
1380,0.374,0.626
1381,0.812,0.188
1382,0.526,0.474
1383,0.292,0.708
1384,0.732,0.268
1385,0.94,0.06
1386,0.51,0.49
1387,0.444,0.556
1388,0.408,0.592
1389,0.012,0.988
1390,0.53,0.47
1391,0.958,0.042
1392,0.264,0.736
1393,0.048,0.952
1394,0.426,0.574
1395,0.482,0.518
1396,0.144,0.856
1397,0.212,0.788
1398,0.62,0.38
1399,0.014,0.986
1400,0.502,0.498
1401,0.724,0.276
1402,0.358,0.642
1403,0.364,0.636
1404,0.448,0.552
1405,0.256,0.744
1406,0.208,0.792
1407,0.052,0.948
1408,0.47,0.53
1409,0.714,0.286
1410,0.232,0.768
1411,0.28,0.72
1412,0.966,0.034
1413,0.914,0.086
1414,0.92,0.08
1415,0.57,0.43
1416,0.024,0.976
1417,0.022,0.978
1418,0.484,0.516
1419,0.158,0.842
1420,0.44,0.56
1421,0.474,0.526
1422,0.962,0.038
1423,0.96,0.04
1424,0.41,0.59
1425,0.018,0.982
1426,0.224,0.776
1427,0.216,0.784
1428,0.992,0.008
1429,0.028,0.972
1430,0.236,0.764
1431,0.068,0.932
1432,0.108,0.892
1433,0.922,0.078
1434,0.384,0.616
1435,0.154,0.846
1436,0.27,0.73
1437,0.632,0.368
1438,0.322,0.678
1439,0.342,0.658
1440,0.37,0.63
1441,0.31,0.69
1442,0.626,0.374
1443,0.166,0.834
1444,0.708,0.292
1445,0.108,0.892
1446,0.062,0.938
1447,0.224,0.776
1448,0.196,0.804
1449,0.586,0.414
1450,0.458,0.542
1451,0.962,0.038
1452,0.356,0.644
1453,0.17,0.83
1454,0.78,0.22
1455,0.522,0.478
1456,0.448,0.552
1457,0.466,0.534
1458,0.212,0.788
1459,0.698,0.302
1460,0.51,0.49
1461,0.336,0.664
1462,0.4,0.6
1463,0.378,0.622
1464,0.486,0.514
1465,0.834,0.166
1466,0.326,0.674
1467,0.468,0.532
1468,0.472,0.528
1469,0.028,0.972
1470,0.14,0.86
1471,0.35,0.65
1472,0.754,0.246
1473,0.352,0.648
1474,0.244,0.756
1475,0.012,0.988
1476,0.156,0.844
1477,0.84,0.16
1478,0.098,0.902
1479,0.284,0.716
1480,0.116,0.884
1481,0.278,0.722
1482,0.008,0.992
1483,0.786,0.214
1484,0.014,0.986
1485,0.566,0.434
1486,0.906,0.094
1487,0.114,0.886
1488,0.36,0.64
1489,0.18,0.82
1490,0.262,0.738
1491,0.266,0.734
1492,0.468,0.532
1493,0.208,0.792
1494,0.026,0.974
1495,0.666,0.334
1496,0.262,0.738
1497,0.082,0.918
1498,0.834,0.166
1499,0.02,0.98
1500,0.49,0.51
1501,0.666,0.334
1502,0.686,0.314
1503,0.128,0.872
1504,0.018,0.982
1505,0.35,0.65
1506,0.498,0.502
1507,0.25,0.75
1508,0.014,0.986
1509,0.434,0.566
1510,0.142,0.858
1511,0.914,0.086
1512,0.082,0.918
1513,0.022,0.978
1514,0.382,0.618
1515,0.078,0.922
1516,0.276,0.724
1517,0.364,0.636
1518,0.186,0.814
1519,0.502,0.498
1520,0.264,0.736
1521,0.566,0.434
1522,0.446,0.554
1523,0.012,0.988
1524,0.432,0.568
1525,0.52,0.48
1526,0.358,0.642
1527,0.982,0.018
1528,0.356,0.644
1529,0.16,0.84
1530,0.42,0.58
1531,0.312,0.688
1532,0.334,0.666
1533,0.566,0.434
1534,0.69,0.31
1535,0.154,0.846
1536,0.9,0.1
1537,0.996,0.004
1538,0.562,0.438
1539,0.01,0.99
1540,0.484,0.516
1541,0.066,0.934
1542,0.94,0.06
1543,0.854,0.146
1544,0.046,0.954
1545,0.14,0.86
1546,0.382,0.618
1547,0.348,0.652
1548,0.494,0.506
1549,0.252,0.748
1550,0.85,0.15
1551,0.304,0.696
1552,0.612,0.388
1553,0.006,0.994
1554,0.468,0.532
1555,0.41,0.59
1556,0.98,0.02
1557,0.842,0.158
1558,0,1
1559,0.37,0.63
1560,0.364,0.636
1561,0.524,0.476
1562,0.956,0.044
1563,0.432,0.568
1564,0.726,0.274
1565,0.664,0.336
1566,0.832,0.168
1567,0.044,0.956
1568,0.024,0.976
1569,0.996,0.004
1570,0.15,0.85
1571,0.43,0.57
1572,0.816,0.184
1573,0.308,0.692
1574,0.524,0.476
1575,0.234,0.766
1576,0.29,0.71
1577,0.976,0.024
1578,0.858,0.142
1579,0.616,0.384
1580,0.384,0.616
1581,0.46,0.54
1582,0.188,0.812
1583,0.286,0.714
1584,0.982,0.018
1585,0.804,0.196
1586,0.946,0.054
1587,0.09,0.91
1588,0.276,0.724
1589,0.386,0.614
1590,0.12,0.88
1591,0.44,0.56
1592,0.166,0.834
1593,0.364,0.636
1594,0.448,0.552
1595,0.552,0.448
1596,0.46,0.54
1597,0.486,0.514
1598,0.312,0.688
1599,0.476,0.524
1600,0.426,0.574
1601,0.878,0.122
1602,0.026,0.974
1603,0.454,0.546
1604,0.018,0.982
1605,0.658,0.342
1606,0.912,0.088
1607,0.192,0.808
1608,0.408,0.592
1609,0.986,0.014
1610,0.4,0.6
1611,0.372,0.628
1612,0.288,0.712
1613,0.888,0.112
1614,0.172,0.828
1615,0.894,0.106
1616,0.478,0.522
1617,0.044,0.956
1618,0.506,0.494
1619,0.126,0.874
1620,0.7,0.3
1621,0.236,0.764
1622,0.606,0.394
1623,0.52,0.48
1624,0.486,0.514
1625,0.602,0.398
1626,0.028,0.972
1627,0.61,0.39
1628,0.202,0.798
1629,0.818,0.182
1630,0.44,0.56
1631,0.244,0.756
1632,0.384,0.616
1633,0.59,0.41
1634,0.346,0.654
1635,0.006,0.994
1636,0.38,0.62
1637,0.8,0.2
1638,0.244,0.756
1639,0.594,0.406
1640,0.43,0.57
1641,0.108,0.892
1642,0.014,0.986
1643,0.364,0.636
1644,0.374,0.626
1645,0.33,0.67
1646,0.02,0.98
1647,0.258,0.742
1648,0.008,0.992
1649,0.424,0.576
1650,0.836,0.164
1651,0.838,0.162
1652,0.002,0.998
1653,0.338,0.662
1654,0.42,0.58
1655,0.07,0.93
1656,0.024,0.976
1657,0.622,0.378
1658,0.09,0.91
1659,0.894,0.106
1660,0.714,0.286
1661,0.31,0.69
1662,0.012,0.988
1663,0.956,0.044
1664,0.042,0.958
1665,0.082,0.918
1666,0.294,0.706
1667,0.754,0.246
1668,0.638,0.362
1669,0.636,0.364
1670,0.45,0.55
1671,0.368,0.632
1672,0.01,0.99
1673,0.502,0.498
1674,0.674,0.326
1675,0.18,0.82
1676,0.386,0.614
1677,0.51,0.49
1678,0.416,0.584
1679,0.346,0.654
1680,0.796,0.204
1681,0.276,0.724
1682,0.022,0.978
1683,0.482,0.518
1684,0.368,0.632
1685,0.536,0.464
1686,0.26,0.74
1687,0.216,0.784
1688,0.698,0.302
1689,0.372,0.628
1690,0.932,0.068
1691,0.026,0.974
1692,0.69,0.31
1693,0.266,0.734
1694,0.504,0.496
1695,0.396,0.604
1696,0.326,0.674
1697,0.95,0.05
1698,0.632,0.368
1699,0.476,0.524
1700,0.32,0.68
1701,0.194,0.806
1702,0.496,0.504
1703,0.502,0.498
1704,0.096,0.904
1705,0.624,0.376
1706,0.498,0.502
1707,0.9,0.1
1708,0.52,0.48
1709,0.476,0.524
1710,0.668,0.332
1711,0.066,0.934
1712,0.594,0.406
1713,0.352,0.648
1714,0.28,0.72
1715,0.378,0.622
1716,0.146,0.854
1717,0.018,0.982
1718,0.38,0.62
1719,0.278,0.722
1720,0.232,0.768
1721,0.662,0.338
1722,0.942,0.058
1723,0.914,0.086
1724,0.932,0.068
1725,0.792,0.208
1726,0.058,0.942
1727,0.494,0.506
1728,0.262,0.738
1729,0.292,0.708
1730,0.328,0.672
1731,0.89,0.11
1732,0.96,0.04
1733,0.964,0.036
1734,0.47,0.53
1735,0.388,0.612
1736,0.282,0.718
1737,0.134,0.866
1738,0.466,0.534
1739,0.624,0.376
1740,0.33,0.67
1741,0.2,0.8
1742,0.028,0.972
1743,0.41,0.59
1744,0.542,0.458
1745,0.476,0.524
1746,0.09,0.91
1747,0.216,0.784
1748,0.378,0.622
1749,0.536,0.464
1750,0.756,0.244
1751,0.372,0.628
1752,0.51,0.49
1753,0.338,0.662
1754,0.474,0.526
1755,0.524,0.476
1756,0.046,0.954
1757,0.186,0.814
1758,0.542,0.458
1759,0.42,0.58
1760,0.544,0.456
1761,0.138,0.862
1762,0.38,0.62
1763,0.478,0.522
1764,0.946,0.054
1765,0.714,0.286
1766,0.092,0.908
1767,0.722,0.278
1768,0.026,0.974
1769,0.298,0.702
1770,0.864,0.136
1771,0.078,0.922
1772,0.47,0.53
1773,0.458,0.542
1774,0.328,0.672
1775,0.16,0.84
1776,0.706,0.294
1777,0.332,0.668
1778,0.202,0.798
1779,0.294,0.706
1780,0.968,0.032
1781,0.594,0.406
1782,0.142,0.858
1783,0.032,0.968
1784,0.96,0.04
1785,0.924,0.076
1786,0.224,0.776
1787,0.392,0.608
1788,0.234,0.766
1789,0.212,0.788
1790,0.476,0.524
1791,0.644,0.356
1792,0.55,0.45
1793,0.1,0.9
1794,0.896,0.104
1795,0.016,0.984
1796,0.02,0.98
1797,0.274,0.726
1798,0.452,0.548
1799,0.978,0.022
1800,0.644,0.356
1801,0.49,0.51
1802,0.018,0.982
1803,0.158,0.842
1804,0,1
1805,0.452,0.548
1806,0.362,0.638
1807,0.056,0.944
1808,0.064,0.936
1809,0.004,0.996
1810,0.6,0.4
1811,0.594,0.406
1812,0.046,0.954
1813,0.568,0.432
1814,0.142,0.858
1815,1,0
1816,0.762,0.238
1817,0.79,0.21
1818,0.082,0.918
1819,0.49,0.51
1820,0.188,0.812
1821,0.244,0.756
1822,0.634,0.366
1823,0.898,0.102
1824,0.142,0.858
1825,0.414,0.586
1826,0.038,0.962
1827,0.08,0.92
1828,0.622,0.378
1829,0.758,0.242
1830,0.206,0.794
1831,0.9,0.1
1832,0.512,0.488
1833,0.13,0.87
1834,0.51,0.49
1835,0.72,0.28
1836,0.086,0.914
1837,0.084,0.916
1838,0.664,0.336
1839,0.922,0.078
1840,0.332,0.668
1841,0.012,0.988
1842,0.98,0.02
1843,0.042,0.958
1844,0.838,0.162
1845,0.214,0.786
1846,0.958,0.042
1847,0.472,0.528
1848,0.816,0.184
1849,0.878,0.122
1850,0.384,0.616
1851,0.588,0.412
1852,0.408,0.592
1853,0.94,0.06
1854,0.412,0.588
1855,0.934,0.066
1856,0.534,0.466
1857,0.894,0.106
1858,0.388,0.612
1859,0.72,0.28
1860,0.064,0.936
1861,0.014,0.986
1862,0.56,0.44
1863,0.216,0.784
1864,0.376,0.624
1865,0.026,0.974
1866,0.506,0.494
1867,0.456,0.544
1868,0.852,0.148
1869,0.018,0.982
1870,0.576,0.424
1871,0.05,0.95
1872,0.708,0.292
1873,0.464,0.536
1874,0.468,0.532
1875,0.082,0.918
1876,0.73,0.27
1877,0.414,0.586
1878,0.748,0.252
1879,0.922,0.078
1880,0.55,0.45
1881,0.43,0.57
1882,0.516,0.484
1883,0.498,0.502
1884,0.538,0.462
1885,0.896,0.104
1886,0.04,0.96
1887,0.488,0.512
1888,0.614,0.386
1889,0.844,0.156
1890,0.554,0.446
1891,0.322,0.678
1892,0.596,0.404
1893,0.706,0.294
1894,0.52,0.48
1895,0.17,0.83
1896,0.648,0.352
1897,0.788,0.212
1898,0.076,0.924
1899,0.216,0.784
1900,0.426,0.574
1901,0.492,0.508
1902,0.484,0.516
1903,0.594,0.406
1904,0.916,0.084
1905,0.912,0.088
1906,0.336,0.664
1907,0.36,0.64
1908,0.634,0.366
1909,0.296,0.704
1910,0.94,0.06
1911,0.658,0.342
1912,0.436,0.564
1913,0.656,0.344
1914,0.566,0.434
1915,0.444,0.556
1916,0.47,0.53
1917,0.386,0.614
1918,0.364,0.636
1919,0.91,0.09
1920,0.73,0.27
1921,0.376,0.624
1922,0.172,0.828
1923,0.704,0.296
1924,0.33,0.67
1925,0.922,0.078
1926,0.83,0.17
1927,0.534,0.466
1928,0.134,0.866
1929,0.098,0.902
1930,0.028,0.972
1931,0.344,0.656
1932,0.062,0.938
1933,0.164,0.836
1934,0.472,0.528
1935,0.368,0.632
1936,0.02,0.98
1937,0.062,0.938
1938,0.326,0.674
1939,0.402,0.598
1940,0.21,0.79
1941,0.056,0.944
1942,0.936,0.064
1943,0.208,0.792
1944,0.944,0.056
1945,0.402,0.598
1946,0.488,0.512
1947,0.03,0.97
1948,0.746,0.254
1949,0.868,0.132
1950,0.62,0.38
1951,0.544,0.456
1952,0.448,0.552
1953,0.884,0.116
1954,0.224,0.776
1955,0.366,0.634
1956,0.406,0.594
1957,0.108,0.892
1958,0.782,0.218
1959,0.532,0.468
1960,0.338,0.662
1961,0.97,0.03
1962,0.812,0.188
1963,0.246,0.754
1964,0.358,0.642
1965,0.996,0.004
1966,0.614,0.386
1967,0.122,0.878
1968,0.438,0.562
1969,0.328,0.672
1970,0.424,0.576
1971,0.6,0.4
1972,0.06,0.94
1973,0.43,0.57
1974,0.454,0.546
1975,0.646,0.354
1976,0.594,0.406
1977,0.15,0.85
1978,0.464,0.536
1979,0.034,0.966
1980,0.014,0.986
1981,0.692,0.308
1982,0.928,0.072
1983,0.698,0.302
1984,0.04,0.96
1985,0.12,0.88
1986,0.614,0.386
1987,0.226,0.774
1988,0.274,0.726
1989,0.486,0.514
1990,0.238,0.762
1991,0.484,0.516
1992,0.32,0.68
1993,0.9,0.1
1994,0.484,0.516
1995,0.272,0.728
1996,0.512,0.488
1997,0.444,0.556
1998,0.002,0.998
1999,0.986,0.014
2000,0.578,0.422
2001,0.902,0.098
2002,0.344,0.656
2003,0.02,0.98
2004,0.9,0.1
2005,0.118,0.882
2006,0.614,0.386
2007,0.476,0.524
2008,0.632,0.368
2009,0.458,0.542
2010,0.024,0.976
2011,0.086,0.914
2012,0.794,0.206
2013,0.618,0.382
2014,0.024,0.976
2015,0.118,0.882
2016,0.992,0.008
2017,0.232,0.768
2018,0.062,0.938
2019,0.518,0.482
2020,0.972,0.028
2021,0.328,0.672
2022,0.02,0.98
2023,0.514,0.486
2024,0.572,0.428
2025,0.91,0.09
2026,0,1
2027,0.322,0.678
2028,0.412,0.588
2029,0.248,0.752
2030,0.022,0.978
2031,0.886,0.114
2032,0.122,0.878
2033,0.112,0.888
2034,0.474,0.526
2035,0.012,0.988
2036,0.972,0.028
2037,0.556,0.444
2038,0.394,0.606
2039,0.232,0.768
2040,0.316,0.684
2041,0.546,0.454
2042,0.006,0.994
2043,0.294,0.706
2044,0.71,0.29
2045,0.348,0.652
2046,0.378,0.622
2047,0.148,0.852
2048,0.074,0.926
2049,0.19,0.81
2050,0.722,0.278
2051,0.306,0.694
2052,0.09,0.91
2053,0.902,0.098
2054,0.3,0.7
2055,0.11,0.89
2056,0.094,0.906
2057,0.906,0.094
2058,0.378,0.622
2059,0.65,0.35
2060,0.368,0.632
2061,0.928,0.072
2062,0.442,0.558
2063,0.3,0.7
2064,0.178,0.822
2065,0.046,0.954
2066,0.43,0.57
2067,0.006,0.994
2068,0.306,0.694
2069,0.488,0.512
2070,0.44,0.56
2071,0.84,0.16
2072,0.59,0.41
2073,0.426,0.574
2074,0.01,0.99
2075,0.79,0.21
2076,0.54,0.46
2077,0.244,0.756
2078,0.68,0.32
2079,0.2,0.8
2080,0.054,0.946
2081,0.038,0.962
2082,0.632,0.368
2083,0.046,0.954
2084,0.684,0.316
2085,0.5,0.5
2086,0.604,0.396
2087,0.118,0.882
2088,0.262,0.738
2089,0.486,0.514
2090,0.508,0.492
2091,0.482,0.518
2092,0.626,0.374
2093,0.812,0.188
2094,0.482,0.518
2095,0.676,0.324
2096,0.576,0.424
2097,0.286,0.714
2098,0.012,0.988
2099,0.336,0.664
2100,0.252,0.748
2101,0.634,0.366
2102,0.116,0.884
2103,0.556,0.444
2104,0.47,0.53
2105,0.378,0.622
2106,0.018,0.982
2107,0.574,0.426
2108,0.372,0.628
2109,0.39,0.61
2110,0.382,0.618
2111,0.438,0.562
2112,0.61,0.39
2113,0.564,0.436
2114,0.616,0.384
2115,0.444,0.556
2116,0.406,0.594
2117,0.482,0.518
2118,0.634,0.366
2119,0.364,0.636
2120,0.952,0.048
2121,0.878,0.122
2122,0.41,0.59
2123,0.742,0.258
2124,0.084,0.916
2125,0.332,0.668
2126,0.924,0.076
2127,0.582,0.418
2128,0.002,0.998
2129,0.194,0.806
2130,0.908,0.092
2131,0.836,0.164
2132,0.962,0.038
2133,0.474,0.526
2134,0.544,0.456
2135,0.326,0.674
2136,0.548,0.452
2137,0.988,0.012
2138,0.322,0.678
2139,0.236,0.764
2140,0.51,0.49
2141,0.104,0.896
2142,0.6,0.4
2143,0.714,0.286
2144,0.752,0.248
2145,0.034,0.966
2146,0.682,0.318
2147,0.45,0.55
2148,0.294,0.706
2149,0.95,0.05
2150,0.392,0.608
2151,0.324,0.676
2152,0.72,0.28
2153,0.458,0.542
2154,0.574,0.426
2155,0.226,0.774
2156,0.914,0.086
2157,0.956,0.044
2158,0.614,0.386
2159,0.21,0.79
2160,0.562,0.438
2161,0.274,0.726
2162,0.898,0.102
2163,0.634,0.366
2164,0.412,0.588
2165,0.254,0.746
2166,0.022,0.978
2167,0.256,0.744
2168,0.418,0.582
2169,0.52,0.48
2170,0.174,0.826
2171,0.764,0.236
2172,0.55,0.45
2173,0.742,0.258
2174,0.334,0.666
2175,0.28,0.72
2176,0.94,0.06
2177,0.764,0.236
2178,0.422,0.578
2179,0.38,0.62
2180,0.412,0.588
2181,0.586,0.414
2182,0.962,0.038
2183,0.7,0.3
2184,0.62,0.38
2185,0.95,0.05
2186,0.12,0.88
2187,0.496,0.504
2188,0.928,0.072
2189,0.416,0.584
2190,0.972,0.028
2191,0.6,0.4
2192,0.518,0.482
2193,0.024,0.976
2194,0.048,0.952
2195,0.42,0.58
2196,0.998,0.002
2197,0.09,0.91
2198,0.494,0.506
2199,0.78,0.22
2200,0.026,0.974
2201,0.304,0.696
2202,0.262,0.738
2203,0.386,0.614
2204,0.006,0.994
2205,0.526,0.474
2206,0.528,0.472
2207,0.226,0.774
2208,0.26,0.74
2209,0.634,0.366
2210,0.224,0.776
2211,0.494,0.506
2212,0.302,0.698
2213,0.522,0.478
2214,0.402,0.598
2215,0.252,0.748
2216,0.478,0.522
2217,0.09,0.91
2218,0.66,0.34
2219,0.016,0.984
2220,0.008,0.992
2221,0.36,0.64
2222,0.094,0.906
2223,0.336,0.664
2224,0.068,0.932
2225,0.912,0.088
2226,0.35,0.65
2227,0.968,0.032
2228,0.976,0.024
2229,0.498,0.502
2230,0.276,0.724
2231,0.17,0.83
2232,0.266,0.734
2233,0.31,0.69
2234,0.404,0.596
2235,0.176,0.824
2236,0.372,0.628
2237,0.046,0.954
2238,0.678,0.322
2239,0.122,0.878
2240,0.268,0.732
2241,0.03,0.97
2242,0.368,0.632
2243,0.022,0.978
2244,0.532,0.468
2245,0.582,0.418
2246,0.368,0.632
2247,0.048,0.952
2248,0.178,0.822
2249,0.66,0.34
2250,0.006,0.994
2251,0.152,0.848
2252,0.474,0.526
2253,0.922,0.078
2254,0.33,0.67
2255,0.234,0.766
2256,0.512,0.488
2257,0.742,0.258
2258,0.172,0.828
2259,0.666,0.334
2260,0.18,0.82
2261,0.728,0.272
2262,0.57,0.43
2263,0.092,0.908
2264,0.14,0.86
2265,0.958,0.042
2266,0.654,0.346
2267,0.864,0.136
2268,0.07,0.93
2269,0,1
2270,0.628,0.372
2271,0.792,0.208
2272,0.552,0.448
2273,0.02,0.98
2274,0.034,0.966
2275,0.016,0.984
2276,0.434,0.566
2277,0.922,0.078
2278,0.634,0.366
2279,0.352,0.648
2280,0.24,0.76
2281,0.75,0.25
2282,0.182,0.818
2283,0.406,0.594
2284,0.454,0.546
2285,0.366,0.634
2286,0.624,0.376
2287,0.804,0.196
2288,0.662,0.338
2289,0.776,0.224
2290,0.666,0.334
2291,0.604,0.396
2292,0.146,0.854
2293,0.73,0.27
2294,0.71,0.29
2295,0.354,0.646
2296,0.538,0.462
2297,0.352,0.648
2298,0.336,0.664
2299,0.316,0.684
2300,0.474,0.526
2301,0.362,0.638
2302,0.026,0.974
2303,0.014,0.986
2304,0.654,0.346
2305,0.2,0.8
2306,0.896,0.104
2307,0.368,0.632
2308,0.46,0.54
2309,0.452,0.548
2310,0.586,0.414
2311,0.932,0.068
2312,0.974,0.026
2313,0.474,0.526
2314,0.478,0.522
2315,0.572,0.428
2316,0.044,0.956
2317,0.534,0.466
2318,0.314,0.686
2319,0.56,0.44
2320,0.854,0.146
2321,0.142,0.858
2322,0.598,0.402
2323,0.298,0.702
2324,0.248,0.752
2325,0.384,0.616
2326,0.344,0.656
2327,0.51,0.49
2328,0.286,0.714
2329,0.374,0.626
2330,0.208,0.792
2331,0.524,0.476
2332,0.964,0.036
2333,0.548,0.452
2334,0.066,0.934
2335,0.06,0.94
2336,0.212,0.788
2337,0.058,0.942
2338,0.144,0.856
2339,0.802,0.198
2340,0.69,0.31
2341,0.164,0.836
2342,0.368,0.632
2343,0.336,0.664
2344,0.016,0.984
2345,0.63,0.37
2346,0.584,0.416
2347,0.936,0.064
2348,0.646,0.354
2349,0.198,0.802
2350,0.078,0.922
2351,0.778,0.222
2352,0.49,0.51
2353,0.956,0.044
2354,0.212,0.788
2355,0.192,0.808
2356,0.246,0.754
2357,0.478,0.522
2358,0.038,0.962
2359,0.354,0.646
2360,0.084,0.916
2361,0.11,0.89
2362,0.114,0.886
2363,0.092,0.908
2364,0.346,0.654
2365,0.478,0.522
2366,0.876,0.124
2367,0.712,0.288
2368,0.178,0.822
2369,0.034,0.966
2370,0.594,0.406
2371,0.238,0.762
2372,0.122,0.878
2373,0.644,0.356
2374,0.504,0.496
2375,0.268,0.732
2376,0.236,0.764
2377,0.206,0.794
2378,0.606,0.394
2379,0.166,0.834
2380,0.606,0.394
2381,0.086,0.914
2382,0.422,0.578
2383,0.92,0.08
2384,0.504,0.496
2385,0.934,0.066
2386,0.114,0.886
2387,0.34,0.66
2388,0.29,0.71
2389,0.526,0.474
2390,0.584,0.416
2391,0.424,0.576
2392,0.74,0.26
2393,0.152,0.848
2394,0.03,0.97
2395,0.68,0.32
2396,0.752,0.248
2397,0.612,0.388
2398,0.966,0.034
2399,0.888,0.112
2400,0.14,0.86
2401,0.566,0.434
2402,0.49,0.51
2403,0.882,0.118
2404,0.01,0.99
2405,0.522,0.478
2406,0.348,0.652
2407,0.212,0.788
2408,0.884,0.116
2409,0.764,0.236
2410,0.718,0.282
2411,0.504,0.496
2412,0.838,0.162
2413,0.442,0.558
2414,0.534,0.466
2415,0.354,0.646
2416,0.444,0.556
2417,0.344,0.656
2418,0.064,0.936
2419,0.664,0.336
2420,0.376,0.624
2421,0.532,0.468
2422,0.344,0.656
2423,0.974,0.026
2424,0.44,0.56
2425,0.432,0.568
2426,0.262,0.738
2427,0.094,0.906
2428,0.07,0.93
2429,0.37,0.63
2430,0.488,0.512
2431,0.122,0.878
2432,0.726,0.274
2433,0.562,0.438
2434,0.036,0.964
2435,0.246,0.754
2436,0.28,0.72
2437,0.372,0.628
2438,0.828,0.172
2439,0.346,0.654
2440,0.9,0.1
2441,0.024,0.976
2442,0.092,0.908
2443,0.524,0.476
2444,0.004,0.996
2445,0.314,0.686
2446,0.874,0.126
2447,0.85,0.15
2448,0.406,0.594
2449,0.556,0.444
2450,0.544,0.456
2451,0.946,0.054
2452,0.364,0.636
2453,0.324,0.676
2454,0.022,0.978
2455,0.782,0.218
2456,0.236,0.764
2457,0.458,0.542
2458,0.694,0.306
2459,0.138,0.862
2460,0.008,0.992
2461,0.374,0.626
2462,0.432,0.568
2463,0.034,0.966
2464,0.636,0.364
2465,0.112,0.888
2466,0.316,0.684
2467,0.856,0.144
2468,0.016,0.984
2469,0.566,0.434
2470,0.64,0.36
2471,0.314,0.686
2472,0.328,0.672
2473,0.02,0.98
2474,0.158,0.842
2475,0.462,0.538
2476,0.074,0.926
2477,0.092,0.908
2478,0.494,0.506
2479,0.948,0.052
2480,0.076,0.924
2481,0.548,0.452
2482,0.658,0.342
2483,0.55,0.45
2484,0.182,0.818
2485,0.104,0.896
2486,0.714,0.286
2487,0.02,0.98
2488,0.65,0.35
2489,0.6,0.4
2490,0.026,0.974
2491,0.26,0.74
2492,0.23,0.77
2493,0.388,0.612
2494,0.402,0.598
2495,0.996,0.004
2496,0.39,0.61
2497,0.998,0.002
2498,0.542,0.458
2499,0.544,0.456
2500,0.586,0.414
2501,0.76,0.24
2502,0.212,0.788
2503,0.964,0.036
2504,0.034,0.966
2505,0.954,0.046
2506,0.534,0.466
2507,0.918,0.082
2508,0.244,0.756
2509,0.158,0.842
2510,0.404,0.596
2511,0.628,0.372
2512,0.138,0.862
2513,0.21,0.79
2514,0.966,0.034
2515,0.068,0.932
2516,0.942,0.058
2517,0.558,0.442
2518,0.434,0.566
2519,0.964,0.036
2520,0.064,0.936
2521,0.058,0.942
2522,0.776,0.224
2523,0.192,0.808
2524,0.776,0.224
2525,0.212,0.788
2526,0.718,0.282
2527,0.992,0.008
2528,0.01,0.99
2529,0.522,0.478
2530,0.494,0.506
2531,0.418,0.582
2532,0.254,0.746
2533,0.358,0.642
2534,0.012,0.988
2535,0.26,0.74
2536,0.508,0.492
2537,0.314,0.686
2538,0.138,0.862
2539,0.384,0.616
2540,0.43,0.57
2541,0.18,0.82
2542,0.546,0.454
2543,0.146,0.854
2544,0.494,0.506
2545,0.954,0.046
2546,0.968,0.032
2547,0.434,0.566
2548,0.284,0.716
2549,0.018,0.982
2550,0.32,0.68
2551,0.436,0.564
2552,0.188,0.812
2553,0.26,0.74
2554,0.024,0.976
2555,0.504,0.496
2556,0.372,0.628
2557,0.428,0.572
2558,0.298,0.702
2559,0.814,0.186
2560,0.358,0.642
2561,0.704,0.296
2562,0.7,0.3
2563,0.776,0.224
2564,0.878,0.122
2565,0.37,0.63
2566,0.3,0.7
2567,0.6,0.4
2568,0.966,0.034
2569,0.494,0.506
2570,0.042,0.958
2571,0.292,0.708
2572,0.062,0.938
2573,0.53,0.47
2574,0.654,0.346
2575,0.366,0.634
2576,0.524,0.476
2577,0.36,0.64
2578,0.528,0.472
2579,0.21,0.79
2580,0.496,0.504
2581,0.104,0.896
2582,0.93,0.07
2583,0.624,0.376
2584,0.304,0.696
2585,0.358,0.642
2586,0.582,0.418
2587,0.502,0.498
2588,0.09,0.91
2589,0.42,0.58
2590,0.228,0.772
2591,0.338,0.662
2592,0.014,0.986
2593,0.642,0.358
2594,0.35,0.65
2595,0.326,0.674
2596,0.094,0.906
2597,0.854,0.146
2598,0.776,0.224
2599,0.852,0.148
2600,0.36,0.64
2601,0.35,0.65
2602,0.37,0.63
2603,0.536,0.464
2604,0.002,0.998
2605,0.334,0.666
2606,0.716,0.284
2607,0.742,0.258
2608,0.94,0.06
2609,0.06,0.94
2610,0.392,0.608
2611,0.29,0.71
2612,0.088,0.912
2613,0.71,0.29
2614,0.01,0.99
2615,0.846,0.154
2616,0.664,0.336
2617,0.464,0.536
2618,0.334,0.666
2619,0.316,0.684
2620,0.68,0.32
2621,0.878,0.122
2622,0.042,0.958
2623,0.49,0.51
2624,0.93,0.07
2625,0.57,0.43
2626,0.392,0.608
2627,0.392,0.608
2628,0.964,0.036
2629,0.358,0.642
2630,0.406,0.594
2631,0.174,0.826
2632,0.278,0.722
2633,0.378,0.622
2634,0.592,0.408
2635,0.172,0.828
2636,0.004,0.996
2637,0.984,0.016
2638,0.368,0.632
2639,0.976,0.024
2640,0.38,0.62
2641,0.196,0.804
2642,0.868,0.132
2643,0.976,0.024
2644,0.468,0.532
2645,0.39,0.61
2646,0.108,0.892
2647,0.432,0.568
2648,0.498,0.502
2649,0.244,0.756
2650,0.652,0.348
2651,0.002,0.998
2652,0.246,0.754
2653,0.178,0.822
2654,0.582,0.418
2655,0.342,0.658
2656,0.148,0.852
2657,0.088,0.912
2658,0.284,0.716
2659,0.224,0.776
2660,0.466,0.534
2661,0.112,0.888
2662,0.242,0.758
2663,0.964,0.036
2664,0.42,0.58
2665,0.304,0.696
2666,0.464,0.536
2667,0.698,0.302
2668,0.076,0.924
2669,0.62,0.38
2670,0.8,0.2
2671,0.152,0.848
2672,0.714,0.286
2673,0.852,0.148
2674,0.49,0.51
2675,0.614,0.386
2676,0.46,0.54
2677,0.376,0.624
2678,0.652,0.348
2679,0.686,0.314
2680,0.448,0.552
2681,0.538,0.462
2682,0.884,0.116
2683,0.504,0.496
2684,0.442,0.558
2685,0.676,0.324
2686,0.55,0.45
2687,0.722,0.278
2688,0.064,0.936
2689,0.946,0.054
2690,0.628,0.372
2691,0.028,0.972
2692,0.12,0.88
2693,0.444,0.556
2694,0.98,0.02
2695,0.64,0.36
2696,0.444,0.556
2697,0.944,0.056
2698,0.01,0.99
2699,0.036,0.964
2700,0.262,0.738
2701,0.4,0.6
2702,0.892,0.108
2703,0.094,0.906
2704,0.13,0.87
2705,0.37,0.63
2706,0.394,0.606
2707,0.542,0.458
2708,0.028,0.972
2709,0.84,0.16
2710,0.426,0.574
2711,0.442,0.558
2712,0.328,0.672
2713,0.122,0.878
2714,0.408,0.592
2715,0.508,0.492
2716,0.986,0.014
2717,0.846,0.154
2718,0.158,0.842
2719,0.43,0.57
2720,0.58,0.42
2721,0.29,0.71
2722,0.184,0.816
2723,0.448,0.552
2724,0.788,0.212
2725,0.656,0.344
2726,0.254,0.746
2727,0.106,0.894
2728,0.016,0.984
2729,0.962,0.038
2730,0.408,0.592
2731,0.554,0.446
2732,0.034,0.966
2733,0.41,0.59
2734,0.886,0.114
2735,0.632,0.368
2736,0.544,0.456
2737,0.024,0.976
2738,0.646,0.354
2739,0.872,0.128
2740,0.29,0.71
2741,0.12,0.88
2742,0.086,0.914
2743,0.366,0.634
2744,0.206,0.794
2745,0.472,0.528
2746,0.892,0.108
2747,0.128,0.872
2748,0.004,0.996
2749,0.83,0.17
2750,0.432,0.568
2751,0.19,0.81
2752,0.518,0.482
2753,0.852,0.148
2754,0.77,0.23
2755,0.736,0.264
2756,0.174,0.826
2757,0.154,0.846
2758,0.808,0.192
2759,0.002,0.998
2760,0.796,0.204
2761,0.9,0.1
2762,0.75,0.25
2763,0.082,0.918
2764,0.42,0.58
2765,0.688,0.312
2766,0.152,0.848
2767,0.186,0.814
2768,0.114,0.886
2769,0.072,0.928
2770,0.594,0.406
2771,0.446,0.554
2772,0.872,0.128
2773,0.22,0.78
2774,0.572,0.428
2775,0.254,0.746
2776,0.796,0.204
2777,0.146,0.854
2778,0.582,0.418
2779,0.882,0.118
2780,0.006,0.994
2781,0.498,0.502
2782,0.464,0.536
2783,0.462,0.538
2784,0.966,0.034
2785,0.226,0.774
2786,0.228,0.772
2787,0.918,0.082
2788,0.414,0.586
2789,0.022,0.978
2790,0.03,0.97
2791,0.928,0.072
2792,0.94,0.06
2793,0.554,0.446
2794,0.442,0.558
2795,0.326,0.674
2796,0.412,0.588
2797,0.568,0.432
2798,0.45,0.55
2799,0.066,0.934
2800,0.698,0.302
2801,0.436,0.564
2802,0.44,0.56
2803,0.886,0.114
2804,0.464,0.536
2805,0.194,0.806
2806,0.352,0.648
2807,0.45,0.55
2808,0.942,0.058
2809,0.518,0.482
2810,0.33,0.67
2811,0.998,0.002
2812,0.43,0.57
2813,0.062,0.938
2814,0.068,0.932
2815,0.508,0.492
2816,0.294,0.706
2817,0.45,0.55
2818,0.056,0.944
2819,0.34,0.66
2820,0.71,0.29
2821,0.502,0.498
2822,0.888,0.112
2823,0.022,0.978
2824,0.304,0.696
2825,0.308,0.692
2826,0.368,0.632
2827,0.612,0.388
2828,0.644,0.356
2829,0.956,0.044
2830,0.464,0.536
2831,0.644,0.356
2832,0.01,0.99
2833,0.648,0.352
2834,0.682,0.318
2835,0.516,0.484
2836,0.104,0.896
2837,0.106,0.894
2838,0.924,0.076
2839,0.854,0.146
2840,0.398,0.602
2841,0.332,0.668
2842,0.718,0.282
2843,0.434,0.566
2844,0.96,0.04
2845,0.472,0.528
2846,0.25,0.75
2847,0.146,0.854
2848,0.688,0.312
2849,0.02,0.98
2850,0.162,0.838
2851,0.038,0.962
2852,0.196,0.804
2853,0.566,0.434
2854,0.036,0.964
2855,0.672,0.328
2856,0.008,0.992
2857,0.61,0.39
2858,0.026,0.974
2859,0.986,0.014
2860,0.584,0.416
2861,0.686,0.314
2862,0.484,0.516
2863,0.642,0.358
2864,0.228,0.772
2865,0.128,0.872
2866,0.084,0.916
2867,0.146,0.854
2868,0.228,0.772
2869,0.86,0.14
2870,0.594,0.406
2871,0.078,0.922
2872,0.598,0.402
2873,0.466,0.534
2874,0.36,0.64
2875,0.258,0.742
2876,0.666,0.334
2877,0.41,0.59
2878,0.112,0.888
2879,0.12,0.88
2880,0.364,0.636
2881,0.336,0.664
2882,0.538,0.462
2883,0.8,0.2
2884,0.674,0.326
2885,0.878,0.122
2886,0.312,0.688
2887,0.708,0.292
2888,0.966,0.034
2889,0.618,0.382
2890,0.014,0.986
2891,0.344,0.656
2892,0.45,0.55
2893,0.456,0.544
2894,0.75,0.25
2895,0.418,0.582
2896,0.98,0.02
2897,0.074,0.926
2898,0.58,0.42
2899,0.546,0.454
2900,0.04,0.96
2901,0.988,0.012
2902,0.916,0.084
2903,0.374,0.626
2904,0.146,0.854
2905,0.684,0.316
2906,0.082,0.918
2907,0.042,0.958
2908,0.074,0.926
2909,0.082,0.918
2910,0.47,0.53
2911,0.4,0.6
2912,0.396,0.604
2913,0.946,0.054
2914,0.062,0.938
2915,0.754,0.246
2916,0.666,0.334
2917,0.152,0.848
2918,0.504,0.496
2919,0.222,0.778
2920,0.372,0.628
2921,0.52,0.48
2922,0.262,0.738
2923,0.454,0.546
2924,0.278,0.722
2925,0.5,0.5
2926,0.486,0.514
2927,0.338,0.662
2928,0.1,0.9
2929,0.736,0.264
2930,0.518,0.482
2931,0.364,0.636
2932,0.456,0.544
2933,0.022,0.978
2934,0.4,0.6
2935,0.286,0.714
2936,0.41,0.59
2937,0.356,0.644
2938,0.71,0.29
2939,0.606,0.394
2940,0.132,0.868
2941,0.484,0.516
2942,0.83,0.17
2943,0.432,0.568
2944,0.962,0.038
2945,0.164,0.836
2946,0.948,0.052
2947,0.39,0.61
2948,0.488,0.512
2949,0.08,0.92
2950,0.804,0.196
2951,0.058,0.942
2952,0.072,0.928
2953,0.726,0.274
2954,0.238,0.762
2955,0.48,0.52
2956,0.406,0.594
2957,0.12,0.88
2958,0.518,0.482
2959,0.174,0.826
2960,0.366,0.634
2961,0.61,0.39
2962,0.61,0.39
2963,0.344,0.656
2964,0.21,0.79
2965,0.226,0.774
2966,0.54,0.46
2967,0.492,0.508
2968,0.898,0.102
2969,0.798,0.202
2970,0.224,0.776
2971,0.58,0.42
2972,0.32,0.68
2973,0.408,0.592
2974,0.282,0.718
2975,0.988,0.012
2976,0.4,0.6
2977,0.088,0.912
2978,0.166,0.834
2979,0.082,0.918
2980,0.598,0.402
2981,0.322,0.678
2982,0.976,0.024
2983,0.924,0.076
2984,0.186,0.814
2985,0.292,0.708
2986,0.588,0.412
2987,0.362,0.638
2988,0.902,0.098
2989,0.272,0.728
2990,0.228,0.772
2991,0.51,0.49
2992,0.968,0.032
2993,0.54,0.46
2994,0.736,0.264
2995,0.264,0.736
2996,0.37,0.63
2997,0.2,0.8
2998,0.422,0.578
2999,0.312,0.688
3000,0.684,0.316
3001,0.684,0.316
3002,0.592,0.408
3003,0.654,0.346
3004,0.9,0.1
3005,0.238,0.762
3006,0.14,0.86
3007,0.754,0.246
3008,0.012,0.988
3009,0.05,0.95
3010,0.392,0.608
3011,0.182,0.818
3012,0.126,0.874
3013,0.598,0.402
3014,0.208,0.792
3015,0.704,0.296
3016,0.332,0.668
3017,0.386,0.614
3018,0.086,0.914
3019,0.588,0.412
3020,0.37,0.63
3021,0.226,0.774
3022,0.448,0.552
3023,0.024,0.976
3024,0.198,0.802
3025,0.77,0.23
3026,0.21,0.79
3027,0.448,0.552
3028,0.006,0.994
3029,0.072,0.928
3030,0.65,0.35
3031,0.088,0.912
3032,0.048,0.952
3033,0.12,0.88
3034,0.936,0.064
3035,0.184,0.816
3036,0.246,0.754
3037,0.46,0.54
3038,0.754,0.246
3039,0.588,0.412
3040,0.22,0.78
3041,0.582,0.418
3042,0.558,0.442
3043,0.056,0.944
3044,0.698,0.302
3045,0.452,0.548
3046,0.022,0.978
3047,0.452,0.548
3048,0.01,0.99
3049,0.26,0.74
3050,0.536,0.464
3051,0.922,0.078
3052,0.082,0.918
3053,0.032,0.968
3054,0.016,0.984
3055,0.632,0.368
3056,0.734,0.266
3057,0.238,0.762
3058,0.4,0.6
3059,0.032,0.968
3060,0.376,0.624
3061,0.138,0.862
3062,0.692,0.308
3063,0.942,0.058
3064,0.69,0.31
3065,0.264,0.736
3066,0.034,0.966
3067,0.202,0.798
3068,0.222,0.778
3069,0.756,0.244
3070,0.404,0.596
3071,0.712,0.288
3072,0.032,0.968
3073,0.516,0.484
3074,0.624,0.376
3075,0.9,0.1
3076,0.034,0.966
3077,0.83,0.17
3078,0.016,0.984
3079,0.016,0.984
3080,0.008,0.992
3081,0.53,0.47
3082,0.074,0.926
3083,0.602,0.398
3084,0.474,0.526
3085,0.212,0.788
3086,0.6,0.4
3087,0.006,0.994
3088,0.772,0.228
3089,0.612,0.388
3090,0.292,0.708
3091,0.766,0.234
3092,0.008,0.992
3093,0.336,0.664
3094,0.246,0.754
3095,0.756,0.244
3096,0.78,0.22
3097,0.308,0.692
3098,0.016,0.984
3099,0.242,0.758
3100,0.406,0.594
3101,0.394,0.606
3102,0.71,0.29
3103,0.476,0.524
3104,0.75,0.25
3105,0.038,0.962
3106,0.918,0.082
3107,0.986,0.014
3108,0.722,0.278
3109,0.718,0.282
3110,0.238,0.762
3111,0.014,0.986
3112,0.252,0.748
3113,0.42,0.58
3114,0.162,0.838
3115,0.518,0.482
3116,0.18,0.82
3117,0.548,0.452
3118,0.544,0.456
3119,0.132,0.868
3120,0.05,0.95
3121,0.636,0.364
3122,0.622,0.378
3123,0.39,0.61
3124,0.826,0.174
3125,0.936,0.064
3126,0.398,0.602
3127,0.2,0.8
3128,0.28,0.72
3129,0.204,0.796
3130,0.06,0.94
3131,0.61,0.39
3132,0.034,0.966
3133,0.188,0.812
3134,0.178,0.822
3135,0.53,0.47
3136,0.068,0.932
3137,0.18,0.82
3138,0.238,0.762
3139,0.71,0.29
3140,0.962,0.038
3141,0.342,0.658
3142,0.516,0.484
3143,0.028,0.972
3144,0.17,0.83
3145,0.596,0.404
3146,0.652,0.348
3147,0.01,0.99
3148,0.42,0.58
3149,0.864,0.136
3150,0.176,0.824
3151,0.826,0.174
3152,0.23,0.77
3153,0.59,0.41
3154,0.154,0.846
3155,0.686,0.314
3156,0.64,0.36
3157,0.008,0.992
3158,0.376,0.624
3159,0.82,0.18
3160,0.266,0.734
3161,0.548,0.452
3162,0.142,0.858
3163,0.518,0.482
3164,0.37,0.63
3165,0.228,0.772
3166,0.408,0.592
3167,0.086,0.914
3168,0.158,0.842
3169,0.63,0.37
3170,0.47,0.53
3171,0.188,0.812
3172,0.596,0.404
3173,0.938,0.062
3174,0.066,0.934
3175,0.418,0.582
3176,0.812,0.188
3177,0.054,0.946
3178,0.282,0.718
3179,0.196,0.804
3180,0.55,0.45
3181,0.422,0.578
3182,0.18,0.82
3183,0.83,0.17
3184,0.418,0.582
3185,0.882,0.118
3186,0.848,0.152
3187,0.306,0.694
3188,0.38,0.62
3189,0.594,0.406
3190,0.246,0.754
3191,0.966,0.034
3192,0.414,0.586
3193,0.288,0.712
3194,0.862,0.138
3195,0.566,0.434
3196,0.218,0.782
3197,0.614,0.386
3198,0.394,0.606
3199,0.612,0.388
3200,0.874,0.126
3201,0.168,0.832
3202,0.47,0.53
3203,0.812,0.188
3204,0.488,0.512
3205,0.664,0.336
3206,0.618,0.382
3207,0.044,0.956
3208,0.344,0.656
3209,0.032,0.968
3210,0.55,0.45
3211,0.448,0.552
3212,0.374,0.626
3213,0.368,0.632
3214,0.106,0.894
3215,0.71,0.29
3216,0.37,0.63
3217,0.638,0.362
3218,0.438,0.562
3219,0.916,0.084
3220,0.314,0.686
3221,0.498,0.502
3222,0.03,0.97
3223,0.422,0.578
3224,0.338,0.662
3225,0.812,0.188
3226,0.688,0.312
3227,0.378,0.622
3228,0.668,0.332
3229,0.48,0.52
3230,0.408,0.592
3231,0.812,0.188
3232,0.598,0.402
3233,0.534,0.466
3234,0.746,0.254
3235,0.416,0.584
3236,0.982,0.018
3237,0.576,0.424
3238,0.696,0.304
3239,0.986,0.014
3240,0.618,0.382
3241,0.632,0.368
3242,0.254,0.746
3243,0.458,0.542
3244,0.23,0.77
3245,0.13,0.87
3246,0.608,0.392
3247,0.008,0.992
3248,0.346,0.654
3249,0.506,0.494
3250,0.038,0.962
3251,0.062,0.938
3252,0.988,0.012
3253,0.52,0.48
3254,0.004,0.996
3255,0.312,0.688
3256,0.07,0.93
3257,0.96,0.04
3258,0.534,0.466
3259,0.566,0.434
3260,0.316,0.684
3261,0.28,0.72
3262,0.374,0.626
3263,0.402,0.598
3264,0.592,0.408
3265,0.556,0.444
3266,0.988,0.012
3267,0.5,0.5
3268,0.166,0.834
3269,0.436,0.564
3270,0.896,0.104
3271,0.44,0.56
3272,0.83,0.17
3273,0.43,0.57
3274,0.458,0.542
3275,0.22,0.78
3276,0.848,0.152
3277,0.282,0.718
3278,0.174,0.826
3279,0.592,0.408
3280,0.144,0.856
3281,0.018,0.982
3282,0.116,0.884
3283,0.102,0.898
3284,0.308,0.692
3285,0.11,0.89
3286,0.716,0.284
3287,0.862,0.138
3288,0.368,0.632
3289,0.474,0.526
3290,0.54,0.46
3291,0.012,0.988
3292,0.628,0.372
3293,0.032,0.968
3294,0.382,0.618
3295,0.444,0.556
3296,0.582,0.418
3297,0.016,0.984
3298,0.406,0.594
3299,0.68,0.32
3300,0.718,0.282
3301,0.726,0.274
3302,0.592,0.408
3303,0.742,0.258
3304,0.608,0.392
3305,0.952,0.048
3306,0.972,0.028
3307,0.794,0.206
3308,0.188,0.812
3309,0.268,0.732
3310,0.564,0.436
3311,0.774,0.226
3312,0.426,0.574
3313,0.108,0.892
3314,0.828,0.172
3315,0.168,0.832
3316,0.24,0.76
3317,0.594,0.406
3318,0.036,0.964
3319,0.286,0.714
3320,0.476,0.524
3321,0.604,0.396
3322,0.5,0.5
3323,0.432,0.568
3324,0.784,0.216
3325,0.038,0.962
3326,0.054,0.946
3327,0.33,0.67
3328,0.436,0.564
3329,0.7,0.3
3330,0.654,0.346
3331,0.44,0.56
3332,0.984,0.016
3333,0.356,0.644
3334,0.442,0.558
3335,0.66,0.34
3336,0.108,0.892
3337,0.94,0.06
3338,0.794,0.206
3339,0.114,0.886
3340,0.632,0.368
3341,0.964,0.036
3342,0.304,0.696
3343,0.644,0.356
3344,0.03,0.97
3345,0.49,0.51
3346,0.584,0.416
3347,0.942,0.058
3348,0.542,0.458
3349,0.22,0.78
3350,0.31,0.69
3351,0.566,0.434
3352,0.192,0.808
3353,0.348,0.652
3354,0.758,0.242
3355,0.968,0.032
3356,0.064,0.936
3357,0.04,0.96
3358,0.426,0.574
3359,0.386,0.614
3360,0.308,0.692
3361,0.904,0.096
3362,0.488,0.512
3363,0.032,0.968
3364,0.706,0.294
3365,0.804,0.196
3366,0.266,0.734
3367,0.536,0.464
3368,0.79,0.21
3369,0.576,0.424
3370,0.448,0.552
3371,0.004,0.996
3372,0.72,0.28
3373,0.002,0.998
3374,0.922,0.078
3375,0.086,0.914
3376,0.662,0.338
3377,0.524,0.476
3378,0.226,0.774
3379,0.31,0.69
3380,0.596,0.404
3381,0.18,0.82
3382,0.974,0.026
3383,0.63,0.37
3384,0.256,0.744
3385,0.244,0.756
3386,0.742,0.258
3387,0.232,0.768
3388,0.454,0.546
3389,0.408,0.592
3390,0.164,0.836
3391,0.418,0.582
3392,0.492,0.508
3393,0.026,0.974
3394,0.358,0.642
3395,0.694,0.306
3396,0,1
3397,0.28,0.72
3398,0.842,0.158
3399,0.076,0.924
3400,0.494,0.506
3401,0.344,0.656
3402,0.602,0.398
3403,0.95,0.05
3404,0.544,0.456
3405,0.038,0.962
3406,0.44,0.56
3407,0.344,0.656
3408,0.46,0.54
3409,0.294,0.706
3410,0.236,0.764
3411,0,1
3412,0.488,0.512
3413,0.264,0.736
3414,0.068,0.932
3415,0.108,0.892
3416,0.18,0.82
3417,0.148,0.852
3418,0.256,0.744
3419,0.412,0.588
3420,0.624,0.376
3421,0.454,0.546
3422,0.412,0.588
3423,0.538,0.462
3424,0.008,0.992
3425,0.922,0.078
3426,0.582,0.418
3427,0.438,0.562
3428,0.006,0.994
3429,0.434,0.566
3430,0.552,0.448
3431,0.006,0.994
3432,0.314,0.686
3433,0.12,0.88
3434,0.848,0.152
3435,0.358,0.642
3436,0.898,0.102
3437,0.176,0.824
3438,0.9,0.1
3439,0.278,0.722
3440,0.662,0.338
3441,0.094,0.906
3442,0.964,0.036
3443,0.816,0.184
3444,0.72,0.28
3445,0.15,0.85
3446,0.222,0.778
3447,0.412,0.588
3448,0.862,0.138
3449,0.61,0.39
3450,0.552,0.448
3451,0.236,0.764
3452,0.082,0.918
3453,0.806,0.194
3454,0.932,0.068
3455,0.696,0.304
3456,0.598,0.402
3457,0.342,0.658
3458,0.006,0.994
3459,0.388,0.612
3460,0.432,0.568
3461,0.186,0.814
3462,0.282,0.718
3463,0.936,0.064
3464,0.17,0.83
3465,0.88,0.12
3466,0.51,0.49
3467,0.234,0.766
3468,0.968,0.032
3469,0.412,0.588
3470,0.966,0.034
3471,0.736,0.264
3472,0.074,0.926
3473,0.788,0.212
3474,0.506,0.494
3475,0.166,0.834
3476,0.09,0.91
3477,0.628,0.372
3478,0.79,0.21
3479,0.332,0.668
3480,0.992,0.008
3481,0.43,0.57
3482,0.906,0.094
3483,0.112,0.888
3484,0.386,0.614
3485,0.814,0.186
3486,0.156,0.844
3487,0.87,0.13
3488,0.412,0.588
3489,0.95,0.05
3490,0.224,0.776
3491,0.296,0.704
3492,0.154,0.846
3493,0.292,0.708
3494,0.382,0.618
3495,0.916,0.084
3496,0.574,0.426
3497,0.582,0.418
3498,0.142,0.858
3499,0.96,0.04
3500,0.466,0.534
3501,0.744,0.256
3502,0.694,0.306
3503,0.922,0.078
3504,0.48,0.52
3505,0.176,0.824
3506,0.08,0.92
3507,0.516,0.484
3508,0.594,0.406
3509,0.178,0.822
3510,0.236,0.764
3511,0.364,0.636
3512,0.106,0.894
3513,0.9,0.1
3514,0.97,0.03
3515,0.332,0.668
3516,0.252,0.748
3517,0.35,0.65
3518,0.452,0.548
3519,0.79,0.21
3520,0.298,0.702
3521,0.59,0.41
3522,0.384,0.616
3523,0.634,0.366
3524,0.288,0.712
3525,0.77,0.23
3526,0.86,0.14
3527,0.628,0.372
3528,0.438,0.562
3529,0.362,0.638
3530,0.372,0.628
3531,0.39,0.61
3532,0.064,0.936
3533,0.9,0.1
3534,0.156,0.844
3535,0.18,0.82
3536,0.224,0.776
3537,0.032,0.968
3538,0.63,0.37
3539,0.21,0.79
3540,0.7,0.3
3541,0.004,0.996
3542,0.716,0.284
3543,0.554,0.446
3544,0.228,0.772
3545,0.008,0.992
3546,0.658,0.342
3547,0.338,0.662
3548,0.432,0.568
3549,0.214,0.786
3550,0.654,0.346
3551,0.998,0.002
3552,0.456,0.544
3553,0.47,0.53
3554,0.712,0.288
3555,0.602,0.398
3556,0.19,0.81
3557,0.116,0.884
3558,0.404,0.596
3559,0.422,0.578
3560,0.346,0.654
3561,0.364,0.636
3562,0.898,0.102
3563,0.254,0.746
3564,0.542,0.458
3565,0.666,0.334
3566,0.314,0.686
3567,0.324,0.676
3568,0.014,0.986
3569,0.012,0.988
3570,0.986,0.014
3571,0.138,0.862
3572,0.038,0.962
3573,0.356,0.644
3574,0.028,0.972
3575,0.326,0.674
3576,0.668,0.332
3577,0.744,0.256
3578,0.464,0.536
3579,0.602,0.398
3580,0.438,0.562
3581,0.838,0.162
3582,0.394,0.606
3583,0.158,0.842
3584,0.03,0.97
3585,0.158,0.842
3586,0.904,0.096
3587,0.44,0.56
3588,0.448,0.552
3589,0.546,0.454
3590,0.332,0.668
3591,0.308,0.692
3592,0.828,0.172
3593,0.61,0.39
3594,0.528,0.472
3595,0.464,0.536
3596,0.336,0.664
3597,0.606,0.394
3598,0.278,0.722
3599,0.542,0.458
3600,0.584,0.416
3601,0.488,0.512
3602,0.676,0.324
3603,0.042,0.958
3604,0.462,0.538
3605,0.268,0.732
3606,0.64,0.36
3607,0.066,0.934
3608,0.6,0.4
3609,0.886,0.114
3610,0.204,0.796
3611,0.64,0.36
3612,0.956,0.044
3613,0.538,0.462
3614,0.238,0.762
3615,0.404,0.596
3616,0.324,0.676
3617,0.296,0.704
3618,0.128,0.872
3619,0.082,0.918
3620,0.986,0.014
3621,0.694,0.306
3622,0.816,0.184
3623,0.194,0.806
3624,0,1
3625,0.392,0.608
3626,0.192,0.808
3627,0.548,0.452
3628,0.984,0.016
3629,0.074,0.926
3630,0.47,0.53
3631,0.25,0.75
3632,0.704,0.296
3633,0.68,0.32
3634,0.02,0.98
3635,0.232,0.768
3636,0.332,0.668
3637,0.156,0.844
3638,0.23,0.77
3639,0.812,0.188
3640,0.168,0.832
3641,0.41,0.59
3642,0.008,0.992
3643,0.634,0.366
3644,0.058,0.942
3645,0.558,0.442
3646,0.602,0.398
3647,0.398,0.602
3648,0.042,0.958
3649,0.38,0.62
3650,0.36,0.64
3651,0.68,0.32
3652,0.018,0.982
3653,0.582,0.418
3654,0.558,0.442
3655,0.414,0.586
3656,0.346,0.654
3657,0.096,0.904
3658,0.268,0.732
3659,0.774,0.226
3660,0.172,0.828
3661,0.272,0.728
3662,0.642,0.358
3663,0.536,0.464
3664,0.114,0.886
3665,0.214,0.786
3666,0.414,0.586
3667,0.402,0.598
3668,0.898,0.102
3669,0.944,0.056
3670,0.798,0.202
3671,0.22,0.78
3672,0.234,0.766
3673,0.712,0.288
3674,0.956,0.044
3675,0.228,0.772
3676,0.35,0.65
3677,0.88,0.12
3678,0.002,0.998
3679,0.676,0.324
3680,0.1,0.9
3681,0.472,0.528
3682,0.722,0.278
3683,0.224,0.776
3684,0.378,0.622
3685,0.25,0.75
3686,0.468,0.532
3687,0.208,0.792
3688,0.266,0.734
3689,0.382,0.618
3690,0.454,0.546
3691,0.978,0.022
3692,0.158,0.842
3693,0.618,0.382
3694,0.17,0.83
3695,0.348,0.652
3696,0.626,0.374
3697,0.882,0.118
3698,0.456,0.544
3699,0.038,0.962
3700,0.458,0.542
3701,0.11,0.89
3702,0.458,0.542
3703,0.158,0.842
3704,0.644,0.356
3705,0.018,0.982
3706,0.442,0.558
3707,0.61,0.39
3708,0.03,0.97
3709,0.326,0.674
3710,0.956,0.044
3711,0.37,0.63
3712,0.452,0.548
3713,0.294,0.706
3714,0.388,0.612
3715,0.13,0.87
3716,0.262,0.738
3717,0.988,0.012
3718,0.34,0.66
3719,0.372,0.628
3720,0.114,0.886
3721,0.642,0.358
3722,0.358,0.642
3723,0.26,0.74
3724,0.67,0.33
3725,0.766,0.234
3726,0.94,0.06
3727,0.952,0.048
3728,0.92,0.08
3729,0.064,0.936
3730,0.16,0.84
3731,0.068,0.932
3732,0.976,0.024
3733,0.494,0.506
3734,0.118,0.882
3735,0.294,0.706
3736,0.484,0.516
3737,0.95,0.05
3738,0.586,0.414
3739,0.418,0.582
3740,0.474,0.526
3741,0.554,0.446
3742,0.922,0.078
3743,0.848,0.152
3744,0.452,0.548
3745,0.118,0.882
3746,0.302,0.698
3747,0.31,0.69
3748,0.818,0.182
3749,0.404,0.596
3750,0.23,0.77
3751,0.982,0.018
3752,0.914,0.086
3753,0.53,0.47
3754,0.21,0.79
3755,0.856,0.144
3756,0.58,0.42
3757,0.646,0.354
3758,0.2,0.8
3759,0.782,0.218
3760,0.42,0.58
3761,0.932,0.068
3762,0.448,0.552
3763,0.588,0.412
3764,0.104,0.896
3765,0.534,0.466
3766,0.15,0.85
3767,0.274,0.726
3768,0.072,0.928
3769,0.896,0.104
3770,0.288,0.712
3771,0.964,0.036
3772,0.462,0.538
3773,0.612,0.388
3774,0.904,0.096
3775,0.568,0.432
3776,0.026,0.974
3777,0.49,0.51
3778,0.346,0.654
3779,0.598,0.402
3780,0.47,0.53
3781,0.208,0.792
3782,0.382,0.618
3783,0.34,0.66
3784,0.176,0.824
3785,0.954,0.046
3786,0.69,0.31
3787,0.284,0.716
3788,0.228,0.772
3789,0.474,0.526
3790,0.494,0.506
3791,0.466,0.534
3792,0.192,0.808
3793,0.934,0.066
3794,0.862,0.138
3795,0.016,0.984
3796,0.968,0.032
3797,0.062,0.938
3798,0.54,0.46
3799,0.544,0.456
3800,0.13,0.87
3801,0.034,0.966
3802,0.364,0.636
3803,0.838,0.162
3804,0.434,0.566
3805,0.036,0.964
3806,0.166,0.834
3807,0.016,0.984
3808,0.668,0.332
3809,0.678,0.322
3810,0.324,0.676
3811,0.644,0.356
3812,0.382,0.618
3813,0.194,0.806
3814,0.716,0.284
3815,0.08,0.92
3816,0.182,0.818
3817,0.032,0.968
3818,0.392,0.608
3819,0.698,0.302
3820,0.118,0.882
3821,0.664,0.336
3822,0.724,0.276
3823,0.378,0.622
3824,0.586,0.414
3825,0.562,0.438
3826,0.236,0.764
3827,0.138,0.862
3828,0.728,0.272
3829,0.092,0.908
3830,0.664,0.336
3831,0.166,0.834
3832,0.058,0.942
3833,0.306,0.694
3834,0.732,0.268
3835,0.574,0.426
3836,0.196,0.804
3837,0.814,0.186
3838,0.178,0.822
3839,0.964,0.036
3840,0.778,0.222
3841,0.874,0.126
3842,0.21,0.79
3843,0.386,0.614
3844,0.962,0.038
3845,0.594,0.406
3846,0.504,0.496
3847,0.35,0.65
3848,0.276,0.724
3849,0.22,0.78
3850,0.116,0.884
3851,0.494,0.506
3852,0.088,0.912
3853,0.41,0.59
3854,0.464,0.536
3855,0.324,0.676
3856,0.466,0.534
3857,0.092,0.908
3858,0.952,0.048
3859,0.456,0.544
3860,0.378,0.622
3861,0.42,0.58
3862,0.034,0.966
3863,0.442,0.558
3864,0.046,0.954
3865,0.49,0.51
3866,0.046,0.954
3867,0.29,0.71
3868,0.208,0.792
3869,0.27,0.73
3870,0.25,0.75
3871,0.514,0.486
3872,0.006,0.994
3873,0.3,0.7
3874,0.36,0.64
3875,0.016,0.984
3876,0.15,0.85
3877,0.072,0.928
3878,0.548,0.452
3879,0.886,0.114
3880,0.456,0.544
3881,0.358,0.642
3882,0.05,0.95
3883,0.684,0.316
3884,0.562,0.438
3885,0.016,0.984
3886,0.376,0.624
3887,0.024,0.976
3888,0.204,0.796
3889,0.412,0.588
3890,0.842,0.158
3891,0.27,0.73
3892,0.544,0.456
3893,0.218,0.782
3894,0.738,0.262
3895,0.22,0.78
3896,0.474,0.526
3897,0.2,0.8
3898,0.214,0.786
3899,0.662,0.338
3900,0.028,0.972
3901,0.212,0.788
3902,0.466,0.534
3903,0.582,0.418
3904,0.028,0.972
3905,0.704,0.296
3906,0.4,0.6
3907,0.446,0.554
3908,0.556,0.444
3909,0.062,0.938
3910,0.766,0.234
3911,0.058,0.942
3912,0.664,0.336
3913,0.54,0.46
3914,0.632,0.368
3915,0.164,0.836
3916,0.45,0.55
3917,0.174,0.826
3918,0.626,0.374
3919,0.6,0.4
3920,0.686,0.314
3921,0.544,0.456
3922,0.752,0.248
3923,0.032,0.968
3924,0.084,0.916
3925,0.474,0.526
3926,0.054,0.946
3927,0.512,0.488
3928,0.218,0.782
3929,0.744,0.256
3930,0.898,0.102
3931,0.788,0.212
3932,0.888,0.112
3933,0.442,0.558
3934,0.836,0.164
3935,0.882,0.118
3936,0.872,0.128
3937,0.624,0.376
3938,0.02,0.98
3939,0.436,0.564
3940,0.614,0.386
3941,0.848,0.152
3942,0.288,0.712
3943,0.616,0.384
3944,0.334,0.666
3945,0.738,0.262
3946,0.77,0.23
3947,0.536,0.464
3948,0.482,0.518
3949,0.434,0.566
3950,0.018,0.982
3951,0.28,0.72
3952,0.092,0.908
3953,0.732,0.268
3954,0.326,0.674
3955,0.386,0.614
3956,0.688,0.312
3957,0.038,0.962
3958,0.812,0.188
3959,0.952,0.048
3960,0.18,0.82
3961,0.06,0.94
3962,0.358,0.642
3963,0.366,0.634
3964,0.286,0.714
3965,0.268,0.732
3966,0.656,0.344
3967,0.124,0.876
3968,0.572,0.428
3969,0.454,0.546
3970,0.696,0.304
3971,0.99,0.01
3972,0.496,0.504
3973,0.962,0.038
3974,0.328,0.672
3975,0.048,0.952
3976,0.232,0.768
3977,0.998,0.002
3978,0.02,0.98
3979,0.498,0.502
3980,0.33,0.67
3981,0.936,0.064
3982,0.03,0.97
3983,0.312,0.688
3984,0.914,0.086
3985,0.552,0.448
3986,0.442,0.558
3987,0.102,0.898
3988,0.496,0.504
3989,0.924,0.076
3990,0.07,0.93
3991,0.874,0.126
3992,0.458,0.542
3993,0.58,0.42
3994,0.168,0.832
3995,0.416,0.584
3996,0.404,0.596
3997,0.206,0.794
3998,0.106,0.894
3999,0.736,0.264
4000,0.862,0.138
4001,0.764,0.236
4002,0.476,0.524
4003,0.456,0.544
4004,0.762,0.238
4005,0.728,0.272
4006,0.508,0.492
4007,0.576,0.424
4008,0.574,0.426
4009,0.476,0.524
4010,0.048,0.952
4011,0.42,0.58
4012,0.744,0.256
4013,0.5,0.5
4014,0.56,0.44
4015,0.826,0.174
4016,0.464,0.536
4017,0.436,0.564
4018,0.568,0.432
4019,0.946,0.054
4020,0.474,0.526
4021,0.07,0.93
4022,0.046,0.954
4023,0.6,0.4
4024,0.496,0.504
4025,0.498,0.502
4026,0.492,0.508
4027,0.526,0.474
4028,0.082,0.918
4029,0.252,0.748
4030,0.32,0.68
4031,0.154,0.846
4032,0.9,0.1
4033,0.23,0.77
4034,0.99,0.01
4035,0.568,0.432
4036,0.126,0.874
4037,0.43,0.57
4038,0.03,0.97
4039,0.452,0.548
4040,0.37,0.63
4041,0.942,0.058
4042,0.924,0.076
4043,0.28,0.72
4044,0.508,0.492
4045,0.262,0.738
4046,0.544,0.456
4047,0.024,0.976
4048,0.998,0.002
4049,0.308,0.692
4050,0.44,0.56
4051,0.332,0.668
4052,0.078,0.922
4053,0.66,0.34
4054,0.71,0.29
4055,0.072,0.928
4056,0.304,0.696
4057,0.028,0.972
4058,0.568,0.432
4059,0.438,0.562
4060,0.666,0.334
4061,0.03,0.97
4062,0.56,0.44
4063,0.24,0.76
4064,0.462,0.538
4065,0.762,0.238
4066,0.866,0.134
4067,0.346,0.654
4068,0.87,0.13
4069,0.584,0.416
4070,0.232,0.768
4071,0.88,0.12
4072,0.134,0.866
4073,0.806,0.194
4074,0.168,0.832
4075,0.174,0.826
4076,0.364,0.636
4077,0.894,0.106
4078,0.446,0.554
4079,0.11,0.89
4080,0.554,0.446
4081,0.622,0.378
4082,0.72,0.28
4083,0.594,0.406
4084,0.252,0.748
4085,0.882,0.118
4086,0.23,0.77
4087,0.298,0.702
4088,0.45,0.55
4089,0.186,0.814
4090,0.112,0.888
4091,0.516,0.484
4092,0.328,0.672
4093,0.384,0.616
4094,0.116,0.884
4095,0.43,0.57
4096,0.19,0.81
4097,0.378,0.622
4098,0.438,0.562
4099,0.372,0.628
4100,0.032,0.968
4101,0.638,0.362
4102,0.242,0.758
4103,0.27,0.73
4104,0.132,0.868
4105,0.62,0.38
4106,0.3,0.7
4107,0.718,0.282
4108,0.31,0.69
4109,0.558,0.442
4110,0.128,0.872
4111,0.308,0.692
4112,0.102,0.898
4113,0.006,0.994
4114,0.182,0.818
4115,0.266,0.734
4116,0.57,0.43
4117,0.588,0.412
4118,0.54,0.46
4119,0.122,0.878
4120,0.892,0.108
4121,0.91,0.09
4122,0.874,0.126
4123,0.462,0.538
4124,0.006,0.994
4125,0.37,0.63
4126,0.528,0.472
4127,0.174,0.826
4128,0.204,0.796
4129,0.702,0.298
4130,0.068,0.932
4131,0.002,0.998
4132,0.404,0.596
4133,0.052,0.948
4134,0.7,0.3
4135,0.486,0.514
4136,0.774,0.226
4137,0.962,0.038
4138,0.59,0.41
4139,0.912,0.088
4140,0.412,0.588
4141,0.234,0.766
4142,0.936,0.064
4143,0.76,0.24
4144,0.334,0.666
4145,0.75,0.25
4146,0.282,0.718
4147,0.186,0.814
4148,0.004,0.996
4149,0.942,0.058
4150,0.068,0.932
4151,0.39,0.61
4152,0.992,0.008
4153,0.31,0.69
4154,0.856,0.144
4155,0.088,0.912
4156,0.668,0.332
4157,0.304,0.696
4158,0.054,0.946
4159,0.25,0.75
4160,0.396,0.604
4161,0.952,0.048
4162,0.902,0.098
4163,0.332,0.668
4164,0.828,0.172
4165,0.052,0.948
4166,0.368,0.632
4167,0.444,0.556
4168,0.984,0.016
4169,0.948,0.052
4170,0.406,0.594
4171,0.44,0.56
4172,0.438,0.562
4173,0.386,0.614
4174,0.674,0.326
4175,0.6,0.4
4176,0.932,0.068
4177,0.7,0.3
4178,0.024,0.976
4179,0.62,0.38
4180,0.95,0.05
4181,0.004,0.996
4182,0.01,0.99
4183,0.46,0.54
4184,0.654,0.346
4185,0.028,0.972
4186,0.192,0.808
4187,0.338,0.662
4188,0.324,0.676
4189,0.482,0.518
4190,0.458,0.542
4191,0.682,0.318
4192,0.96,0.04
4193,0.082,0.918
4194,0.874,0.126
4195,0.38,0.62
4196,0.036,0.964
4197,0.252,0.748
4198,0.298,0.702
4199,0.188,0.812
4200,0.506,0.494
4201,0.802,0.198
4202,0.572,0.428
4203,0.492,0.508
4204,0.558,0.442
4205,0.488,0.512
4206,0.34,0.66
4207,0.27,0.73
4208,0.364,0.636
4209,0.388,0.612
4210,0.492,0.508
4211,0.348,0.652
4212,0.388,0.612
4213,0.614,0.386
4214,0.094,0.906
4215,0.488,0.512
4216,0.488,0.512
4217,0.032,0.968
4218,0.884,0.116
4219,0.118,0.882
4220,0.074,0.926
4221,0.814,0.186
4222,0.012,0.988
4223,0.294,0.706
4224,0.224,0.776
4225,0.512,0.488
4226,0.882,0.118
4227,0.508,0.492
4228,0.432,0.568
4229,0.976,0.024
4230,0.592,0.408
4231,0.206,0.794
4232,0.708,0.292
4233,0.548,0.452
4234,0.4,0.6
4235,0.294,0.706
4236,0.334,0.666
4237,0.204,0.796
4238,0.52,0.48
4239,0.644,0.356
4240,0.934,0.066
4241,0.434,0.566
4242,0.914,0.086
4243,0.008,0.992
4244,0.99,0.01
4245,0.718,0.282
4246,0.008,0.992
4247,0.486,0.514
4248,0.014,0.986
4249,0.37,0.63
4250,0.78,0.22
4251,0.318,0.682
4252,0.03,0.97
4253,0.052,0.948
4254,0.236,0.764
4255,0.908,0.092
4256,0.934,0.066
4257,0.268,0.732
4258,0.162,0.838
4259,0.282,0.718
4260,0.126,0.874
4261,0.524,0.476
4262,0.46,0.54
4263,0.356,0.644
4264,0.496,0.504
4265,0.058,0.942
4266,0.552,0.448
4267,0.038,0.962
4268,0.434,0.566
4269,0.206,0.794
4270,0.93,0.07
4271,0.002,0.998
4272,0.472,0.528
4273,0.374,0.626
4274,0.366,0.634
4275,0.28,0.72
4276,0.502,0.498
4277,0.178,0.822
4278,0.552,0.448
4279,0.47,0.53
4280,0.544,0.456
4281,0.698,0.302
4282,0.33,0.67
4283,0.854,0.146
4284,0.186,0.814
4285,0.15,0.85
4286,0.034,0.966
4287,0.022,0.978
4288,0.026,0.974
4289,0.268,0.732
4290,0.116,0.884
4291,0.784,0.216
4292,0.62,0.38
4293,0.7,0.3
4294,0.17,0.83
4295,0.16,0.84
4296,0.548,0.452
4297,0.28,0.72
4298,0.146,0.854
4299,0.188,0.812
4300,0.33,0.67
4301,0.024,0.976
4302,0.046,0.954
4303,0.002,0.998
4304,0.534,0.466
4305,0.278,0.722
4306,0.132,0.868
4307,0.03,0.97
4308,0.462,0.538
4309,0.944,0.056
4310,0.732,0.268
4311,0.556,0.444
4312,0.104,0.896
4313,0.954,0.046
4314,0.992,0.008
4315,0.244,0.756
4316,0.084,0.916
4317,0.582,0.418
4318,0.274,0.726
4319,0.64,0.36
4320,0.572,0.428
4321,0.962,0.038
4322,0.804,0.196
4323,0.496,0.504
4324,0.646,0.354
4325,0.174,0.826
4326,0.084,0.916
4327,0.382,0.618
4328,0.516,0.484
4329,0.612,0.388
4330,0.784,0.216
4331,0.644,0.356
4332,0.06,0.94
4333,0.03,0.97
4334,0.372,0.628
4335,0.02,0.98
4336,0.682,0.318
4337,0.318,0.682
4338,0.022,0.978
4339,0.388,0.612
4340,0.82,0.18
4341,0.15,0.85
4342,0.442,0.558
4343,0.574,0.426
4344,0.28,0.72
4345,0.416,0.584
4346,0.692,0.308
4347,0.928,0.072
4348,0.628,0.372
4349,0.514,0.486
4350,0.252,0.748
4351,0.062,0.938
4352,0.362,0.638
4353,0.372,0.628
4354,0.604,0.396
4355,0.538,0.462
4356,0.534,0.466
4357,0.726,0.274
4358,0.242,0.758
4359,0.014,0.986
4360,0.9,0.1
4361,0.52,0.48
4362,0.684,0.316
4363,0.694,0.306
4364,0.116,0.884
4365,0.32,0.68
4366,0.072,0.928
4367,0.458,0.542
4368,0.73,0.27
4369,0.888,0.112
4370,0.762,0.238
4371,0.422,0.578
4372,0.724,0.276
4373,0.35,0.65
4374,0.026,0.974
4375,0.068,0.932
4376,0.356,0.644
4377,0.242,0.758
4378,0.4,0.6
4379,0.016,0.984
4380,0.878,0.122
4381,0.164,0.836
4382,0.366,0.634
4383,0.654,0.346
4384,0.51,0.49
4385,0.502,0.498
4386,0.564,0.436
4387,0.224,0.776
4388,0.056,0.944
4389,0.046,0.954
4390,0.63,0.37
4391,0.428,0.572
4392,0.93,0.07
4393,0.456,0.544
4394,0.798,0.202
4395,0.322,0.678
4396,0.104,0.896
4397,0.148,0.852
4398,0.266,0.734
4399,0.072,0.928
4400,0.108,0.892
4401,0.06,0.94
4402,0.794,0.206
4403,0.666,0.334
4404,0.374,0.626
4405,0.164,0.836
4406,0.464,0.536
4407,0.864,0.136
4408,0.546,0.454
4409,0.43,0.57
4410,0.232,0.768
4411,0.682,0.318
4412,0.416,0.584
4413,0.4,0.6
4414,0.006,0.994
4415,0.958,0.042
4416,0.072,0.928
4417,0.302,0.698
4418,0.13,0.87
4419,0.368,0.632
4420,0.218,0.782
4421,0.012,0.988
4422,0.42,0.58
4423,0.498,0.502
4424,0.538,0.462
4425,0.058,0.942
4426,0.372,0.628
4427,0,1
4428,0.036,0.964
4429,0.932,0.068
4430,0.704,0.296
4431,0.168,0.832
4432,0.534,0.466
4433,0.358,0.642
4434,0.052,0.948
4435,0.448,0.552
4436,0.902,0.098
4437,0.062,0.938
4438,0.358,0.642
4439,0.42,0.58
4440,0,1
4441,0.302,0.698
4442,0.574,0.426
4443,0.356,0.644
4444,0.564,0.436
4445,0.01,0.99
4446,0.582,0.418
4447,0.564,0.436
4448,0.438,0.562
4449,0.93,0.07
4450,0.362,0.638
4451,0.798,0.202
4452,0.142,0.858
4453,0.696,0.304
4454,0.028,0.972
4455,0.244,0.756
4456,0.722,0.278
4457,0.24,0.76
4458,0.308,0.692
4459,0.874,0.126
4460,0.426,0.574
4461,0.012,0.988
4462,0.222,0.778
4463,0.996,0.004
4464,0.378,0.622
4465,0.016,0.984
4466,0.976,0.024
4467,0.422,0.578
4468,0.732,0.268
4469,0.526,0.474
4470,0.05,0.95
4471,0.748,0.252
4472,0.278,0.722
4473,0.296,0.704
4474,0.856,0.144
4475,0.45,0.55
4476,0.45,0.55
4477,0.406,0.594
4478,0.504,0.496
4479,0.102,0.898
4480,0.98,0.02
4481,0.036,0.964
4482,0.718,0.282
4483,0.364,0.636
4484,0.672,0.328
4485,0.37,0.63
4486,0.674,0.326
4487,0.06,0.94
4488,0.444,0.556
4489,0.934,0.066
4490,0.694,0.306
4491,0.02,0.98
4492,0.03,0.97
4493,0.12,0.88
4494,0.438,0.562
4495,0.458,0.542
4496,0.588,0.412
4497,0.75,0.25
4498,0.786,0.214
4499,0.396,0.604
4500,0.012,0.988
4501,0.042,0.958
4502,0.136,0.864
4503,0.662,0.338
4504,0.688,0.312
4505,0.752,0.248
4506,0.018,0.982
4507,0.406,0.594
4508,0.622,0.378
4509,0.082,0.918
4510,0.084,0.916
4511,0.062,0.938
4512,0.908,0.092
4513,0.536,0.464
4514,0.422,0.578
4515,0.908,0.092
4516,0.186,0.814
4517,0.664,0.336
4518,0.318,0.682
4519,0.55,0.45
4520,0.7,0.3
4521,0.42,0.58
4522,0.02,0.98
4523,0.4,0.6
4524,0.204,0.796
4525,0.632,0.368
4526,0.87,0.13
4527,0.402,0.598
4528,0.48,0.52
4529,0.174,0.826
4530,0.364,0.636
4531,0.37,0.63
4532,0.544,0.456
4533,0.366,0.634
4534,0.508,0.492
4535,0.686,0.314
4536,0.338,0.662
4537,0.33,0.67
4538,0.224,0.776
4539,0.026,0.974
4540,0.962,0.038
4541,0.15,0.85
4542,0.134,0.866
4543,0.582,0.418
4544,0.298,0.702
4545,0.294,0.706
4546,0.822,0.178
4547,0.976,0.024
4548,0.454,0.546
4549,0.688,0.312
4550,0.69,0.31
4551,0.214,0.786
4552,0.686,0.314
4553,0.96,0.04
4554,0.63,0.37
4555,0.508,0.492
4556,0.086,0.914
4557,0.596,0.404
4558,0.202,0.798
4559,0.554,0.446
4560,0.834,0.166
4561,0.046,0.954
4562,0.202,0.798
4563,0.95,0.05
4564,0.924,0.076
4565,0.146,0.854
4566,0.028,0.972
4567,0.392,0.608
4568,0.556,0.444
4569,0.652,0.348
4570,0.364,0.636
4571,0.398,0.602
4572,0.346,0.654
4573,0.822,0.178
4574,0.176,0.824
4575,0.954,0.046
4576,0.06,0.94
4577,0.412,0.588
4578,0.612,0.388
4579,0.912,0.088
4580,0.944,0.056
4581,0.862,0.138
4582,0.098,0.902
4583,0.406,0.594
4584,0.63,0.37
4585,0.142,0.858
4586,0.296,0.704
4587,0.248,0.752
4588,0.672,0.328
4589,0.408,0.592
4590,0.6,0.4
4591,0.658,0.342
4592,0.05,0.95
4593,0.72,0.28
4594,0.028,0.972
4595,0.082,0.918
4596,0.662,0.338
4597,0.062,0.938
4598,0.372,0.628
4599,0.45,0.55
4600,0.892,0.108
4601,0.624,0.376
4602,0.222,0.778
4603,0.822,0.178
4604,0.902,0.098
4605,0.304,0.696
4606,0.336,0.664
4607,0.464,0.536
4608,0.532,0.468
4609,0.564,0.436
4610,0.598,0.402
4611,0.624,0.376
4612,0.704,0.296
4613,0.2,0.8
4614,0.478,0.522
4615,0.426,0.574
4616,0.85,0.15
4617,0.482,0.518
4618,0.358,0.642
4619,0.104,0.896
4620,0.264,0.736
4621,0.828,0.172
4622,0.3,0.7
4623,0.05,0.95
4624,0.84,0.16
4625,0.584,0.416
4626,0.47,0.53
4627,0.092,0.908
4628,0.03,0.97
4629,0.108,0.892
4630,0.42,0.58
4631,0.284,0.716
4632,0.042,0.958
4633,0.808,0.192
4634,0.458,0.542
4635,0.622,0.378
4636,0.01,0.99
4637,0.624,0.376
4638,0.88,0.12
4639,0.49,0.51
4640,0.946,0.054
4641,0.21,0.79
4642,0.246,0.754
4643,0.956,0.044
4644,0.878,0.122
4645,0.492,0.508
4646,0.364,0.636
4647,0.006,0.994
4648,0.53,0.47
4649,0.34,0.66
4650,0.034,0.966
4651,0.058,0.942
4652,0.102,0.898
4653,0.62,0.38
4654,0.96,0.04
4655,0.366,0.634
4656,0.582,0.418
4657,0.576,0.424
4658,0.036,0.964
4659,0.774,0.226
4660,0.058,0.942
4661,0.688,0.312
4662,0.522,0.478
4663,0.482,0.518
4664,0.402,0.598
4665,0.818,0.182
4666,0.008,0.992
4667,0.038,0.962
4668,0.506,0.494
4669,0.666,0.334
4670,0.93,0.07
4671,0.606,0.394
4672,0.678,0.322
4673,0.002,0.998
4674,0.468,0.532
4675,0.396,0.604
4676,0.974,0.026
4677,0.268,0.732
4678,0.462,0.538
4679,0.44,0.56
4680,0.234,0.766
4681,0.102,0.898
4682,0.318,0.682
4683,0.504,0.496
4684,0.542,0.458
4685,0.306,0.694
4686,0.736,0.264
4687,0.04,0.96
4688,0,1
4689,0.12,0.88
4690,0.426,0.574
4691,0.832,0.168
4692,0.032,0.968
4693,0.65,0.35
4694,0.496,0.504
4695,0.726,0.274
4696,0.242,0.758
4697,0.6,0.4
4698,0.634,0.366
4699,0.328,0.672
4700,0.826,0.174
4701,0.84,0.16
4702,0.192,0.808
4703,0.268,0.732
4704,0.06,0.94
4705,0.382,0.618
4706,0.616,0.384
4707,0.488,0.512
4708,0.644,0.356
4709,0.308,0.692
4710,0.214,0.786
4711,0.026,0.974
4712,0.25,0.75
4713,0.43,0.57
4714,0.286,0.714
4715,0.908,0.092
4716,0.762,0.238
4717,0.804,0.196
4718,0.202,0.798
4719,0.272,0.728
4720,0.208,0.792
4721,0.944,0.056
4722,0.252,0.748
4723,0.808,0.192
4724,0.95,0.05
4725,0.028,0.972
4726,0.668,0.332
4727,0.732,0.268
4728,0.24,0.76
4729,0.808,0.192
4730,0.194,0.806
4731,0.524,0.476
4732,0.298,0.702
4733,0.25,0.75
4734,0.256,0.744
4735,0.342,0.658
4736,0.308,0.692
4737,0.666,0.334
4738,0.656,0.344
4739,0.294,0.706
4740,0.94,0.06
4741,0.614,0.386
4742,0.428,0.572
4743,0.736,0.264
4744,0.018,0.982
4745,0.948,0.052
4746,0.482,0.518
4747,0.01,0.99
4748,0.402,0.598
4749,0.176,0.824
4750,0.84,0.16
4751,0.296,0.704
4752,0.1,0.9
4753,0.4,0.6
4754,0.862,0.138
4755,0.018,0.982
4756,0.006,0.994
4757,0.084,0.916
4758,0.384,0.616
4759,0.206,0.794
4760,0.43,0.57
4761,0.524,0.476
4762,0.812,0.188
4763,0.64,0.36
4764,0.646,0.354
4765,0.262,0.738
4766,0.706,0.294
4767,0,1
4768,0.568,0.432
4769,0.458,0.542
4770,0.278,0.722
4771,0.668,0.332
4772,0.126,0.874
4773,0.936,0.064
4774,0.718,0.282
4775,0.466,0.534
4776,0.202,0.798
4777,0.364,0.636
4778,0.076,0.924
4779,0.522,0.478
4780,0.474,0.526
4781,0.736,0.264
4782,0.734,0.266
4783,0.478,0.522
4784,0.46,0.54
4785,0.354,0.646
4786,0.09,0.91
4787,0.458,0.542
4788,0.966,0.034
4789,0.93,0.07
4790,0.06,0.94
4791,0.846,0.154
4792,0.352,0.648
4793,0.298,0.702
4794,0.218,0.782
4795,0.954,0.046
4796,0.326,0.674
4797,0.438,0.562
4798,0.454,0.546
4799,0.948,0.052
4800,0.05,0.95
4801,0.326,0.674
4802,0.628,0.372
4803,0.24,0.76
4804,0.394,0.606
4805,0.122,0.878
4806,0.69,0.31
4807,0.488,0.512
4808,0.336,0.664
4809,0.716,0.284
4810,0.182,0.818
4811,0.604,0.396
4812,0.49,0.51
4813,0.954,0.046
4814,0.468,0.532
4815,0.54,0.46
4816,0.906,0.094
4817,0.374,0.626
4818,0.934,0.066
4819,0.9,0.1
4820,0.496,0.504
4821,0.602,0.398
4822,0.096,0.904
4823,0.854,0.146
4824,0.292,0.708
4825,0.922,0.078
4826,0.512,0.488
4827,0.34,0.66
4828,0.552,0.448
4829,0.372,0.628
4830,0.968,0.032
4831,0.158,0.842
4832,0.442,0.558
4833,0.438,0.562
4834,0.562,0.438
4835,0.68,0.32
4836,0.49,0.51
4837,0.158,0.842
4838,0.794,0.206
4839,0.41,0.59
4840,0.85,0.15
4841,0.46,0.54
4842,0.31,0.69
4843,0.538,0.462
4844,0.404,0.596
4845,0.228,0.772
4846,0.91,0.09
4847,0.48,0.52
4848,0.464,0.536
4849,0.436,0.564
4850,0.788,0.212
4851,0.578,0.422
4852,0.016,0.984
4853,0.396,0.604
4854,0.636,0.364
4855,0.5,0.5
4856,0.818,0.182
4857,0.272,0.728
4858,0.006,0.994
4859,0.31,0.69
4860,0.118,0.882
4861,0.482,0.518
4862,0.016,0.984
4863,0.398,0.602
4864,0.372,0.628
4865,0.546,0.454
4866,0.196,0.804
4867,0.55,0.45
4868,0.198,0.802
4869,0.086,0.914
4870,0.528,0.472
4871,0.062,0.938
4872,0.606,0.394
4873,0.418,0.582
4874,0.556,0.444
4875,0.614,0.386
4876,0.608,0.392
4877,0.486,0.514
4878,0.624,0.376
4879,0.388,0.612
4880,0.406,0.594
4881,0.102,0.898
4882,0.656,0.344
4883,0.432,0.568
4884,0.452,0.548
4885,0.844,0.156
4886,0.96,0.04
4887,0.69,0.31
4888,0.524,0.476
4889,0.904,0.096
4890,0.444,0.556
4891,0.432,0.568
4892,0.28,0.72
4893,0.546,0.454
4894,0.494,0.506
4895,0.87,0.13
4896,0.374,0.626
4897,0.4,0.6
4898,0.062,0.938
4899,0.742,0.258
4900,0.01,0.99
4901,0.834,0.166
4902,0.028,0.972
4903,0.044,0.956
4904,0.752,0.248
4905,0.786,0.214
4906,0.244,0.756
4907,0.548,0.452
4908,0.214,0.786
4909,0.556,0.444
4910,0.03,0.97
4911,0.426,0.574
4912,0.072,0.928
4913,0.06,0.94
4914,0.62,0.38
4915,0.32,0.68
4916,0.204,0.796
4917,0.148,0.852
4918,0.618,0.382
4919,0.14,0.86
4920,0.548,0.452
4921,0.016,0.984
4922,0.54,0.46
4923,0.018,0.982
4924,0.556,0.444
4925,0.752,0.248
4926,0.472,0.528
4927,0.738,0.262
4928,0.008,0.992
4929,0.49,0.51
4930,0.36,0.64
4931,0.58,0.42
4932,0.096,0.904
4933,0.13,0.87
4934,0.434,0.566
4935,0.168,0.832
4936,0.416,0.584
4937,0.788,0.212
4938,0.43,0.57
4939,0.656,0.344
4940,0.97,0.03
4941,0.11,0.89
4942,0.04,0.96
4943,0.018,0.982
4944,0.934,0.066
4945,0.368,0.632
4946,0.606,0.394
4947,0.586,0.414
4948,0.574,0.426
4949,0.128,0.872
4950,0.702,0.298
4951,0.53,0.47
4952,0.906,0.094
4953,0.878,0.122
4954,0.166,0.834
4955,0.192,0.808
4956,0.57,0.43
4957,0.952,0.048
4958,0.546,0.454
4959,0.052,0.948
4960,0.846,0.154
4961,0.132,0.868
4962,0.978,0.022
4963,0.104,0.896
4964,0.084,0.916
4965,0.786,0.214
4966,0.912,0.088
4967,0.196,0.804
4968,0.9,0.1
4969,0.322,0.678
4970,0.052,0.948
4971,0.508,0.492
4972,0.196,0.804
4973,0.002,0.998
4974,0.042,0.958
4975,0.09,0.91
4976,0.59,0.41
4977,0.724,0.276
4978,0.272,0.728
4979,0.442,0.558
4980,0.04,0.96
4981,0.754,0.246
4982,0.524,0.476
4983,0.282,0.718
4984,0.966,0.034
4985,0.392,0.608
4986,0.644,0.356
4987,0.034,0.966
4988,0.126,0.874
4989,0.226,0.774
4990,0.604,0.396
4991,0.63,0.37
4992,0.264,0.736
4993,0.788,0.212
4994,0.324,0.676
4995,0.882,0.118
4996,0.042,0.958
4997,0.34,0.66
4998,0.74,0.26
4999,0.494,0.506
5000,0.322,0.678
5001,0.008,0.992
5002,0.616,0.384
5003,0.32,0.68
5004,0.4,0.6
5005,0.204,0.796
5006,0.596,0.404
5007,0.548,0.452
5008,0.114,0.886
5009,0.416,0.584
5010,0.83,0.17
5011,0.042,0.958
5012,0.12,0.88
5013,0.768,0.232
5014,0.57,0.43
5015,0.44,0.56
5016,0.784,0.216
5017,0.782,0.218
5018,0.304,0.696
5019,0.088,0.912
5020,0.348,0.652
5021,0.024,0.976
5022,0.426,0.574
5023,0.342,0.658
5024,0.766,0.234
5025,0.176,0.824
5026,0.42,0.58
5027,0.626,0.374
5028,0.448,0.552
5029,0.328,0.672
5030,0.778,0.222
5031,0.27,0.73
5032,0.294,0.706
5033,0.266,0.734
5034,0.424,0.576
5035,0.468,0.532
5036,0.606,0.394
5037,0.502,0.498
5038,0.524,0.476
5039,0.688,0.312
5040,0.266,0.734
5041,0.962,0.038
5042,0.246,0.754
5043,0.504,0.496
5044,0.274,0.726
5045,0.748,0.252
5046,0.502,0.498
5047,0.014,0.986
5048,0.414,0.586
5049,0.296,0.704
5050,0.276,0.724
5051,0.296,0.704
5052,0.126,0.874
5053,0.352,0.648
5054,0.098,0.902
5055,0.7,0.3
5056,0.348,0.652
5057,0.02,0.98
5058,0.442,0.558
5059,0.024,0.976
5060,0.472,0.528
5061,0.034,0.966
5062,0.35,0.65
5063,0.662,0.338
5064,0.552,0.448
5065,0.06,0.94
5066,0.68,0.32
5067,0.988,0.012
5068,0.666,0.334
5069,0.402,0.598
5070,0.09,0.91
5071,0.932,0.068
5072,0.032,0.968
5073,0.08,0.92
5074,0.712,0.288
5075,0.894,0.106
5076,0.754,0.246
5077,0.284,0.716
5078,0.542,0.458
5079,0.96,0.04
5080,0.652,0.348
5081,0.358,0.642
5082,0.194,0.806
5083,0.992,0.008
5084,0.154,0.846
5085,0.428,0.572
5086,0.064,0.936
5087,0.78,0.22
5088,0.06,0.94
5089,0.812,0.188
5090,0.064,0.936
5091,0.544,0.456
5092,0.25,0.75
5093,0.59,0.41
5094,0.204,0.796
5095,0.002,0.998
5096,0.054,0.946
5097,0.54,0.46
5098,0.912,0.088
5099,0.59,0.41
5100,0.018,0.982
5101,0.256,0.744
5102,0.08,0.92
5103,0.082,0.918
5104,0.37,0.63
5105,0.084,0.916
5106,0.01,0.99
5107,0.702,0.298
5108,0.326,0.674
5109,0.782,0.218
5110,0.796,0.204
5111,0.294,0.706
5112,0.388,0.612
5113,0.552,0.448
5114,0.048,0.952
5115,0.312,0.688
5116,0.018,0.982
5117,0.434,0.566
5118,0.15,0.85
5119,0.024,0.976
5120,0.042,0.958
5121,0.538,0.462
5122,0.012,0.988
5123,0.418,0.582
5124,0.48,0.52
5125,0.422,0.578
5126,0.07,0.93
5127,0.556,0.444
5128,0.422,0.578
5129,0.946,0.054
5130,0.382,0.618
5131,0.464,0.536
5132,0.802,0.198
5133,0.272,0.728
5134,0.618,0.382
5135,0.586,0.414
5136,0.35,0.65
5137,0.232,0.768
5138,0.298,0.702
5139,0.086,0.914
5140,0.004,0.996
5141,0.628,0.372
5142,0.892,0.108
5143,0.448,0.552
5144,0.182,0.818
5145,0.272,0.728
5146,0.97,0.03
5147,0.236,0.764
5148,0.354,0.646
5149,0.976,0.024
5150,0.936,0.064
5151,0.59,0.41
5152,0.17,0.83
5153,0.054,0.946
5154,0.02,0.98
5155,0.484,0.516
5156,0.154,0.846
5157,0.61,0.39
5158,0.26,0.74
5159,0.638,0.362
5160,0.526,0.474
5161,0.548,0.452
5162,0.544,0.456
5163,0.436,0.564
5164,0.056,0.944
5165,0.354,0.646
5166,0.402,0.598
5167,0.562,0.438
5168,0.178,0.822
5169,0.154,0.846
5170,0.218,0.782
5171,0.624,0.376
5172,0.41,0.59
5173,0.314,0.686
5174,0.632,0.368
5175,0.614,0.386
5176,0.04,0.96
5177,0.442,0.558
5178,0.534,0.466
5179,0.188,0.812
5180,0.976,0.024
5181,0.222,0.778
5182,0.32,0.68
5183,0.632,0.368
5184,0.146,0.854
5185,0.232,0.768
5186,0.036,0.964
5187,0.61,0.39
5188,0.038,0.962
5189,0.002,0.998
5190,0.528,0.472
5191,0.31,0.69
5192,0.12,0.88
5193,0.812,0.188
5194,0.416,0.584
5195,0.748,0.252
5196,0.314,0.686
5197,0.654,0.346
5198,0.262,0.738
5199,0.242,0.758
5200,0.742,0.258
5201,0.65,0.35
5202,0.618,0.382
5203,0.498,0.502
5204,0.426,0.574
5205,0.448,0.552
5206,0.402,0.598
5207,0.408,0.592
5208,0.976,0.024
5209,0.018,0.982
5210,0.452,0.548
5211,0.732,0.268
5212,0.302,0.698
5213,0.424,0.576
5214,0.218,0.782
5215,0.138,0.862
5216,0.024,0.976
5217,0.246,0.754
5218,0.49,0.51
5219,0.974,0.026
5220,0.652,0.348
5221,0.886,0.114
5222,0.08,0.92
5223,0.268,0.732
5224,0.194,0.806
5225,0.602,0.398
5226,0.782,0.218
5227,0.134,0.866
5228,0.064,0.936
5229,0.47,0.53
5230,0.062,0.938
5231,0.9,0.1
5232,0.132,0.868
5233,0.63,0.37
5234,0.256,0.744
5235,0.464,0.536
5236,0.512,0.488
5237,0.044,0.956
5238,0.574,0.426
5239,0.638,0.362
5240,0.564,0.436
5241,0.076,0.924
5242,0.39,0.61
5243,0.404,0.596
5244,0.634,0.366
5245,0,1
5246,0.316,0.684
5247,0.118,0.882
5248,0.956,0.044
5249,0.206,0.794
5250,0.87,0.13
5251,0.406,0.594
5252,0.702,0.298
5253,0.482,0.518
5254,0.478,0.522
5255,0.73,0.27
5256,0.468,0.532
5257,0.532,0.468
5258,0.69,0.31
5259,0.738,0.262
5260,0.008,0.992
5261,0.21,0.79
5262,0.398,0.602
5263,0.99,0.01
5264,0.262,0.738
5265,0.158,0.842
5266,0.032,0.968
5267,0.048,0.952
5268,0.414,0.586
5269,0.576,0.424
5270,0.182,0.818
5271,0.528,0.472
5272,0.412,0.588
5273,0.814,0.186
5274,0.176,0.824
5275,0.956,0.044
5276,0.012,0.988
5277,0.576,0.424
5278,0.428,0.572
5279,0.03,0.97
5280,0.686,0.314
5281,0.788,0.212
5282,0.4,0.6
5283,0.114,0.886
5284,0.598,0.402
5285,0.086,0.914
5286,0.122,0.878
5287,0.284,0.716
5288,0.788,0.212
5289,0.484,0.516
5290,0.404,0.596
5291,0.35,0.65
5292,0.688,0.312
5293,0.256,0.744
5294,0.296,0.704
5295,0.618,0.382
5296,0.426,0.574
5297,0.43,0.57
5298,0.24,0.76
5299,0.42,0.58
5300,0.932,0.068
5301,0.02,0.98
5302,0.372,0.628
5303,0.348,0.652
5304,0.08,0.92
5305,0.384,0.616
5306,0.362,0.638
5307,0.334,0.666
5308,0.292,0.708
5309,0.966,0.034
5310,0.008,0.992
5311,0.068,0.932
5312,0.084,0.916
5313,0.148,0.852
5314,0.014,0.986
5315,0.158,0.842
5316,0.58,0.42
5317,0.608,0.392
5318,0.878,0.122
5319,0.132,0.868
5320,0.494,0.506
5321,0.366,0.634
5322,0.8,0.2
5323,0.726,0.274
5324,0.494,0.506
5325,0.726,0.274
5326,0.692,0.308
5327,0.716,0.284
5328,0.212,0.788
5329,0.934,0.066
5330,0.618,0.382
5331,0.35,0.65
5332,0.552,0.448
5333,0.354,0.646
5334,0.324,0.676
5335,0.67,0.33
5336,0.704,0.296
5337,0.58,0.42
5338,0.018,0.982
5339,0.942,0.058
5340,0.95,0.05
5341,0.522,0.478
5342,0.472,0.528
5343,0.888,0.112
5344,0.812,0.188
5345,0.332,0.668
5346,0.454,0.546
5347,0.234,0.766
5348,0.222,0.778
5349,0.2,0.8
5350,0.976,0.024
5351,0.442,0.558
5352,0.632,0.368
5353,0.338,0.662
5354,0.882,0.118
5355,0.438,0.562
5356,0.414,0.586
5357,0.504,0.496
5358,0.144,0.856
5359,0.932,0.068
5360,0.422,0.578
5361,0.426,0.574
5362,0.88,0.12
5363,0.354,0.646
5364,0.552,0.448
5365,0.08,0.92
5366,0.42,0.58
5367,0.636,0.364
5368,0.584,0.416
5369,0.55,0.45
5370,0.272,0.728
5371,0.446,0.554
5372,0.886,0.114
5373,0.506,0.494
5374,0.25,0.75
5375,0.072,0.928
5376,0.608,0.392
5377,0.69,0.31
5378,0.472,0.528
5379,0.398,0.602
5380,0.834,0.166
5381,0.376,0.624
5382,0.11,0.89
5383,0.344,0.656
5384,0.53,0.47
5385,0.724,0.276
5386,0.264,0.736
5387,0.078,0.922
5388,0.108,0.892
5389,0.356,0.644
5390,0.584,0.416
5391,0.578,0.422
5392,0.568,0.432
5393,0.464,0.536
5394,0.596,0.404
5395,0.448,0.552
5396,0.086,0.914
5397,0.394,0.606
5398,0.444,0.556
5399,0.516,0.484
5400,0.384,0.616
5401,0.162,0.838
5402,0.528,0.472
5403,0.896,0.104
5404,0.588,0.412
5405,0.028,0.972
5406,0.462,0.538
5407,0.402,0.598
5408,0.584,0.416
5409,0.262,0.738
5410,0.314,0.686
5411,0.634,0.366
5412,0.492,0.508
5413,0.398,0.602
5414,0.584,0.416
5415,0.962,0.038
5416,0.48,0.52
5417,0.462,0.538
5418,0.046,0.954
5419,0.012,0.988
5420,0.874,0.126
5421,0.248,0.752
5422,0.518,0.482
5423,0.2,0.8
5424,0.302,0.698
5425,0.402,0.598
5426,0.362,0.638
5427,0.074,0.926
5428,0.514,0.486
5429,0.15,0.85
5430,0.032,0.968
5431,0.484,0.516
5432,0.842,0.158
5433,0.43,0.57
5434,0.706,0.294
5435,0.372,0.628
5436,0.634,0.366
5437,0.94,0.06
5438,0.842,0.158
5439,0.262,0.738
5440,0.538,0.462
5441,0.202,0.798
5442,0.124,0.876
5443,0.01,0.99
5444,0.334,0.666
5445,0.21,0.79
5446,0.956,0.044
5447,0.698,0.302
5448,0.288,0.712
5449,0.258,0.742
5450,0.72,0.28
5451,0.592,0.408
5452,0.414,0.586
5453,0.462,0.538
5454,0.334,0.666
5455,0.308,0.692
5456,0.644,0.356
5457,0.8,0.2
5458,0.754,0.246
5459,0.208,0.792
5460,0.84,0.16
5461,0.816,0.184
5462,0.698,0.302
5463,0.484,0.516
5464,0.676,0.324
5465,0.598,0.402
5466,0.916,0.084
5467,0.976,0.024
5468,0.012,0.988
5469,0.182,0.818
5470,0.572,0.428
5471,0.332,0.668
5472,0.07,0.93
5473,0.806,0.194
5474,0.776,0.224
5475,0.976,0.024
5476,0.488,0.512
5477,0.972,0.028
5478,0.378,0.622
5479,0.42,0.58
5480,0.31,0.69
5481,0.406,0.594
5482,0.236,0.764
5483,0.336,0.664
5484,0.018,0.982
5485,0.556,0.444
5486,0.432,0.568
5487,0.298,0.702
5488,0.158,0.842
5489,0.224,0.776
5490,0.34,0.66
5491,0.946,0.054
5492,0.842,0.158
5493,0.428,0.572
5494,0.724,0.276
5495,0.384,0.616
5496,0.032,0.968
5497,0.162,0.838
5498,0.836,0.164
5499,0.206,0.794
5500,0.432,0.568
5501,0.482,0.518
5502,0.42,0.58
5503,0.426,0.574
5504,0.342,0.658
5505,0.532,0.468
5506,0.168,0.832
5507,0.34,0.66
5508,0.584,0.416
5509,0.942,0.058
5510,0.624,0.376
5511,0.608,0.392
5512,0.372,0.628
5513,0.104,0.896
5514,0.464,0.536
5515,0.26,0.74
5516,0.976,0.024
5517,0.358,0.642
5518,0.684,0.316
5519,0.788,0.212
5520,0.928,0.072
5521,0.794,0.206
5522,0.398,0.602
5523,0.402,0.598
5524,0.484,0.516
5525,0.718,0.282
5526,0.884,0.116
5527,0.9,0.1
5528,0.054,0.946
5529,0.372,0.628
5530,0.846,0.154
5531,0.384,0.616
5532,0.928,0.072
5533,0.006,0.994
5534,0.91,0.09
5535,0.418,0.582
5536,0.198,0.802
5537,0.662,0.338
5538,0.284,0.716
5539,0.052,0.948
5540,0.028,0.972
5541,0.432,0.568
5542,0.24,0.76
5543,0.386,0.614
5544,0.168,0.832
5545,0.552,0.448
5546,0.426,0.574
5547,0.698,0.302
5548,0.57,0.43
5549,0.388,0.612
5550,0.64,0.36
5551,0.24,0.76
5552,0.172,0.828
5553,0.766,0.234
5554,0.394,0.606
5555,0.026,0.974
5556,0.462,0.538
5557,0.716,0.284
5558,0.098,0.902
5559,1,0
5560,0.142,0.858
5561,0.656,0.344
5562,0.438,0.562
5563,0.006,0.994
5564,0.174,0.826
5565,0.018,0.982
5566,0.29,0.71
5567,0.462,0.538
5568,0.268,0.732
5569,0.35,0.65
5570,0.608,0.392
5571,0.414,0.586
5572,0.326,0.674
5573,0.424,0.576
5574,0.366,0.634
5575,0.434,0.566
5576,0.766,0.234
5577,0.124,0.876
5578,0.974,0.026
5579,0.108,0.892
5580,0.186,0.814
5581,0.068,0.932
5582,0.398,0.602
5583,0.364,0.636
5584,0.976,0.024
5585,0.006,0.994
5586,0.328,0.672
5587,0.182,0.818
5588,0.648,0.352
5589,0.938,0.062
5590,0.498,0.502
5591,0.914,0.086
5592,0.192,0.808
5593,0.874,0.126
5594,0.138,0.862
5595,0.508,0.492
5596,0.324,0.676
5597,0.654,0.346
5598,0.406,0.594
5599,0.294,0.706
5600,0.954,0.046
5601,0.596,0.404
5602,0.564,0.436
5603,0.534,0.466
5604,0.528,0.472
5605,0.064,0.936
5606,0.204,0.796
5607,0.012,0.988
5608,0.286,0.714
5609,0.472,0.528
5610,0.872,0.128
5611,0.894,0.106
5612,0.422,0.578
5613,0.434,0.566
5614,0.78,0.22
5615,0.354,0.646
5616,0.766,0.234
5617,0.178,0.822
5618,0.356,0.644
5619,0.18,0.82
5620,0.376,0.624
5621,0.332,0.668
5622,0.066,0.934
5623,0.038,0.962
5624,0.794,0.206
5625,0.656,0.344
5626,0.22,0.78
5627,0.338,0.662
5628,0.43,0.57
5629,0.556,0.444
5630,0.328,0.672
5631,0.064,0.936
5632,0.396,0.604
5633,0.526,0.474
5634,0.108,0.892
5635,0.402,0.598
5636,0.246,0.754
5637,0.906,0.094
5638,0.06,0.94
5639,0.406,0.594
5640,0.45,0.55
5641,0.408,0.592
5642,0.246,0.754
5643,0.478,0.522
5644,0.712,0.288
5645,0.432,0.568
5646,0.628,0.372
5647,0.008,0.992
5648,0.474,0.526
5649,0.142,0.858
5650,0.478,0.522
5651,0.194,0.806
5652,0.344,0.656
5653,0.64,0.36
5654,0.43,0.57
5655,0.982,0.018
5656,0.074,0.926
5657,0.552,0.448
5658,0.362,0.638
5659,0.332,0.668
5660,0.268,0.732
5661,0.816,0.184
5662,0.222,0.778
5663,0.784,0.216
5664,0.65,0.35
5665,0.098,0.902
5666,0.026,0.974
5667,0.092,0.908
5668,0.17,0.83
5669,0.062,0.938
5670,0.4,0.6
5671,0.212,0.788
5672,0.172,0.828
5673,0.568,0.432
5674,0.136,0.864
5675,0.182,0.818
5676,0.588,0.412
5677,0.47,0.53
5678,0.374,0.626
5679,0.118,0.882
5680,0.58,0.42
5681,0.022,0.978
5682,0.586,0.414
5683,0.416,0.584
5684,0.09,0.91
5685,0.104,0.896
5686,0.482,0.518
5687,0.704,0.296
5688,0.45,0.55
5689,0.888,0.112
5690,0.492,0.508
5691,0.424,0.576
5692,0.684,0.316
5693,0.256,0.744
5694,0.466,0.534
5695,0.426,0.574
5696,0.07,0.93
5697,0.394,0.606
5698,0.724,0.276
5699,0.344,0.656
5700,0.594,0.406
5701,0.406,0.594
5702,0.274,0.726
5703,0.25,0.75
5704,0.456,0.544
5705,0.368,0.632
5706,0.408,0.592
5707,0.77,0.23
5708,0.716,0.284
5709,0.332,0.668
5710,0.484,0.516
5711,0.952,0.048
5712,0.474,0.526
5713,0.032,0.968
5714,0.232,0.768
5715,0.366,0.634
5716,0.042,0.958
5717,0.202,0.798
5718,0.028,0.972
5719,0.476,0.524
5720,0.084,0.916
5721,0.122,0.878
5722,0.448,0.552
5723,0.868,0.132
5724,0.016,0.984
5725,0.486,0.514
5726,0.556,0.444
5727,0.074,0.926
5728,0.36,0.64
5729,0.31,0.69
5730,0.002,0.998
5731,0.458,0.542
5732,0.116,0.884
5733,0.59,0.41
5734,0.188,0.812
5735,0.056,0.944
5736,0.86,0.14
5737,0.044,0.956
5738,0.73,0.27
5739,0.534,0.466
5740,0.102,0.898
5741,0.046,0.954
5742,0.03,0.97
5743,0.238,0.762
5744,0.1,0.9
5745,0.958,0.042
5746,0.022,0.978
5747,0.594,0.406
5748,0.774,0.226
5749,0.37,0.63
5750,0.2,0.8
5751,0.55,0.45
5752,0.584,0.416
5753,0.404,0.596
5754,0.14,0.86
5755,0.852,0.148
5756,0.044,0.956
5757,0.934,0.066
5758,0.462,0.538
5759,0.342,0.658
5760,0.054,0.946
5761,0.476,0.524
5762,0.13,0.87
5763,0.972,0.028
5764,0.782,0.218
5765,0.42,0.58
5766,0.782,0.218
5767,0.718,0.282
5768,0.484,0.516
5769,0.578,0.422
5770,0.656,0.344
5771,0.06,0.94
5772,0.35,0.65
5773,0.414,0.586
5774,0.242,0.758
5775,0.432,0.568
5776,0.052,0.948
5777,0.384,0.616
5778,0.15,0.85
5779,0.71,0.29
5780,0.396,0.604
5781,0.114,0.886
5782,0.52,0.48
5783,0.46,0.54
5784,0.706,0.294
5785,0.162,0.838
5786,0.132,0.868
5787,0.292,0.708
5788,0.19,0.81
5789,0.356,0.644
5790,0.538,0.462
5791,0.044,0.956
5792,0.558,0.442
5793,0.268,0.732
5794,0.418,0.582
5795,0.988,0.012
5796,0.376,0.624
5797,0.522,0.478
5798,0.91,0.09
5799,0.462,0.538
5800,0.946,0.054
5801,0.806,0.194
5802,0.014,0.986
5803,0.024,0.976
5804,0.74,0.26
5805,0.978,0.022
5806,0.894,0.106
5807,0.666,0.334
5808,0.348,0.652
5809,0.502,0.498
5810,0.644,0.356
5811,0.36,0.64
5812,0.396,0.604
5813,0.422,0.578
5814,0.018,0.982
5815,0.622,0.378
5816,0.104,0.896
5817,0.996,0.004
5818,0.26,0.74
5819,0.1,0.9
5820,0.88,0.12
5821,0.528,0.472
5822,0.296,0.704
5823,0.084,0.916
5824,0.378,0.622
5825,0.976,0.024
5826,0.724,0.276
5827,0.072,0.928
5828,0.998,0.002
5829,0.638,0.362
5830,0.098,0.902
5831,0.386,0.614
5832,0.95,0.05
5833,0.47,0.53
5834,0.562,0.438
5835,0.666,0.334
5836,0.314,0.686
5837,0.646,0.354
5838,0.452,0.548
5839,0.876,0.124
5840,0.568,0.432
5841,0.044,0.956
5842,0.778,0.222
5843,0.62,0.38
5844,0.628,0.372
5845,0.234,0.766
5846,0.434,0.566
5847,0.252,0.748
5848,0.924,0.076
5849,0.966,0.034
5850,0.008,0.992
5851,0.88,0.12
5852,0.334,0.666
5853,0.47,0.53
5854,0.398,0.602
5855,0.308,0.692
5856,0.152,0.848
5857,0.304,0.696
5858,0.422,0.578
5859,0.258,0.742
5860,0.068,0.932
5861,0.02,0.98
5862,0.366,0.634
5863,0.19,0.81
5864,0.03,0.97
5865,0.28,0.72
5866,0.448,0.552
5867,0.442,0.558
5868,0.006,0.994
5869,0.39,0.61
5870,0.21,0.79
5871,0.468,0.532
5872,0.276,0.724
5873,0.554,0.446
5874,0.442,0.558
5875,0.908,0.092
5876,0.008,0.992
5877,0.774,0.226
5878,0.766,0.234
5879,0.306,0.694
5880,0.556,0.444
5881,0.224,0.776
5882,0.922,0.078
5883,0.934,0.066
5884,0.088,0.912
5885,0.612,0.388
5886,0.478,0.522
5887,0.456,0.544
5888,0.518,0.482
5889,0.49,0.51
5890,0.508,0.492
5891,0.676,0.324
5892,0.732,0.268
5893,0.044,0.956
5894,0.17,0.83
5895,0.768,0.232
5896,0.784,0.216
5897,0.02,0.98
5898,0.034,0.966
5899,0.462,0.538
5900,0.326,0.674
5901,0.834,0.166
5902,0.486,0.514
5903,0.796,0.204
5904,0.524,0.476
5905,0.112,0.888
5906,0.854,0.146
5907,0.28,0.72
5908,0.264,0.736
5909,0.368,0.632
5910,0.636,0.364
5911,0.526,0.474
5912,0.106,0.894
5913,0.696,0.304
5914,0.694,0.306
5915,0.084,0.916
5916,0.298,0.702
5917,0.974,0.026
5918,0.264,0.736
5919,0.92,0.08
5920,0.372,0.628
5921,0.156,0.844
5922,0.808,0.192
5923,0.24,0.76
5924,0.862,0.138
5925,0.17,0.83
5926,0.904,0.096
5927,0.274,0.726
5928,0.164,0.836
5929,0.884,0.116
5930,0.358,0.642
5931,0.656,0.344
5932,0.088,0.912
5933,0.504,0.496
5934,0.406,0.594
5935,0.384,0.616
5936,0.814,0.186
5937,0.884,0.116
5938,0.764,0.236
5939,0.29,0.71
5940,0.994,0.006
5941,0.05,0.95
5942,0.54,0.46
5943,0.988,0.012
5944,0.754,0.246
5945,0.34,0.66
5946,0.456,0.544
5947,0.582,0.418
5948,0.606,0.394
5949,0.392,0.608
5950,0.598,0.402
5951,0.504,0.496
5952,0.44,0.56
