"ID","Choice"
1,0
2,0
3,1
4,1
5,0
6,1
7,0
8,0
9,1
10,0
11,0
12,0
13,0
14,0
15,1
16,1
17,0
18,1
19,0
20,0
21,0
22,1
23,1
24,1
25,1
26,1
27,1
28,0
29,1
30,0
31,1
32,0
33,0
34,1
35,0
36,1
37,1
38,0
39,1
40,0
41,0
42,1
43,1
44,1
45,1
46,1
47,0
48,1
49,1
50,0
51,1
52,1
53,1
54,1
55,0
56,1
57,1
58,0
59,1
60,1
61,1
62,0
63,0
64,1
65,0
66,1
67,0
68,1
69,0
70,1
71,0
72,0
73,1
74,1
75,0
76,0
77,0
78,0
79,1
80,1
81,1
82,1
83,1
84,1
85,0
86,0
87,0
88,1
89,1
90,0
91,1
92,1
93,0
94,0
95,1
96,0
97,1
98,0
99,0
100,0
101,1
102,1
103,1
104,1
105,1
106,1
107,1
108,1
109,1
110,1
111,1
112,0
113,0
114,1
115,1
116,1
117,0
118,0
119,0
120,0
121,0
122,0
123,1
124,0
125,1
126,1
127,1
128,1
129,1
130,0
131,0
132,1
133,1
134,0
135,1
136,1
137,0
138,1
139,1
140,0
141,0
142,0
143,0
144,1
145,1
146,1
147,1
148,1
149,0
150,0
151,1
152,1
153,0
154,0
155,1
156,1
157,1
158,1
159,0
160,1
161,0
162,1
163,0
164,1
165,1
166,0
167,1
168,0
169,1
170,1
171,1
172,0
173,1
174,0
175,1
176,1
177,0
178,1
179,0
180,1
181,1
182,1
183,0
184,1
185,1
186,0
187,1
188,1
189,0
190,0
191,0
192,0
193,1
194,0
195,0
196,0
197,1
198,1
199,1
200,1
201,0
202,1
203,1
204,0
205,1
206,1
207,1
208,1
209,1
210,1
211,0
212,1
213,1
214,0
215,1
216,1
217,0
218,0
219,0
220,1
221,0
222,1
223,1
224,1
225,0
226,1
227,0
228,1
229,1
230,1
231,1
232,1
233,1
234,1
235,1
236,0
237,1
238,0
239,0
240,1
241,1
242,1
243,0
244,0
245,1
246,0
247,1
248,1
249,0
250,0
251,1
252,1
253,1
254,1
255,1
256,1
257,1
258,0
259,1
260,0
261,1
262,1
263,1
264,0
265,1
266,0
267,0
268,0
269,0
270,0
271,0
272,0
273,0
274,1
275,0
276,0
277,0
278,1
279,1
280,0
281,1
282,0
283,0
284,0
285,1
286,1
287,1
288,0
289,0
290,1
291,0
292,0
293,0
294,1
295,0
296,1
297,0
298,0
299,0
300,0
301,1
302,0
303,0
304,0
305,0
306,0
307,1
308,0
309,0
310,1
311,0
312,1
313,1
314,0
315,1
316,0
317,0
318,0
319,1
320,1
321,1
322,1
323,1
324,0
325,0
326,1
327,1
328,0
329,0
330,0
331,1
332,1
333,0
334,1
335,0
336,1
337,1
338,0
339,1
340,0
341,1
342,1
343,0
344,0
345,1
346,1
347,1
348,1
349,0
350,1
351,1
352,0
353,1
354,1
355,1
356,1
357,0
358,0
359,1
360,1
361,0
362,0
363,0
364,1
365,1
366,0
367,1
368,0
369,0
370,1
371,1
372,1
373,0
374,0
375,1
376,1
377,0
378,0
379,1
380,1
381,1
382,1
383,1
384,0
385,1
386,0
387,1
388,1
389,1
390,0
391,1
392,1
393,0
394,1
395,0
396,1
397,1
398,0
399,0
400,1
401,1
402,1
403,1
404,0
405,0
406,0
407,0
408,0
409,0
410,1
411,1
412,1
413,0
414,1
415,1
416,1
417,0
418,1
419,0
420,0
421,1
422,1
423,0
424,1
425,1
426,0
427,1
428,1
429,0
430,1
431,1
432,1
433,0
434,1
435,0
436,0
437,1
438,0
439,0
440,0
441,0
442,0
443,1
444,0
445,1
446,1
447,1
448,1
449,1
450,1
451,1
452,0
453,0
454,1
455,0
456,1
457,1
458,1
459,1
460,1
461,0
462,0
463,0
464,1
465,1
466,1
467,1
468,0
469,1
470,0
471,0
472,0
473,0
474,1
475,1
476,1
477,1
478,0
479,0
480,0
481,0
482,1
483,1
484,1
485,0
486,1
487,0
488,1
489,0
490,1
491,1
492,1
493,1
494,1
495,0
496,0
497,0
498,1
499,0
500,0
501,0
502,1
503,1
504,0
505,0
506,1
507,0
508,1
509,1
510,1
511,1
512,0
513,1
514,1
515,1
516,1
517,1
518,0
519,1
520,1
521,0
522,0
523,0
524,0
525,0
526,1
527,0
528,0
529,0
530,1
531,0
532,0
533,0
534,1
535,1
536,0
537,0
538,0
539,1
540,1
541,1
542,1
543,0
544,1
545,0
546,1
547,1
548,1
549,0
550,1
551,1
552,1
553,1
554,1
555,0
556,1
557,0
558,0
559,1
560,0
561,0
562,1
563,0
564,1
565,0
566,1
567,0
568,1
569,1
570,1
571,1
572,1
573,0
574,1
575,0
576,1
577,1
578,1
579,1
580,1
581,1
582,0
583,0
584,1
585,1
586,0
587,1
588,1
589,1
590,1
591,1
592,1
593,0
594,0
595,1
596,0
597,0
598,1
599,1
600,0
601,0
602,0
603,0
604,0
605,1
606,1
607,0
608,1
609,1
610,1
611,1
612,1
613,0
614,1
615,0
616,1
617,1
618,1
619,0
620,0
621,1
622,1
623,0
624,0
625,1
626,0
627,1
628,1
629,1
630,0
631,0
632,1
633,0
634,1
635,0
636,1
637,1
638,0
639,0
640,1
641,1
642,0
643,1
644,1
645,0
646,0
647,0
648,1
649,0
650,0
651,0
652,1
653,0
654,1
655,1
656,0
657,1
658,0
659,1
660,1
661,1
662,1
663,1
664,1
665,1
666,1
667,0
668,0
669,0
670,1
671,0
672,1
673,1
674,1
675,0
676,1
677,1
678,1
679,1
680,0
681,0
682,0
683,1
684,0
685,0
686,1
687,1
688,1
689,1
690,1
691,1
692,1
693,1
694,0
695,0
696,1
697,1
698,1
699,0
700,1
701,1
702,1
703,0
704,0
705,1
706,1
707,1
708,1
709,1
710,1
711,0
712,1
713,0
714,1
715,1
716,0
717,1
718,1
719,0
720,0
721,0
722,1
723,1
724,1
725,1
726,0
727,1
728,1
729,0
730,1
731,1
732,0
733,1
734,1
735,1
736,1
737,1
738,1
739,1
740,1
741,1
742,1
743,1
744,0
745,0
746,1
747,1
748,1
749,0
750,0
751,1
752,0
753,1
754,1
755,1
756,0
757,0
758,1
759,1
760,0
761,0
762,1
763,0
764,1
765,1
766,0
767,0
768,1
769,0
770,0
771,1
772,1
773,1
774,0
775,1
776,0
777,1
778,1
779,0
780,1
781,0
782,0
783,0
784,1
785,1
786,0
787,1
788,1
789,1
790,0
791,0
792,0
793,1
794,0
795,0
796,1
797,1
798,1
799,1
800,1
801,0
802,0
803,1
804,1
805,1
806,1
807,0
808,0
809,0
810,1
811,0
812,0
813,1
814,0
815,0
816,0
817,0
818,1
819,1
820,1
821,0
822,1
823,0
824,1
825,0
826,1
827,1
828,0
829,0
830,1
831,1
832,0
833,1
834,1
835,0
836,0
837,0
838,0
839,1
840,0
841,1
842,0
843,1
844,0
845,0
846,0
847,0
848,1
849,0
850,0
851,1
852,1
853,1
854,1
855,0
856,0
857,0
858,1
859,0
860,0
861,1
862,1
863,1
864,0
865,1
866,1
867,0
868,1
869,0
870,0
871,1
872,1
873,0
874,0
875,1
876,0
877,0
878,1
879,1
880,0
881,0
882,0
883,0
884,1
885,1
886,1
887,1
888,1
889,0
890,1
891,1
892,0
893,1
894,1
895,0
896,0
897,1
898,1
899,1
900,1
901,0
902,1
903,1
904,0
905,0
906,0
907,0
908,1
909,1
910,0
911,0
912,1
913,0
914,1
915,1
916,0
917,1
918,1
919,0
920,1
921,0
922,1
923,1
924,1
925,1
926,1
927,0
928,0
929,1
930,0
931,1
932,0
933,1
934,0
935,0
936,1
937,0
938,1
939,0
940,1
941,1
942,0
943,0
944,1
945,1
946,1
947,0
948,1
949,1
950,1
951,1
952,0
953,1
954,0
955,1
956,1
957,1
958,1
959,1
960,1
961,1
962,0
963,1
964,1
965,1
966,1
967,0
968,0
969,1
970,0
971,1
972,1
973,1
974,0
975,0
976,1
977,1
978,1
979,1
980,0
981,0
982,0
983,1
984,0
985,1
986,1
987,0
988,1
989,1
990,0
991,1
992,1
993,0
994,1
995,1
996,0
997,1
998,1
999,0
1000,1
1001,0
1002,1
1003,1
1004,1
1005,0
1006,0
1007,1
1008,1
1009,0
1010,0
1011,0
1012,1
1013,0
1014,0
1015,1
1016,1
1017,1
1018,0
1019,0
1020,0
1021,0
1022,1
1023,0
1024,1
1025,1
1026,0
1027,1
1028,1
1029,1
1030,0
1031,1
1032,1
1033,0
1034,1
1035,0
1036,1
1037,0
1038,1
1039,1
1040,0
1041,0
1042,1
1043,0
1044,1
1045,0
1046,0
1047,1
1048,0
1049,0
1050,1
1051,0
1052,1
1053,1
1054,0
1055,1
1056,0
1057,0
1058,0
1059,1
1060,0
1061,1
1062,1
1063,0
1064,0
1065,1
1066,1
1067,1
1068,1
1069,1
1070,0
1071,0
1072,0
1073,1
1074,1
1075,0
1076,0
1077,0
1078,1
1079,1
1080,1
1081,0
1082,1
1083,1
1084,1
1085,0
1086,0
1087,1
1088,0
1089,1
1090,1
1091,0
1092,0
1093,0
1094,1
1095,1
1096,0
1097,1
1098,1
1099,0
1100,1
1101,1
1102,0
1103,1
1104,0
1105,0
1106,1
1107,0
1108,1
1109,1
1110,0
1111,1
1112,1
1113,1
1114,0
1115,1
1116,0
1117,1
1118,1
1119,1
1120,1
1121,0
1122,1
1123,1
1124,0
1125,0
1126,0
1127,1
1128,0
1129,1
1130,0
1131,1
1132,0
1133,1
1134,1
1135,0
1136,1
1137,1
1138,1
1139,0
1140,1
1141,0
1142,1
1143,1
1144,0
1145,1
1146,0
1147,1
1148,0
1149,1
1150,1
1151,0
1152,1
1153,1
1154,0
1155,0
1156,0
1157,1
1158,1
1159,1
1160,0
1161,0
1162,0
1163,0
1164,1
1165,1
1166,1
1167,1
1168,1
1169,0
1170,1
1171,1
1172,1
1173,1
1174,1
1175,0
1176,0
1177,1
1178,1
1179,1
1180,0
1181,1
1182,1
1183,1
1184,0
1185,0
1186,1
1187,0
1188,1
1189,1
1190,1
1191,1
1192,0
1193,0
1194,0
1195,1
1196,1
1197,0
1198,1
1199,1
1200,1
1201,0
1202,1
1203,0
1204,0
1205,1
1206,1
1207,0
1208,1
1209,1
1210,1
1211,1
1212,1
1213,0
1214,1
1215,0
1216,1
1217,0
1218,1
1219,1
1220,0
1221,0
1222,0
1223,1
1224,1
1225,1
1226,0
1227,0
1228,1
1229,1
1230,1
1231,0
1232,1
1233,0
1234,0
1235,0
1236,0
1237,1
1238,1
1239,1
1240,1
1241,1
1242,1
1243,1
1244,0
1245,0
1246,1
1247,1
1248,0
1249,0
1250,1
1251,0
1252,0
1253,1
1254,0
1255,1
1256,0
1257,1
1258,1
1259,0
1260,1
1261,0
1262,0
1263,1
1264,0
1265,1
1266,1
1267,0
1268,1
1269,1
1270,0
1271,1
1272,1
1273,0
1274,0
1275,1
1276,1
1277,0
1278,0
1279,0
1280,0
1281,1
1282,1
1283,1
1284,0
1285,0
1286,1
1287,1
1288,1
1289,0
1290,1
1291,1
1292,1
1293,1
1294,1
1295,0
1296,0
1297,1
1298,0
1299,1
1300,1
1301,1
1302,1
1303,0
1304,0
1305,1
1306,0
1307,1
1308,1
1309,1
1310,1
1311,0
1312,1
1313,1
1314,1
1315,1
1316,0
1317,1
1318,0
1319,1
1320,0
1321,0
1322,0
1323,1
1324,1
1325,1
1326,0
1327,1
1328,1
1329,1
1330,1
1331,1
1332,1
1333,1
1334,0
1335,1
1336,1
1337,1
1338,1
1339,1
1340,0
1341,0
1342,1
1343,1
1344,1
1345,1
1346,0
1347,1
1348,0
1349,1
1350,1
1351,0
1352,0
1353,1
1354,0
1355,0
1356,1
1357,1
1358,0
1359,0
1360,1
1361,1
1362,1
1363,0
1364,0
1365,0
1366,0
1367,0
1368,1
1369,1
1370,1
1371,1
1372,1
1373,0
1374,0
1375,0
1376,1
1377,1
1378,0
1379,1
1380,0
1381,1
1382,1
1383,0
1384,1
1385,1
1386,0
1387,1
1388,1
1389,0
1390,1
1391,1
1392,1
1393,0
1394,1
1395,1
1396,0
1397,1
1398,1
1399,1
1400,0
1401,1
1402,1
1403,1
1404,1
1405,1
1406,0
1407,0
1408,0
1409,1
1410,0
1411,0
1412,1
1413,1
1414,1
1415,1
1416,0
1417,1
1418,1
1419,0
1420,0
1421,1
1422,1
1423,1
1424,1
1425,0
1426,1
1427,0
1428,1
1429,0
1430,0
1431,0
1432,1
1433,1
1434,0
1435,0
1436,1
1437,0
1438,1
1439,0
1440,0
1441,0
1442,1
1443,0
1444,1
1445,1
1446,1
1447,0
1448,0
1449,1
1450,0
1451,1
1452,1
1453,1
1454,1
1455,1
1456,0
1457,0
1458,1
1459,1
1460,1
1461,0
1462,1
1463,0
1464,0
1465,1
1466,1
1467,0
1468,1
1469,0
1470,0
1471,1
1472,0
1473,1
1474,1
1475,1
1476,0
1477,1
1478,1
1479,0
1480,1
1481,0
1482,1
1483,1
1484,0
1485,1
1486,1
1487,0
1488,1
1489,0
1490,1
1491,0
1492,0
1493,0
1494,0
1495,1
1496,1
1497,1
1498,1
1499,0
1500,0
1501,1
1502,1
1503,1
1504,1
1505,0
1506,0
1507,0
1508,1
1509,0
1510,1
1511,1
1512,1
1513,0
1514,0
1515,1
1516,0
1517,0
1518,0
1519,1
1520,1
1521,1
1522,0
1523,0
1524,1
1525,0
1526,0
1527,1
1528,0
1529,0
1530,0
1531,0
1532,1
1533,0
1534,0
1535,1
1536,1
1537,1
1538,1
1539,1
1540,1
1541,0
1542,1
1543,1
1544,1
1545,0
1546,1
1547,0
1548,1
1549,1
1550,1
1551,0
1552,1
1553,1
1554,1
1555,0
1556,1
1557,1
1558,1
1559,0
1560,0
1561,1
1562,1
1563,1
1564,0
1565,1
1566,1
1567,1
1568,0
1569,1
1570,0
1571,1
1572,0
1573,0
1574,0
1575,1
1576,0
1577,1
1578,1
1579,1
1580,1
1581,1
1582,0
1583,0
1584,1
1585,0
1586,1
1587,0
1588,0
1589,1
1590,0
1591,1
1592,0
1593,1
1594,0
1595,1
1596,1
1597,1
1598,0
1599,0
1600,1
1601,1
1602,1
1603,0
1604,1
1605,1
1606,1
1607,0
1608,0
1609,1
1610,0
1611,0
1612,0
1613,1
1614,1
1615,1
1616,1
1617,1
1618,1
1619,0
1620,1
1621,0
1622,1
1623,1
1624,1
1625,0
1626,0
1627,1
1628,1
1629,1
1630,0
1631,0
1632,0
1633,0
1634,0
1635,0
1636,1
1637,1
1638,1
1639,1
1640,0
1641,1
1642,1
1643,1
1644,1
1645,0
1646,0
1647,1
1648,1
1649,0
1650,1
1651,1
1652,1
1653,1
1654,0
1655,1
1656,0
1657,0
1658,0
1659,1
1660,1
1661,0
1662,0
1663,1
1664,0
1665,0
1666,1
1667,0
1668,0
1669,1
1670,0
1671,1
1672,0
1673,1
1674,1
1675,1
1676,0
1677,0
1678,0
1679,1
1680,1
1681,0
1682,1
1683,1
1684,0
1685,1
1686,0
1687,0
1688,1
1689,1
1690,1
1691,1
1692,1
1693,1
1694,0
1695,0
1696,1
1697,1
1698,1
1699,0
1700,0
1701,1
1702,1
1703,0
1704,0
1705,1
1706,1
1707,1
1708,0
1709,1
1710,1
1711,0
1712,1
1713,1
1714,1
1715,1
1716,0
1717,1
1718,1
1719,1
1720,0
1721,1
1722,1
1723,1
1724,1
1725,0
1726,0
1727,0
1728,1
1729,0
1730,0
1731,1
1732,1
1733,1
1734,1
1735,0
1736,0
1737,1
1738,1
1739,1
1740,1
1741,1
1742,0
1743,0
1744,1
1745,1
1746,1
1747,1
1748,1
1749,1
1750,1
1751,0
1752,1
1753,0
1754,0
1755,0
1756,0
1757,0
1758,1
1759,1
1760,0
1761,0
1762,0
1763,1
1764,1
1765,1
1766,0
1767,0
1768,0
1769,0
1770,1
1771,0
1772,1
1773,0
1774,0
1775,0
1776,0
1777,0
1778,0
1779,0
1780,1
1781,1
1782,0
1783,1
1784,1
1785,1
1786,0
1787,1
1788,0
1789,0
1790,0
1791,1
1792,0
1793,1
1794,1
1795,1
1796,1
1797,0
1798,0
1799,1
1800,1
1801,0
1802,0
1803,0
1804,0
1805,1
1806,0
1807,0
1808,0
1809,0
1810,0
1811,0
1812,0
1813,1
1814,1
1815,1
1816,1
1817,1
1818,0
1819,0
1820,0
1821,0
1822,1
1823,1
1824,1
1825,1
1826,0
1827,1
1828,0
1829,1
1830,0
1831,1
1832,0
1833,0
1834,1
1835,0
1836,1
1837,0
1838,1
1839,1
1840,0
1841,0
1842,1
1843,0
1844,1
1845,0
1846,1
1847,1
1848,1
1849,1
1850,1
1851,1
1852,1
1853,1
1854,1
1855,1
1856,0
1857,1
1858,1
1859,1
1860,1
1861,0
1862,1
1863,0
1864,1
1865,0
1866,0
1867,1
1868,1
1869,0
1870,1
1871,0
1872,1
1873,1
1874,1
1875,1
1876,0
1877,0
1878,0
1879,1
1880,1
1881,0
1882,1
1883,0
1884,1
1885,0
1886,0
1887,0
1888,1
1889,1
1890,1
1891,0
1892,1
1893,1
1894,0
1895,0
1896,1
1897,1
1898,1
1899,0
1900,1
1901,0
1902,1
1903,1
1904,1
1905,0
1906,1
1907,0
1908,1
1909,1
1910,1
1911,0
1912,1
1913,1
1914,1
1915,0
1916,1
1917,1
1918,1
1919,1
1920,1
1921,1
1922,1
1923,1
1924,0
1925,1
1926,1
1927,1
1928,1
1929,0
1930,1
1931,0
1932,0
1933,1
1934,0
1935,0
1936,0
1937,0
1938,1
1939,0
1940,1
1941,0
1942,1
1943,0
1944,1
1945,1
1946,0
1947,0
1948,1
1949,1
1950,0
1951,1
1952,1
1953,1
1954,1
1955,0
1956,1
1957,1
1958,1
1959,0
1960,0
1961,1
1962,1
1963,0
1964,0
1965,1
1966,0
1967,0
1968,1
1969,1
1970,1
1971,1
1972,1
1973,1
1974,0
1975,0
1976,1
1977,1
1978,1
1979,1
1980,1
1981,1
1982,1
1983,1
1984,1
1985,1
1986,1
1987,1
1988,0
1989,1
1990,0
1991,1
1992,0
1993,1
1994,1
1995,0
1996,0
1997,1
1998,1
1999,1
2000,0
2001,1
2002,0
2003,0
2004,1
2005,0
2006,1
2007,1
2008,1
2009,1
2010,0
2011,1
2012,1
2013,1
2014,1
2015,0
2016,1
2017,0
2018,0
2019,1
2020,1
2021,0
2022,1
2023,0
2024,1
2025,1
2026,1
2027,1
2028,0
2029,1
2030,0
2031,1
2032,0
2033,1
2034,1
2035,0
2036,1
2037,1
2038,0
2039,0
2040,0
2041,1
2042,0
2043,1
2044,1
2045,0
2046,0
2047,1
2048,1
2049,0
2050,1
2051,0
2052,1
2053,1
2054,0
2055,0
2056,1
2057,1
2058,1
2059,1
2060,0
2061,0
2062,1
2063,0
2064,0
2065,1
2066,1
2067,0
2068,0
2069,0
2070,1
2071,1
2072,1
2073,1
2074,1
2075,1
2076,1
2077,0
2078,1
2079,0
2080,1
2081,1
2082,1
2083,0
2084,1
2085,0
2086,1
2087,1
2088,0
2089,1
2090,1
2091,0
2092,1
2093,1
2094,1
2095,1
2096,1
2097,1
2098,0
2099,0
2100,1
2101,1
2102,1
2103,0
2104,0
2105,1
2106,1
2107,1
2108,1
2109,0
2110,0
2111,0
2112,0
2113,1
2114,1
2115,0
2116,1
2117,1
2118,1
2119,0
2120,1
2121,1
2122,0
2123,1
2124,0
2125,0
2126,0
2127,0
2128,0
2129,1
2130,1
2131,0
2132,1
2133,1
2134,1
2135,1
2136,0
2137,1
2138,0
2139,1
2140,1
2141,0
2142,1
2143,1
2144,1
2145,1
2146,1
2147,1
2148,0
2149,1
2150,0
2151,0
2152,1
2153,0
2154,1
2155,1
2156,1
2157,1
2158,0
2159,0
2160,0
2161,0
2162,1
2163,1
2164,0
2165,1
2166,1
2167,1
2168,1
2169,1
2170,0
2171,0
2172,1
2173,0
2174,0
2175,0
2176,1
2177,1
2178,1
2179,1
2180,0
2181,1
2182,1
2183,1
2184,0
2185,1
2186,1
2187,1
2188,1
2189,1
2190,1
2191,0
2192,1
2193,1
2194,1
2195,0
2196,1
2197,1
2198,0
2199,1
2200,1
2201,0
2202,0
2203,0
2204,1
2205,1
2206,0
2207,0
2208,1
2209,1
2210,0
2211,1
2212,0
2213,0
2214,1
2215,0
2216,0
2217,1
2218,1
2219,0
2220,1
2221,0
2222,1
2223,1
2224,0
2225,1
2226,1
2227,1
2228,1
2229,1
2230,0
2231,1
2232,1
2233,0
2234,0
2235,0
2236,1
2237,1
2238,1
2239,1
2240,0
2241,0
2242,0
2243,1
2244,1
2245,0
2246,0
2247,0
2248,0
2249,1
2250,0
2251,0
2252,0
2253,1
2254,0
2255,0
2256,1
2257,1
2258,1
2259,1
2260,0
2261,1
2262,1
2263,1
2264,0
2265,1
2266,1
2267,1
2268,0
2269,1
2270,0
2271,1
2272,1
2273,0
2274,0
2275,0
2276,1
2277,1
2278,1
2279,0
2280,0
2281,1
2282,1
2283,1
2284,1
2285,0
2286,1
2287,1
2288,0
2289,1
2290,1
2291,0
2292,1
2293,1
2294,1
2295,1
2296,0
2297,1
2298,0
2299,1
2300,1
2301,1
2302,0
2303,0
2304,1
2305,1
2306,1
2307,0
2308,0
2309,0
2310,1
2311,1
2312,1
2313,0
2314,1
2315,1
2316,1
2317,1
2318,0
2319,1
2320,1
2321,1
2322,1
2323,1
2324,1
2325,1
2326,0
2327,0
2328,0
2329,1
2330,0
2331,0
2332,1
2333,1
2334,0
2335,1
2336,1
2337,0
2338,1
2339,1
2340,1
2341,0
2342,0
2343,1
2344,0
2345,0
2346,1
2347,1
2348,0
2349,0
2350,1
2351,1
2352,0
2353,1
2354,0
2355,0
2356,0
2357,1
2358,1
2359,0
2360,0
2361,0
2362,0
2363,0
2364,1
2365,1
2366,1
2367,1
2368,0
2369,1
2370,1
2371,0
2372,1
2373,1
2374,0
2375,1
2376,0
2377,0
2378,1
2379,1
2380,0
2381,0
2382,0
2383,1
2384,1
2385,1
2386,0
2387,1
2388,1
2389,1
2390,1
2391,1
2392,1
2393,0
2394,1
2395,1
2396,0
2397,0
2398,1
2399,1
2400,1
2401,1
2402,1
2403,1
2404,1
2405,1
2406,1
2407,0
2408,1
2409,1
2410,1
2411,1
2412,1
2413,0
2414,1
2415,1
2416,0
2417,1
2418,0
2419,1
2420,1
2421,1
2422,0
2423,1
2424,0
2425,0
2426,0
2427,0
2428,1
2429,1
2430,1
2431,1
2432,0
2433,1
2434,0
2435,1
2436,0
2437,1
2438,1
2439,0
2440,1
2441,0
2442,1
2443,1
2444,1
2445,0
2446,1
2447,1
2448,0
2449,1
2450,1
2451,1
2452,0
2453,0
2454,1
2455,1
2456,1
2457,1
2458,1
2459,0
2460,0
2461,1
2462,0
2463,1
2464,1
2465,1
2466,0
2467,1
2468,0
2469,1
2470,0
2471,0
2472,0
2473,0
2474,0
2475,1
2476,0
2477,1
2478,0
2479,1
2480,0
2481,1
2482,1
2483,1
2484,0
2485,1
2486,1
2487,1
2488,1
2489,1
2490,0
2491,0
2492,0
2493,0
2494,0
2495,1
2496,0
2497,1
2498,1
2499,1
2500,1
2501,1
2502,0
2503,1
2504,1
2505,1
2506,0
2507,1
2508,1
2509,0
2510,1
2511,1
2512,0
2513,0
2514,1
2515,1
2516,1
2517,0
2518,0
2519,1
2520,1
2521,1
2522,1
2523,0
2524,1
2525,0
2526,1
2527,1
2528,0
2529,0
2530,0
2531,0
2532,0
2533,0
2534,0
2535,0
2536,0
2537,0
2538,0
2539,1
2540,1
2541,0
2542,1
2543,1
2544,0
2545,1
2546,1
2547,1
2548,1
2549,0
2550,0
2551,0
2552,0
2553,1
2554,0
2555,0
2556,0
2557,1
2558,0
2559,1
2560,1
2561,1
2562,1
2563,1
2564,1
2565,1
2566,1
2567,1
2568,1
2569,1
2570,0
2571,0
2572,0
2573,1
2574,0
2575,0
2576,0
2577,0
2578,0
2579,1
2580,0
2581,1
2582,1
2583,0
2584,0
2585,0
2586,1
2587,0
2588,0
2589,0
2590,1
2591,0
2592,1
2593,1
2594,0
2595,1
2596,0
2597,1
2598,1
2599,1
2600,0
2601,0
2602,1
2603,1
2604,1
2605,0
2606,1
2607,1
2608,1
2609,0
2610,1
2611,1
2612,1
2613,1
2614,1
2615,1
2616,0
2617,1
2618,1
2619,0
2620,0
2621,1
2622,1
2623,1
2624,1
2625,1
2626,0
2627,1
2628,1
2629,1
2630,0
2631,0
2632,1
2633,1
2634,1
2635,0
2636,0
2637,1
2638,1
2639,1
2640,1
2641,1
2642,1
2643,1
2644,1
2645,1
2646,0
2647,0
2648,1
2649,0
2650,0
2651,0
2652,1
2653,0
2654,1
2655,0
2656,0
2657,0
2658,0
2659,1
2660,1
2661,1
2662,0
2663,1
2664,1
2665,0
2666,0
2667,1
2668,0
2669,1
2670,1
2671,0
2672,1
2673,1
2674,1
2675,0
2676,1
2677,1
2678,1
2679,1
2680,0
2681,0
2682,1
2683,1
2684,0
2685,1
2686,0
2687,1
2688,1
2689,1
2690,1
2691,0
2692,1
2693,1
2694,1
2695,1
2696,1
2697,0
2698,0
2699,1
2700,0
2701,1
2702,1
2703,0
2704,0
2705,1
2706,1
2707,1
2708,1
2709,1
2710,1
2711,1
2712,0
2713,0
2714,1
2715,0
2716,1
2717,1
2718,0
2719,1
2720,1
2721,0
2722,1
2723,1
2724,1
2725,1
2726,1
2727,1
2728,1
2729,1
2730,1
2731,0
2732,0
2733,0
2734,1
2735,0
2736,0
2737,1
2738,0
2739,1
2740,1
2741,1
2742,1
2743,0
2744,0
2745,0
2746,0
2747,1
2748,0
2749,1
2750,0
2751,0
2752,1
2753,1
2754,0
2755,1
2756,0
2757,0
2758,1
2759,0
2760,0
2761,1
2762,1
2763,0
2764,0
2765,1
2766,0
2767,1
2768,0
2769,0
2770,1
2771,0
2772,1
2773,1
2774,1
2775,0
2776,1
2777,0
2778,1
2779,1
2780,0
2781,0
2782,1
2783,1
2784,0
2785,0
2786,0
2787,1
2788,0
2789,0
2790,0
2791,1
2792,1
2793,1
2794,1
2795,1
2796,1
2797,1
2798,0
2799,0
2800,1
2801,1
2802,0
2803,1
2804,1
2805,0
2806,0
2807,0
2808,1
2809,0
2810,1
2811,1
2812,0
2813,0
2814,0
2815,1
2816,0
2817,0
2818,0
2819,1
2820,1
2821,1
2822,1
2823,0
2824,1
2825,1
2826,1
2827,1
2828,0
2829,1
2830,0
2831,1
2832,1
2833,1
2834,0
2835,1
2836,1
2837,0
2838,1
2839,1
2840,0
2841,1
2842,1
2843,1
2844,1
2845,1
2846,0
2847,1
2848,0
2849,1
2850,1
2851,0
2852,0
2853,0
2854,0
2855,1
2856,0
2857,1
2858,0
2859,1
2860,1
2861,0
2862,0
2863,1
2864,1
2865,1
2866,0
2867,1
2868,0
2869,1
2870,0
2871,0
2872,1
2873,0
2874,0
2875,0
2876,1
2877,0
2878,1
2879,0
2880,0
2881,0
2882,1
2883,1
2884,1
2885,0
2886,0
2887,0
2888,1
2889,1
2890,0
2891,0
2892,1
2893,0
2894,0
2895,1
2896,1
2897,0
2898,0
2899,1
2900,0
2901,1
2902,1
2903,0
2904,0
2905,1
2906,0
2907,0
2908,0
2909,1
2910,0
2911,0
2912,0
2913,1
2914,1
2915,1
2916,1
2917,0
2918,0
2919,1
2920,0
2921,1
2922,0
2923,0
2924,1
2925,0
2926,0
2927,0
2928,0
2929,1
2930,1
2931,1
2932,1
2933,0
2934,1
2935,0
2936,0
2937,1
2938,1
2939,1
2940,0
2941,1
2942,1
2943,0
2944,1
2945,0
2946,1
2947,0
2948,1
2949,0
2950,0
2951,0
2952,0
2953,1
2954,0
2955,0
2956,0
2957,0
2958,1
2959,0
2960,1
2961,1
2962,1
2963,0
2964,0
2965,1
2966,0
2967,0
2968,1
2969,1
2970,1
2971,1
2972,0
2973,0
2974,0
2975,1
2976,0
2977,1
2978,0
2979,0
2980,1
2981,0
2982,1
2983,1
2984,1
2985,1
2986,1
2987,0
2988,1
2989,0
2990,1
2991,1
2992,1
2993,0
2994,1
2995,1
2996,1
2997,0
2998,0
2999,0
3000,0
3001,0
3002,0
3003,1
3004,1
3005,0
3006,0
3007,1
3008,0
3009,0
3010,0
3011,0
3012,0
3013,1
3014,0
3015,1
3016,0
3017,1
3018,0
3019,1
3020,1
3021,1
3022,1
3023,1
3024,0
3025,1
3026,0
3027,0
3028,1
3029,0
3030,0
3031,0
3032,0
3033,1
3034,1
3035,1
3036,0
3037,1
3038,1
3039,1
3040,1
3041,1
3042,1
3043,0
3044,0
3045,1
3046,1
3047,0
3048,1
3049,1
3050,0
3051,1
3052,0
3053,0
3054,0
3055,1
3056,1
3057,0
3058,1
3059,1
3060,0
3061,0
3062,1
3063,0
3064,0
3065,0
3066,1
3067,1
3068,1
3069,1
3070,1
3071,1
3072,1
3073,1
3074,1
3075,1
3076,1
3077,1
3078,1
3079,0
3080,0
3081,0
3082,0
3083,0
3084,0
3085,0
3086,1
3087,0
3088,1
3089,1
3090,0
3091,1
3092,1
3093,0
3094,0
3095,1
3096,1
3097,0
3098,0
3099,0
3100,1
3101,1
3102,1
3103,0
3104,1
3105,0
3106,1
3107,1
3108,1
3109,1
3110,1
3111,1
3112,0
3113,0
3114,1
3115,1
3116,1
3117,1
3118,1
3119,1
3120,0
3121,1
3122,1
3123,0
3124,1
3125,1
3126,1
3127,1
3128,1
3129,0
3130,1
3131,0
3132,0
3133,0
3134,0
3135,0
3136,1
3137,1
3138,0
3139,1
3140,1
3141,1
3142,1
3143,0
3144,1
3145,1
3146,1
3147,0
3148,1
3149,1
3150,1
3151,1
3152,0
3153,0
3154,0
3155,1
3156,1
3157,1
3158,1
3159,1
3160,0
3161,1
3162,0
3163,1
3164,1
3165,0
3166,1
3167,1
3168,1
3169,1
3170,1
3171,0
3172,1
3173,1
3174,1
3175,1
3176,1
3177,0
3178,0
3179,0
3180,1
3181,0
3182,1
3183,1
3184,0
3185,1
3186,1
3187,0
3188,1
3189,1
3190,0
3191,1
3192,0
3193,0
3194,1
3195,0
3196,0
3197,0
3198,1
3199,1
3200,1
3201,0
3202,1
3203,1
3204,1
3205,0
3206,1
3207,0
3208,1
3209,0
3210,1
3211,0
3212,1
3213,0
3214,0
3215,1
3216,0
3217,1
3218,1
3219,1
3220,1
3221,1
3222,1
3223,0
3224,1
3225,1
3226,1
3227,1
3228,0
3229,0
3230,1
3231,1
3232,1
3233,1
3234,1
3235,0
3236,1
3237,1
3238,1
3239,1
3240,1
3241,1
3242,1
3243,1
3244,0
3245,0
3246,1
3247,0
3248,0
3249,1
3250,0
3251,0
3252,1
3253,1
3254,0
3255,1
3256,1
3257,1
3258,0
3259,0
3260,0
3261,1
3262,1
3263,1
3264,1
3265,0
3266,1
3267,0
3268,0
3269,0
3270,1
3271,0
3272,1
3273,0
3274,0
3275,1
3276,1
3277,1
3278,0
3279,1
3280,0
3281,0
3282,0
3283,1
3284,1
3285,1
3286,1
3287,1
3288,1
3289,0
3290,1
3291,1
3292,1
3293,0
3294,1
3295,1
3296,1
3297,1
3298,0
3299,1
3300,1
3301,0
3302,1
3303,0
3304,1
3305,1
3306,1
3307,1
3308,1
3309,0
3310,0
3311,1
3312,0
3313,1
3314,1
3315,0
3316,0
3317,0
3318,1
3319,0
3320,0
3321,1
3322,0
3323,1
3324,1
3325,1
3326,1
3327,0
3328,0
3329,1
3330,1
3331,1
3332,0
3333,1
3334,1
3335,1
3336,0
3337,0
3338,1
3339,1
3340,0
3341,1
3342,1
3343,0
3344,0
3345,1
3346,1
3347,1
3348,0
3349,0
3350,0
3351,1
3352,0
3353,0
3354,1
3355,1
3356,1
3357,0
3358,0
3359,1
3360,1
3361,1
3362,0
3363,0
3364,0
3365,1
3366,1
3367,0
3368,1
3369,0
3370,1
3371,1
3372,1
3373,1
3374,1
3375,0
3376,1
3377,0
3378,0
3379,0
3380,1
3381,0
3382,1
3383,1
3384,1
3385,0
3386,1
3387,1
3388,1
3389,1
3390,0
3391,0
3392,0
3393,0
3394,1
3395,0
3396,1
3397,0
3398,1
3399,0
3400,0
3401,0
3402,1
3403,1
3404,1
3405,0
3406,1
3407,0
3408,0
3409,0
3410,1
3411,0
3412,1
3413,1
3414,0
3415,1
3416,0
3417,0
3418,0
3419,1
3420,0
3421,1
3422,1
3423,1
3424,0
3425,1
3426,1
3427,0
3428,0
3429,0
3430,1
3431,0
3432,0
3433,0
3434,1
3435,1
3436,1
3437,0
3438,1
3439,0
3440,0
3441,1
3442,1
3443,1
3444,1
3445,1
3446,1
3447,0
3448,1
3449,1
3450,1
3451,1
3452,1
3453,1
3454,1
3455,0
3456,0
3457,0
3458,0
3459,1
3460,1
3461,0
3462,0
3463,1
3464,0
3465,1
3466,1
3467,0
3468,1
3469,1
3470,1
3471,0
3472,0
3473,0
3474,0
3475,1
3476,1
3477,1
3478,1
3479,0
3480,1
3481,0
3482,1
3483,0
3484,1
3485,1
3486,0
3487,1
3488,0
3489,1
3490,0
3491,0
3492,1
3493,0
3494,0
3495,1
3496,1
3497,1
3498,1
3499,1
3500,0
3501,1
3502,1
3503,1
3504,0
3505,0
3506,1
3507,1
3508,0
3509,0
3510,0
3511,0
3512,0
3513,0
3514,1
3515,1
3516,0
3517,0
3518,1
3519,1
3520,1
3521,1
3522,0
3523,1
3524,1
3525,1
3526,1
3527,1
3528,0
3529,0
3530,0
3531,1
3532,0
3533,1
3534,1
3535,1
3536,1
3537,0
3538,1
3539,1
3540,1
3541,0
3542,1
3543,1
3544,0
3545,1
3546,0
3547,0
3548,1
3549,0
3550,1
3551,1
3552,1
3553,0
3554,1
3555,1
3556,0
3557,0
3558,0
3559,1
3560,0
3561,0
3562,1
3563,1
3564,1
3565,1
3566,0
3567,0
3568,0
3569,0
3570,1
3571,1
3572,1
3573,1
3574,0
3575,0
3576,1
3577,1
3578,0
3579,1
3580,0
3581,1
3582,1
3583,0
3584,1
3585,1
3586,1
3587,1
3588,1
3589,1
3590,0
3591,1
3592,1
3593,0
3594,1
3595,1
3596,1
3597,0
3598,1
3599,0
3600,1
3601,0
3602,0
3603,1
3604,1
3605,0
3606,1
3607,0
3608,1
3609,1
3610,1
3611,0
3612,1
3613,1
3614,1
3615,0
3616,0
3617,0
3618,0
3619,0
3620,1
3621,0
3622,0
3623,0
3624,0
3625,0
3626,0
3627,1
3628,1
3629,1
3630,0
3631,0
3632,0
3633,0
3634,0
3635,0
3636,0
3637,1
3638,0
3639,1
3640,0
3641,1
3642,1
3643,0
3644,1
3645,0
3646,0
3647,1
3648,0
3649,0
3650,1
3651,1
3652,0
3653,1
3654,1
3655,0
3656,1
3657,0
3658,0
3659,0
3660,1
3661,0
3662,1
3663,1
3664,0
3665,0
3666,1
3667,0
3668,1
3669,1
3670,0
3671,0
3672,0
3673,1
3674,1
3675,1
3676,0
3677,1
3678,0
3679,1
3680,0
3681,0
3682,1
3683,1
3684,1
3685,1
3686,1
3687,1
3688,0
3689,1
3690,1
3691,1
3692,0
3693,1
3694,0
3695,0
3696,1
3697,1
3698,0
3699,1
3700,0
3701,0
3702,1
3703,1
3704,1
3705,0
3706,0
3707,1
3708,1
3709,0
3710,0
3711,0
3712,0
3713,0
3714,0
3715,0
3716,0
3717,1
3718,0
3719,1
3720,0
3721,1
3722,1
3723,0
3724,1
3725,1
3726,1
3727,1
3728,0
3729,0
3730,1
3731,1
3732,1
3733,0
3734,0
3735,0
3736,1
3737,1
3738,0
3739,1
3740,0
3741,1
3742,1
3743,1
3744,1
3745,1
3746,0
3747,0
3748,1
3749,1
3750,0
3751,1
3752,1
3753,1
3754,1
3755,1
3756,0
3757,1
3758,0
3759,1
3760,0
3761,1
3762,1
3763,1
3764,1
3765,1
3766,0
3767,0
3768,0
3769,1
3770,0
3771,1
3772,1
3773,0
3774,1
3775,0
3776,0
3777,0
3778,0
3779,1
3780,1
3781,1
3782,1
3783,1
3784,1
3785,1
3786,1
3787,0
3788,1
3789,0
3790,0
3791,1
3792,0
3793,1
3794,1
3795,0
3796,1
3797,0
3798,1
3799,1
3800,0
3801,0
3802,0
3803,1
3804,1
3805,1
3806,0
3807,0
3808,1
3809,1
3810,0
3811,0
3812,0
3813,1
3814,1
3815,1
3816,0
3817,0
3818,0
3819,1
3820,0
3821,1
3822,1
3823,0
3824,1
3825,1
3826,0
3827,0
3828,1
3829,1
3830,0
3831,0
3832,1
3833,0
3834,1
3835,0
3836,0
3837,1
3838,0
3839,1
3840,1
3841,1
3842,1
3843,1
3844,1
3845,1
3846,1
3847,0
3848,0
3849,0
3850,1
3851,1
3852,1
3853,1
3854,1
3855,1
3856,0
3857,1
3858,1
3859,0
3860,1
3861,0
3862,1
3863,0
3864,0
3865,0
3866,1
3867,1
3868,0
3869,1
3870,0
3871,1
3872,1
3873,0
3874,1
3875,0
3876,1
3877,1
3878,1
3879,1
3880,0
3881,0
3882,0
3883,0
3884,1
3885,0
3886,0
3887,0
3888,0
3889,0
3890,1
3891,1
3892,1
3893,0
3894,1
3895,0
3896,0
3897,0
3898,1
3899,1
3900,0
3901,1
3902,0
3903,0
3904,0
3905,1
3906,0
3907,0
3908,0
3909,0
3910,1
3911,1
3912,1
3913,1
3914,1
3915,1
3916,1
3917,0
3918,1
3919,1
3920,1
3921,0
3922,1
3923,0
3924,0
3925,0
3926,1
3927,1
3928,0
3929,1
3930,1
3931,1
3932,1
3933,1
3934,1
3935,1
3936,1
3937,1
3938,1
3939,0
3940,0
3941,1
3942,0
3943,1
3944,0
3945,0
3946,1
3947,0
3948,0
3949,1
3950,0
3951,1
3952,1
3953,1
3954,0
3955,1
3956,1
3957,1
3958,1
3959,1
3960,0
3961,1
3962,1
3963,0
3964,0
3965,1
3966,0
3967,1
3968,1
3969,0
3970,1
3971,1
3972,1
3973,1
3974,1
3975,1
3976,1
3977,1
3978,1
3979,0
3980,0
3981,1
3982,0
3983,1
3984,1
3985,0
3986,0
3987,0
3988,0
3989,1
3990,0
3991,0
3992,1
3993,1
3994,1
3995,0
3996,0
3997,1
3998,1
3999,0
4000,1
4001,1
4002,0
4003,0
4004,1
4005,1
4006,1
4007,1
4008,0
4009,0
4010,1
4011,1
4012,0
4013,0
4014,1
4015,1
4016,1
4017,0
4018,0
4019,1
4020,0
4021,0
4022,1
4023,0
4024,1
4025,1
4026,0
4027,0
4028,1
4029,0
4030,0
4031,0
4032,1
4033,0
4034,1
4035,0
4036,1
4037,1
4038,1
4039,1
4040,1
4041,1
4042,1
4043,0
4044,1
4045,1
4046,1
4047,0
4048,1
4049,1
4050,0
4051,1
4052,0
4053,1
4054,1
4055,1
4056,0
4057,0
4058,1
4059,1
4060,1
4061,0
4062,1
4063,0
4064,1
4065,1
4066,1
4067,1
4068,1
4069,0
4070,0
4071,1
4072,1
4073,1
4074,0
4075,0
4076,0
4077,1
4078,0
4079,0
4080,1
4081,0
4082,0
4083,1
4084,0
4085,1
4086,0
4087,1
4088,1
4089,1
4090,1
4091,1
4092,0
4093,1
4094,1
4095,1
4096,0
4097,1
4098,0
4099,1
4100,0
4101,1
4102,0
4103,1
4104,0
4105,1
4106,1
4107,0
4108,0
4109,1
4110,1
4111,0
4112,1
4113,1
4114,1
4115,0
4116,1
4117,1
4118,0
4119,1
4120,1
4121,1
4122,1
4123,1
4124,0
4125,0
4126,1
4127,0
4128,0
4129,1
4130,0
4131,1
4132,0
4133,1
4134,1
4135,0
4136,1
4137,1
4138,0
4139,1
4140,0
4141,0
4142,1
4143,1
4144,1
4145,0
4146,1
4147,1
4148,1
4149,1
4150,1
4151,0
4152,1
4153,0
4154,1
4155,0
4156,1
4157,0
4158,1
4159,1
4160,0
4161,1
4162,1
4163,0
4164,1
4165,1
4166,1
4167,0
4168,1
4169,1
4170,1
4171,0
4172,0
4173,1
4174,1
4175,1
4176,1
4177,0
4178,0
4179,1
4180,1
4181,0
4182,0
4183,1
4184,0
4185,0
4186,0
4187,1
4188,1
4189,0
4190,1
4191,1
4192,1
4193,0
4194,1
4195,0
4196,0
4197,1
4198,1
4199,1
4200,1
4201,1
4202,1
4203,0
4204,0
4205,1
4206,1
4207,0
4208,1
4209,1
4210,0
4211,1
4212,0
4213,0
4214,0
4215,0
4216,1
4217,1
4218,0
4219,0
4220,1
4221,1
4222,1
4223,0
4224,1
4225,0
4226,1
4227,0
4228,0
4229,1
4230,1
4231,0
4232,1
4233,1
4234,0
4235,1
4236,0
4237,0
4238,1
4239,1
4240,1
4241,0
4242,1
4243,1
4244,1
4245,0
4246,0
4247,1
4248,0
4249,1
4250,1
4251,0
4252,1
4253,0
4254,1
4255,1
4256,1
4257,1
4258,1
4259,1
4260,0
4261,1
4262,1
4263,1
4264,1
4265,1
4266,1
4267,0
4268,0
4269,0
4270,1
4271,1
4272,0
4273,1
4274,0
4275,1
4276,0
4277,1
4278,0
4279,0
4280,0
4281,1
4282,0
4283,1
4284,0
4285,0
4286,0
4287,0
4288,0
4289,0
4290,0
4291,1
4292,1
4293,0
4294,1
4295,1
4296,1
4297,0
4298,0
4299,1
4300,1
4301,0
4302,1
4303,1
4304,1
4305,0
4306,0
4307,0
4308,1
4309,1
4310,1
4311,1
4312,0
4313,1
4314,1
4315,0
4316,0
4317,1
4318,1
4319,0
4320,1
4321,1
4322,1
4323,1
4324,0
4325,1
4326,0
4327,1
4328,1
4329,1
4330,0
4331,1
4332,0
4333,1
4334,1
4335,1
4336,0
4337,0
4338,1
4339,0
4340,1
4341,1
4342,1
4343,1
4344,1
4345,0
4346,1
4347,1
4348,1
4349,0
4350,0
4351,0
4352,1
4353,0
4354,0
4355,0
4356,1
4357,1
4358,1
4359,1
4360,1
4361,0
4362,0
4363,1
4364,0
4365,0
4366,1
4367,0
4368,1
4369,1
4370,1
4371,1
4372,0
4373,0
4374,0
4375,1
4376,1
4377,1
4378,0
4379,1
4380,1
4381,0
4382,1
4383,1
4384,1
4385,0
4386,1
4387,1
4388,0
4389,0
4390,1
4391,0
4392,1
4393,0
4394,1
4395,0
4396,0
4397,1
4398,0
4399,1
4400,1
4401,0
4402,1
4403,0
4404,1
4405,1
4406,0
4407,1
4408,1
4409,1
4410,0
4411,1
4412,0
4413,1
4414,0
4415,1
4416,1
4417,0
4418,0
4419,0
4420,0
4421,0
4422,1
4423,1
4424,1
4425,1
4426,1
4427,1
4428,0
4429,1
4430,0
4431,1
4432,1
4433,1
4434,0
4435,1
4436,1
4437,1
4438,0
4439,0
4440,1
4441,1
4442,0
4443,0
4444,1
4445,0
4446,0
4447,1
4448,0
4449,1
4450,1
4451,1
4452,0
4453,0
4454,1
4455,0
4456,1
4457,0
4458,1
4459,1
4460,0
4461,0
4462,0
4463,1
4464,1
4465,0
4466,1
4467,1
4468,1
4469,1
4470,1
4471,1
4472,1
4473,0
4474,1
4475,1
4476,0
4477,1
4478,1
4479,1
4480,1
4481,0
4482,1
4483,1
4484,1
4485,0
4486,1
4487,0
4488,0
4489,1
4490,0
4491,1
4492,0
4493,1
4494,1
4495,0
4496,1
4497,1
4498,0
4499,0
4500,1
4501,0
4502,0
4503,0
4504,1
4505,1
4506,0
4507,0
4508,0
4509,0
4510,1
4511,0
4512,1
4513,1
4514,0
4515,1
4516,0
4517,1
4518,1
4519,0
4520,1
4521,1
4522,1
4523,1
4524,1
4525,0
4526,1
4527,1
4528,1
4529,0
4530,0
4531,0
4532,1
4533,1
4534,1
4535,1
4536,0
4537,0
4538,1
4539,0
4540,1
4541,0
4542,0
4543,1
4544,0
4545,0
4546,1
4547,1
4548,1
4549,1
4550,1
4551,0
4552,1
4553,1
4554,1
4555,1
4556,1
4557,1
4558,0
4559,0
4560,1
4561,0
4562,1
4563,1
4564,1
4565,1
4566,0
4567,1
4568,0
4569,1
4570,0
4571,0
4572,1
4573,1
4574,0
4575,1
4576,0
4577,0
4578,1
4579,1
4580,1
4581,1
4582,1
4583,0
4584,1
4585,0
4586,0
4587,0
4588,0
4589,1
4590,0
4591,1
4592,0
4593,1
4594,0
4595,1
4596,0
4597,0
4598,0
4599,0
4600,1
4601,0
4602,1
4603,1
4604,1
4605,0
4606,1
4607,1
4608,0
4609,1
4610,1
4611,0
4612,1
4613,0
4614,1
4615,1
4616,1
4617,1
4618,1
4619,1
4620,0
4621,1
4622,0
4623,0
4624,1
4625,0
4626,0
4627,1
4628,0
4629,1
4630,1
4631,1
4632,0
4633,1
4634,0
4635,1
4636,1
4637,1
4638,1
4639,0
4640,1
4641,0
4642,1
4643,1
4644,0
4645,0
4646,1
4647,1
4648,0
4649,1
4650,1
4651,1
4652,1
4653,0
4654,1
4655,1
4656,1
4657,1
4658,0
4659,0
4660,0
4661,1
4662,1
4663,0
4664,0
4665,1
4666,1
4667,0
4668,1
4669,1
4670,1
4671,1
4672,1
4673,0
4674,1
4675,1
4676,1
4677,0
4678,0
4679,1
4680,1
4681,0
4682,0
4683,1
4684,0
4685,1
4686,1
4687,0
4688,1
4689,0
4690,0
4691,1
4692,1
4693,1
4694,1
4695,1
4696,1
4697,1
4698,0
4699,1
4700,1
4701,1
4702,0
4703,0
4704,0
4705,0
4706,0
4707,1
4708,1
4709,1
4710,0
4711,0
4712,0
4713,1
4714,0
4715,1
4716,0
4717,1
4718,0
4719,1
4720,0
4721,1
4722,0
4723,1
4724,1
4725,0
4726,1
4727,1
4728,0
4729,1
4730,0
4731,1
4732,1
4733,0
4734,1
4735,0
4736,0
4737,1
4738,1
4739,1
4740,1
4741,1
4742,1
4743,0
4744,1
4745,1
4746,1
4747,0
4748,1
4749,1
4750,1
4751,0
4752,1
4753,0
4754,1
4755,0
4756,0
4757,1
4758,1
4759,0
4760,0
4761,1
4762,1
4763,1
4764,0
4765,1
4766,0
4767,0
4768,1
4769,0
4770,1
4771,1
4772,1
4773,1
4774,1
4775,1
4776,0
4777,1
4778,1
4779,1
4780,0
4781,1
4782,1
4783,1
4784,1
4785,1
4786,0
4787,0
4788,1
4789,1
4790,1
4791,1
4792,1
4793,0
4794,0
4795,1
4796,0
4797,0
4798,1
4799,1
4800,1
4801,1
4802,0
4803,0
4804,1
4805,0
4806,1
4807,1
4808,1
4809,1
4810,1
4811,1
4812,0
4813,1
4814,1
4815,1
4816,1
4817,1
4818,1
4819,0
4820,1
4821,1
4822,0
4823,1
4824,0
4825,1
4826,0
4827,0
4828,1
4829,1
4830,1
4831,1
4832,1
4833,0
4834,1
4835,1
4836,1
4837,0
4838,1
4839,1
4840,1
4841,0
4842,0
4843,1
4844,0
4845,0
4846,1
4847,0
4848,1
4849,0
4850,1
4851,1
4852,0
4853,0
4854,1
4855,0
4856,1
4857,0
4858,1
4859,1
4860,0
4861,1
4862,1
4863,1
4864,1
4865,1
4866,0
4867,0
4868,0
4869,1
4870,0
4871,0
4872,1
4873,0
4874,1
4875,1
4876,1
4877,1
4878,1
4879,0
4880,1
4881,0
4882,0
4883,1
4884,1
4885,1
4886,1
4887,1
4888,1
4889,1
4890,1
4891,1
4892,1
4893,0
4894,1
4895,1
4896,1
4897,0
4898,1
4899,0
4900,0
4901,0
4902,0
4903,0
4904,1
4905,1
4906,1
4907,1
4908,0
4909,0
4910,0
4911,1
4912,0
4913,0
4914,1
4915,0
4916,1
4917,1
4918,1
4919,1
4920,0
4921,1
4922,0
4923,0
4924,1
4925,1
4926,1
4927,0
4928,0
4929,1
4930,0
4931,0
4932,1
4933,0
4934,0
4935,0
4936,0
4937,1
4938,1
4939,1
4940,1
4941,0
4942,0
4943,0
4944,1
4945,1
4946,0
4947,1
4948,0
4949,0
4950,0
4951,1
4952,1
4953,1
4954,0
4955,0
4956,1
4957,1
4958,1
4959,0
4960,1
4961,0
4962,1
4963,0
4964,0
4965,1
4966,1
4967,1
4968,1
4969,0
4970,1
4971,1
4972,0
4973,0
4974,1
4975,0
4976,1
4977,0
4978,0
4979,0
4980,0
4981,1
4982,1
4983,0
4984,1
4985,0
4986,1
4987,0
4988,1
4989,1
4990,0
4991,1
4992,0
4993,1
4994,1
4995,1
4996,0
4997,0
4998,1
4999,1
5000,1
5001,0
5002,1
5003,0
5004,1
5005,1
5006,0
5007,1
5008,0
5009,1
5010,1
5011,0
5012,0
5013,1
5014,0
5015,1
5016,1
5017,1
5018,0
5019,1
5020,0
5021,1
5022,0
5023,0
5024,1
5025,0
5026,1
5027,1
5028,1
5029,0
5030,1
5031,1
5032,1
5033,0
5034,0
5035,0
5036,1
5037,0
5038,1
5039,0
5040,0
5041,1
5042,0
5043,1
5044,0
5045,1
5046,0
5047,1
5048,1
5049,0
5050,0
5051,0
5052,0
5053,0
5054,1
5055,1
5056,0
5057,0
5058,0
5059,0
5060,0
5061,1
5062,1
5063,1
5064,1
5065,0
5066,0
5067,1
5068,1
5069,1
5070,1
5071,1
5072,1
5073,1
5074,1
5075,1
5076,1
5077,0
5078,1
5079,0
5080,1
5081,0
5082,0
5083,1
5084,0
5085,0
5086,0
5087,0
5088,0
5089,1
5090,1
5091,1
5092,1
5093,1
5094,0
5095,0
5096,0
5097,0
5098,1
5099,0
5100,1
5101,1
5102,0
5103,1
5104,1
5105,0
5106,1
5107,1
5108,0
5109,0
5110,1
5111,0
5112,1
5113,0
5114,0
5115,0
5116,0
5117,0
5118,0
5119,0
5120,0
5121,1
5122,0
5123,0
5124,1
5125,1
5126,1
5127,0
5128,1
5129,1
5130,0
5131,1
5132,1
5133,0
5134,1
5135,1
5136,0
5137,1
5138,0
5139,0
5140,1
5141,1
5142,1
5143,0
5144,1
5145,0
5146,1
5147,0
5148,1
5149,1
5150,1
5151,1
5152,0
5153,0
5154,1
5155,0
5156,1
5157,1
5158,0
5159,1
5160,0
5161,1
5162,1
5163,1
5164,0
5165,1
5166,1
5167,1
5168,0
5169,1
5170,0
5171,1
5172,0
5173,1
5174,1
5175,1
5176,0
5177,0
5178,0
5179,0
5180,1
5181,0
5182,1
5183,1
5184,0
5185,1
5186,1
5187,1
5188,0
5189,1
5190,0
5191,0
5192,0
5193,1
5194,0
5195,1
5196,1
5197,1
5198,1
5199,0
5200,1
5201,1
5202,0
5203,0
5204,1
5205,0
5206,1
5207,1
5208,1
5209,1
5210,1
5211,0
5212,0
5213,0
5214,1
5215,0
5216,0
5217,0
5218,1
5219,1
5220,1
5221,1
5222,0
5223,0
5224,0
5225,1
5226,1
5227,0
5228,0
5229,0
5230,0
5231,1
5232,0
5233,1
5234,1
5235,0
5236,0
5237,1
5238,1
5239,1
5240,1
5241,0
5242,1
5243,1
5244,0
5245,0
5246,1
5247,0
5248,1
5249,0
5250,1
5251,1
5252,1
5253,0
5254,0
5255,1
5256,1
5257,1
5258,0
5259,1
5260,1
5261,0
5262,1
5263,1
5264,0
5265,0
5266,0
5267,1
5268,0
5269,0
5270,1
5271,0
5272,0
5273,1
5274,0
5275,1
5276,0
5277,1
5278,0
5279,0
5280,0
5281,1
5282,0
5283,1
5284,1
5285,1
5286,0
5287,1
5288,1
5289,1
5290,0
5291,0
5292,1
5293,1
5294,1
5295,0
5296,0
5297,0
5298,1
5299,1
5300,1
5301,1
5302,1
5303,0
5304,0
5305,1
5306,0
5307,1
5308,0
5309,1
5310,0
5311,1
5312,1
5313,1
5314,0
5315,0
5316,1
5317,1
5318,1
5319,1
5320,1
5321,1
5322,1
5323,1
5324,0
5325,0
5326,1
5327,1
5328,0
5329,1
5330,0
5331,0
5332,1
5333,0
5334,0
5335,1
5336,1
5337,0
5338,0
5339,1
5340,1
5341,1
5342,1
5343,1
5344,1
5345,0
5346,1
5347,0
5348,0
5349,0
5350,1
5351,0
5352,1
5353,0
5354,1
5355,1
5356,0
5357,1
5358,1
5359,1
5360,0
5361,0
5362,1
5363,1
5364,0
5365,0
5366,1
5367,1
5368,1
5369,1
5370,0
5371,1
5372,1
5373,0
5374,1
5375,0
5376,1
5377,1
5378,1
5379,0
5380,1
5381,1
5382,1
5383,0
5384,0
5385,0
5386,0
5387,0
5388,1
5389,0
5390,0
5391,1
5392,1
5393,0
5394,1
5395,0
5396,1
5397,1
5398,1
5399,0
5400,1
5401,0
5402,0
5403,1
5404,1
5405,1
5406,1
5407,0
5408,1
5409,1
5410,1
5411,1
5412,1
5413,0
5414,1
5415,1
5416,1
5417,1
5418,0
5419,1
5420,1
5421,0
5422,1
5423,0
5424,0
5425,1
5426,1
5427,1
5428,0
5429,1
5430,0
5431,0
5432,1
5433,0
5434,0
5435,0
5436,1
5437,1
5438,1
5439,0
5440,1
5441,0
5442,1
5443,1
5444,0
5445,0
5446,1
5447,1
5448,0
5449,1
5450,1
5451,1
5452,0
5453,1
5454,1
5455,0
5456,1
5457,1
5458,1
5459,1
5460,1
5461,1
5462,0
5463,0
5464,1
5465,1
5466,1
5467,1
5468,1
5469,0
5470,1
5471,0
5472,0
5473,1
5474,1
5475,1
5476,0
5477,1
5478,0
5479,0
5480,0
5481,1
5482,1
5483,1
5484,0
5485,1
5486,1
5487,0
5488,0
5489,1
5490,0
5491,1
5492,1
5493,1
5494,1
5495,0
5496,1
5497,0
5498,1
5499,1
5500,0
5501,1
5502,0
5503,0
5504,0
5505,0
5506,0
5507,1
5508,1
5509,1
5510,0
5511,1
5512,1
5513,1
5514,1
5515,0
5516,1
5517,1
5518,1
5519,1
5520,1
5521,1
5522,0
5523,0
5524,0
5525,0
5526,1
5527,1
5528,0
5529,1
5530,1
5531,1
5532,1
5533,0
5534,1
5535,0
5536,1
5537,1
5538,1
5539,0
5540,0
5541,0
5542,0
5543,0
5544,1
5545,0
5546,0
5547,1
5548,0
5549,0
5550,0
5551,0
5552,0
5553,1
5554,1
5555,1
5556,1
5557,1
5558,1
5559,1
5560,0
5561,1
5562,1
5563,0
5564,0
5565,1
5566,0
5567,1
5568,0
5569,1
5570,0
5571,0
5572,0
5573,0
5574,0
5575,0
5576,1
5577,1
5578,1
5579,1
5580,0
5581,0
5582,0
5583,1
5584,1
5585,0
5586,0
5587,1
5588,1
5589,1
5590,1
5591,1
5592,0
5593,0
5594,1
5595,1
5596,0
5597,1
5598,1
5599,1
5600,1
5601,0
5602,1
5603,0
5604,0
5605,1
5606,1
5607,0
5608,0
5609,0
5610,1
5611,1
5612,1
5613,1
5614,1
5615,1
5616,0
5617,0
5618,1
5619,1
5620,0
5621,1
5622,1
5623,0
5624,1
5625,1
5626,0
5627,0
5628,1
5629,0
5630,1
5631,1
5632,0
5633,0
5634,1
5635,0
5636,0
5637,1
5638,1
5639,1
5640,1
5641,0
5642,0
5643,1
5644,1
5645,0
5646,0
5647,1
5648,0
5649,0
5650,1
5651,1
5652,0
5653,1
5654,1
5655,1
5656,1
5657,0
5658,0
5659,1
5660,1
5661,1
5662,0
5663,1
5664,1
5665,0
5666,0
5667,0
5668,1
5669,0
5670,1
5671,1
5672,0
5673,1
5674,1
5675,1
5676,1
5677,0
5678,0
5679,0
5680,0
5681,1
5682,1
5683,1
5684,1
5685,0
5686,0
5687,1
5688,1
5689,1
5690,1
5691,1
5692,1
5693,0
5694,1
5695,1
5696,0
5697,1
5698,1
5699,0
5700,1
5701,1
5702,1
5703,1
5704,1
5705,0
5706,1
5707,1
5708,1
5709,0
5710,0
5711,0
5712,1
5713,0
5714,0
5715,1
5716,1
5717,1
5718,0
5719,0
5720,0
5721,0
5722,1
5723,1
5724,0
5725,1
5726,0
5727,1
5728,0
5729,0
5730,1
5731,1
5732,0
5733,1
5734,0
5735,0
5736,1
5737,1
5738,0
5739,1
5740,0
5741,1
5742,0
5743,0
5744,0
5745,1
5746,1
5747,0
5748,1
5749,0
5750,0
5751,0
5752,1
5753,0
5754,0
5755,1
5756,1
5757,1
5758,1
5759,1
5760,0
5761,1
5762,0
5763,1
5764,1
5765,1
5766,0
5767,0
5768,0
5769,0
5770,0
5771,1
5772,1
5773,1
5774,1
5775,1
5776,0
5777,0
5778,1
5779,0
5780,1
5781,0
5782,0
5783,1
5784,1
5785,1
5786,1
5787,1
5788,1
5789,1
5790,1
5791,0
5792,0
5793,0
5794,1
5795,1
5796,1
5797,1
5798,1
5799,1
5800,1
5801,1
5802,0
5803,1
5804,1
5805,1
5806,1
5807,1
5808,0
5809,0
5810,1
5811,1
5812,1
5813,0
5814,1
5815,0
5816,1
5817,1
5818,1
5819,1
5820,1
5821,1
5822,0
5823,1
5824,0
5825,1
5826,1
5827,0
5828,1
5829,1
5830,1
5831,1
5832,1
5833,0
5834,1
5835,1
5836,1
5837,1
5838,0
5839,1
5840,1
5841,0
5842,1
5843,1
5844,1
5845,0
5846,0
5847,1
5848,1
5849,1
5850,1
5851,1
5852,0
5853,0
5854,1
5855,1
5856,0
5857,1
5858,1
5859,0
5860,0
5861,1
5862,0
5863,1
5864,0
5865,0
5866,0
5867,1
5868,0
5869,1
5870,1
5871,1
5872,1
5873,1
5874,0
5875,0
5876,0
5877,1
5878,1
5879,1
5880,1
5881,0
5882,0
5883,1
5884,1
5885,1
5886,0
5887,0
5888,0
5889,1
5890,1
5891,1
5892,1
5893,0
5894,0
5895,1
5896,1
5897,0
5898,1
5899,1
5900,1
5901,1
5902,1
5903,1
5904,0
5905,1
5906,1
5907,1
5908,0
5909,0
5910,0
5911,1
5912,1
5913,0
5914,1
5915,0
5916,0
5917,1
5918,0
5919,1
5920,0
5921,0
5922,1
5923,0
5924,1
5925,0
5926,1
5927,1
5928,0
5929,1
5930,0
5931,0
5932,1
5933,0
5934,0
5935,1
5936,1
5937,1
5938,0
5939,1
5940,1
5941,1
5942,1
5943,1
5944,0
5945,0
5946,1
5947,1
5948,0
5949,1
5950,0
5951,0
5952,0
