"ID","Choice"
1,0
2,0
3,1
4,1
5,0
6,1
7,0
8,1
9,1
10,1
11,0
12,1
13,0
14,0
15,1
16,0
17,1
18,1
19,1
20,0
21,1
22,1
23,1
24,1
25,1
26,1
27,1
28,0
29,1
30,0
31,1
32,1
33,0
34,1
35,1
36,0
37,1
38,0
39,1
40,1
41,0
42,1
43,0
44,1
45,1
46,1
47,0
48,1
49,1
50,0
51,1
52,1
53,0
54,0
55,1
56,1
57,1
58,0
59,1
60,1
61,0
62,1
63,0
64,1
65,0
66,1
67,0
68,1
69,0
70,1
71,1
72,0
73,1
74,1
75,0
76,0
77,0
78,1
79,1
80,0
81,1
82,1
83,1
84,1
85,0
86,0
87,0
88,0
89,1
90,0
91,1
92,1
93,1
94,1
95,1
96,0
97,1
98,0
99,0
100,0
101,1
102,1
103,1
104,1
105,1
106,1
107,1
108,0
109,1
110,1
111,0
112,0
113,1
114,1
115,1
116,0
117,0
118,1
119,1
120,1
121,1
122,0
123,1
124,1
125,1
126,1
127,0
128,1
129,0
130,1
131,0
132,1
133,0
134,1
135,0
136,0
137,1
138,1
139,1
140,0
141,1
142,0
143,0
144,1
145,1
146,1
147,1
148,1
149,0
150,1
151,0
152,1
153,1
154,1
155,0
156,0
157,1
158,1
159,0
160,1
161,0
162,1
163,0
164,1
165,1
166,0
167,1
168,1
169,1
170,1
171,1
172,0
173,0
174,0
175,1
176,0
177,0
178,1
179,0
180,1
181,0
182,1
183,0
184,1
185,1
186,0
187,1
188,1
189,1
190,1
191,1
192,1
193,1
194,0
195,1
196,1
197,1
198,1
199,1
200,1
201,1
202,1
203,1
204,0
205,1
206,1
207,1
208,1
209,0
210,1
211,1
212,1
213,1
214,0
215,1
216,1
217,0
218,1
219,1
220,1
221,0
222,1
223,1
224,1
225,0
226,1
227,0
228,1
229,1
230,1
231,0
232,1
233,1
234,1
235,1
236,1
237,1
238,0
239,1
240,1
241,1
242,1
243,0
244,0
245,1
246,1
247,1
248,1
249,1
250,0
251,1
252,1
253,0
254,1
255,1
256,1
257,0
258,0
259,1
260,0
261,0
262,1
263,1
264,1
265,1
266,0
267,0
268,0
269,0
270,0
271,1
272,1
273,0
274,1
275,0
276,0
277,1
278,1
279,1
280,0
281,1
282,0
283,0
284,0
285,1
286,1
287,1
288,0
289,0
290,1
291,0
292,1
293,0
294,1
295,1
296,1
297,1
298,0
299,1
300,1
301,1
302,0
303,1
304,1
305,1
306,0
307,1
308,0
309,0
310,0
311,0
312,0
313,0
314,0
315,1
316,0
317,1
318,1
319,1
320,0
321,1
322,1
323,1
324,0
325,1
326,1
327,1
328,0
329,1
330,0
331,1
332,1
333,1
334,0
335,0
336,1
337,1
338,1
339,1
340,0
341,1
342,1
343,1
344,0
345,1
346,0
347,1
348,1
349,1
350,1
351,1
352,0
353,1
354,1
355,0
356,1
357,1
358,0
359,1
360,1
361,1
362,0
363,0
364,1
365,1
366,0
367,1
368,0
369,0
370,1
371,0
372,1
373,0
374,0
375,1
376,1
377,1
378,0
379,1
380,1
381,0
382,1
383,1
384,0
385,1
386,0
387,1
388,1
389,0
390,1
391,1
392,0
393,1
394,1
395,0
396,1
397,1
398,1
399,0
400,1
401,1
402,1
403,1
404,0
405,1
406,0
407,1
408,1
409,0
410,1
411,1
412,1
413,0
414,1
415,1
416,0
417,0
418,1
419,1
420,0
421,1
422,1
423,0
424,1
425,1
426,0
427,1
428,1
429,1
430,1
431,1
432,0
433,0
434,1
435,0
436,1
437,1
438,1
439,0
440,1
441,0
442,1
443,1
444,0
445,1
446,1
447,1
448,1
449,1
450,1
451,1
452,0
453,0
454,0
455,1
456,1
457,1
458,1
459,1
460,1
461,0
462,0
463,0
464,1
465,1
466,1
467,1
468,1
469,1
470,0
471,0
472,0
473,0
474,1
475,0
476,1
477,1
478,0
479,0
480,1
481,1
482,1
483,1
484,1
485,0
486,1
487,0
488,0
489,0
490,1
491,1
492,0
493,1
494,1
495,1
496,0
497,0
498,1
499,0
500,0
501,0
502,0
503,1
504,1
505,1
506,1
507,0
508,1
509,1
510,1
511,0
512,0
513,1
514,1
515,1
516,1
517,1
518,0
519,1
520,1
521,0
522,0
523,0
524,1
525,0
526,1
527,0
528,0
529,1
530,1
531,1
532,0
533,0
534,1
535,1
536,1
537,1
538,0
539,1
540,1
541,1
542,1
543,0
544,1
545,0
546,1
547,1
548,1
549,1
550,1
551,1
552,1
553,1
554,0
555,1
556,1
557,1
558,0
559,1
560,0
561,1
562,1
563,0
564,1
565,0
566,1
567,0
568,1
569,1
570,1
571,1
572,1
573,1
574,1
575,1
576,1
577,1
578,1
579,0
580,1
581,1
582,1
583,0
584,1
585,1
586,0
587,1
588,1
589,1
590,0
591,0
592,0
593,0
594,0
595,1
596,0
597,1
598,1
599,0
600,0
601,0
602,0
603,0
604,1
605,1
606,1
607,0
608,0
609,1
610,1
611,0
612,1
613,1
614,1
615,0
616,1
617,1
618,1
619,1
620,1
621,1
622,1
623,1
624,0
625,1
626,1
627,1
628,1
629,1
630,1
631,0
632,1
633,0
634,0
635,0
636,1
637,0
638,0
639,1
640,1
641,1
642,0
643,1
644,1
645,1
646,0
647,0
648,1
649,1
650,0
651,0
652,1
653,0
654,0
655,1
656,1
657,0
658,0
659,0
660,1
661,1
662,1
663,1
664,0
665,1
666,1
667,0
668,0
669,0
670,1
671,0
672,1
673,1
674,0
675,0
676,1
677,1
678,1
679,1
680,1
681,0
682,0
683,1
684,0
685,0
686,1
687,1
688,1
689,0
690,1
691,1
692,1
693,0
694,1
695,0
696,1
697,1
698,1
699,0
700,1
701,0
702,0
703,0
704,0
705,1
706,1
707,1
708,1
709,1
710,1
711,0
712,1
713,0
714,0
715,1
716,0
717,1
718,1
719,0
720,0
721,0
722,1
723,0
724,1
725,1
726,1
727,0
728,1
729,1
730,0
731,0
732,0
733,1
734,1
735,1
736,0
737,1
738,1
739,1
740,1
741,1
742,0
743,0
744,1
745,0
746,1
747,0
748,0
749,0
750,0
751,1
752,0
753,1
754,1
755,0
756,1
757,0
758,1
759,1
760,1
761,0
762,0
763,0
764,0
765,1
766,0
767,0
768,1
769,1
770,1
771,1
772,1
773,1
774,0
775,1
776,0
777,0
778,1
779,0
780,1
781,1
782,1
783,0
784,1
785,1
786,0
787,0
788,1
789,0
790,1
791,1
792,0
793,0
794,0
795,1
796,1
797,1
798,1
799,1
800,0
801,1
802,1
803,1
804,1
805,0
806,0
807,0
808,1
809,0
810,1
811,0
812,0
813,0
814,1
815,1
816,0
817,1
818,1
819,1
820,1
821,0
822,1
823,0
824,1
825,0
826,1
827,1
828,1
829,0
830,1
831,1
832,1
833,1
834,1
835,0
836,1
837,1
838,1
839,1
840,0
841,1
842,0
843,0
844,1
845,1
846,0
847,0
848,1
849,1
850,0
851,0
852,1
853,1
854,1
855,0
856,0
857,1
858,1
859,0
860,1
861,1
862,0
863,1
864,0
865,1
866,1
867,0
868,1
869,0
870,0
871,1
872,1
873,0
874,0
875,1
876,0
877,1
878,1
879,1
880,0
881,1
882,1
883,1
884,1
885,1
886,1
887,1
888,1
889,0
890,1
891,1
892,1
893,1
894,0
895,0
896,0
897,1
898,1
899,1
900,1
901,0
902,1
903,1
904,1
905,0
906,0
907,0
908,1
909,1
910,1
911,0
912,1
913,0
914,1
915,1
916,0
917,1
918,1
919,1
920,1
921,1
922,1
923,1
924,1
925,1
926,1
927,0
928,1
929,1
930,1
931,1
932,0
933,1
934,1
935,0
936,1
937,0
938,1
939,1
940,0
941,1
942,1
943,0
944,1
945,1
946,1
947,0
948,0
949,1
950,1
951,1
952,1
953,1
954,0
955,1
956,1
957,0
958,1
959,1
960,1
961,1
962,0
963,1
964,1
965,1
966,1
967,0
968,0
969,1
970,0
971,1
972,1
973,1
974,0
975,0
976,1
977,1
978,1
979,1
980,1
981,0
982,1
983,0
984,0
985,1
986,1
987,0
988,1
989,1
990,0
991,0
992,1
993,1
994,1
995,1
996,0
997,1
998,1
999,0
1000,1
1001,1
1002,1
1003,1
1004,0
1005,1
1006,0
1007,1
1008,1
1009,0
1010,1
1011,1
1012,1
1013,0
1014,0
1015,0
1016,1
1017,1
1018,0
1019,0
1020,1
1021,0
1022,1
1023,1
1024,1
1025,1
1026,0
1027,1
1028,1
1029,1
1030,1
1031,1
1032,0
1033,1
1034,1
1035,1
1036,0
1037,1
1038,1
1039,1
1040,1
1041,0
1042,1
1043,1
1044,1
1045,0
1046,0
1047,1
1048,0
1049,1
1050,1
1051,1
1052,1
1053,0
1054,0
1055,0
1056,0
1057,0
1058,1
1059,1
1060,1
1061,1
1062,1
1063,1
1064,1
1065,0
1066,1
1067,1
1068,1
1069,1
1070,0
1071,0
1072,0
1073,1
1074,0
1075,0
1076,0
1077,1
1078,0
1079,1
1080,1
1081,1
1082,1
1083,1
1084,1
1085,0
1086,0
1087,1
1088,0
1089,1
1090,1
1091,0
1092,0
1093,0
1094,1
1095,0
1096,1
1097,1
1098,1
1099,1
1100,1
1101,1
1102,0
1103,1
1104,1
1105,0
1106,1
1107,1
1108,0
1109,1
1110,0
1111,1
1112,1
1113,0
1114,0
1115,1
1116,0
1117,1
1118,1
1119,1
1120,0
1121,1
1122,1
1123,1
1124,0
1125,1
1126,0
1127,1
1128,0
1129,0
1130,0
1131,1
1132,1
1133,0
1134,1
1135,0
1136,0
1137,1
1138,0
1139,0
1140,1
1141,0
1142,0
1143,1
1144,0
1145,1
1146,0
1147,1
1148,0
1149,1
1150,1
1151,0
1152,0
1153,1
1154,1
1155,0
1156,0
1157,1
1158,0
1159,1
1160,0
1161,0
1162,0
1163,0
1164,0
1165,1
1166,1
1167,1
1168,0
1169,0
1170,1
1171,1
1172,1
1173,1
1174,1
1175,1
1176,0
1177,1
1178,1
1179,0
1180,1
1181,1
1182,0
1183,1
1184,0
1185,0
1186,1
1187,0
1188,1
1189,1
1190,1
1191,1
1192,0
1193,1
1194,0
1195,1
1196,1
1197,0
1198,0
1199,1
1200,1
1201,0
1202,0
1203,1
1204,1
1205,1
1206,0
1207,0
1208,1
1209,0
1210,1
1211,1
1212,1
1213,0
1214,0
1215,0
1216,0
1217,0
1218,1
1219,1
1220,0
1221,1
1222,1
1223,1
1224,0
1225,0
1226,1
1227,0
1228,0
1229,1
1230,1
1231,1
1232,1
1233,1
1234,0
1235,0
1236,0
1237,1
1238,1
1239,1
1240,0
1241,0
1242,1
1243,0
1244,0
1245,0
1246,1
1247,1
1248,0
1249,1
1250,1
1251,0
1252,0
1253,1
1254,1
1255,0
1256,0
1257,1
1258,1
1259,1
1260,0
1261,1
1262,0
1263,0
1264,0
1265,0
1266,1
1267,1
1268,1
1269,1
1270,0
1271,1
1272,1
1273,0
1274,0
1275,0
1276,0
1277,0
1278,0
1279,0
1280,1
1281,0
1282,1
1283,1
1284,0
1285,0
1286,1
1287,0
1288,1
1289,0
1290,0
1291,0
1292,1
1293,0
1294,0
1295,1
1296,1
1297,1
1298,0
1299,0
1300,1
1301,1
1302,1
1303,0
1304,0
1305,1
1306,0
1307,1
1308,0
1309,1
1310,0
1311,0
1312,1
1313,1
1314,1
1315,1
1316,1
1317,1
1318,0
1319,1
1320,0
1321,0
1322,0
1323,1
1324,1
1325,1
1326,1
1327,0
1328,1
1329,1
1330,0
1331,1
1332,1
1333,1
1334,0
1335,1
1336,1
1337,1
1338,1
1339,1
1340,0
1341,1
1342,0
1343,0
1344,1
1345,1
1346,0
1347,1
1348,0
1349,1
1350,1
1351,0
1352,0
1353,1
1354,0
1355,0
1356,1
1357,1
1358,0
1359,1
1360,1
1361,1
1362,1
1363,1
1364,0
1365,1
1366,0
1367,1
1368,1
1369,1
1370,0
1371,0
1372,1
1373,1
1374,0
1375,0
1376,1
1377,1
1378,0
1379,1
1380,0
1381,1
1382,1
1383,1
1384,1
1385,1
1386,0
1387,0
1388,1
1389,1
1390,1
1391,1
1392,0
1393,1
1394,1
1395,0
1396,1
1397,1
1398,0
1399,1
1400,0
1401,0
1402,1
1403,0
1404,0
1405,0
1406,1
1407,1
1408,0
1409,0
1410,0
1411,0
1412,0
1413,0
1414,0
1415,1
1416,1
1417,1
1418,0
1419,1
1420,0
1421,0
1422,1
1423,1
1424,1
1425,0
1426,1
1427,0
1428,0
1429,0
1430,0
1431,1
1432,1
1433,0
1434,0
1435,1
1436,1
1437,0
1438,1
1439,0
1440,0
1441,0
1442,1
1443,0
1444,0
1445,1
1446,1
1447,0
1448,0
1449,1
1450,0
1451,0
1452,0
1453,1
1454,0
1455,1
1456,0
1457,0
1458,1
1459,1
1460,0
1461,1
1462,1
1463,0
1464,0
1465,0
1466,1
1467,0
1468,1
1469,1
1470,1
1471,1
1472,0
1473,1
1474,1
1475,1
1476,0
1477,1
1478,1
1479,1
1480,1
1481,0
1482,1
1483,1
1484,1
1485,1
1486,1
1487,1
1488,1
1489,0
1490,0
1491,0
1492,0
1493,0
1494,1
1495,1
1496,1
1497,1
1498,1
1499,1
1500,0
1501,0
1502,0
1503,1
1504,1
1505,0
1506,0
1507,0
1508,1
1509,0
1510,1
1511,0
1512,1
1513,1
1514,0
1515,1
1516,0
1517,0
1518,1
1519,0
1520,0
1521,1
1522,0
1523,1
1524,1
1525,0
1526,1
1527,1
1528,0
1529,0
1530,0
1531,1
1532,0
1533,0
1534,1
1535,1
1536,1
1537,1
1538,1
1539,1
1540,1
1541,0
1542,1
1543,1
1544,1
1545,1
1546,1
1547,0
1548,0
1549,1
1550,1
1551,0
1552,0
1553,1
1554,0
1555,0
1556,1
1557,0
1558,1
1559,1
1560,0
1561,0
1562,1
1563,0
1564,0
1565,1
1566,0
1567,1
1568,0
1569,1
1570,0
1571,1
1572,0
1573,0
1574,0
1575,1
1576,0
1577,1
1578,0
1579,1
1580,0
1581,1
1582,0
1583,0
1584,1
1585,0
1586,1
1587,0
1588,0
1589,1
1590,1
1591,1
1592,0
1593,1
1594,1
1595,0
1596,1
1597,0
1598,1
1599,1
1600,1
1601,0
1602,1
1603,0
1604,1
1605,0
1606,1
1607,0
1608,0
1609,1
1610,1
1611,1
1612,1
1613,1
1614,0
1615,1
1616,1
1617,1
1618,1
1619,1
1620,0
1621,1
1622,0
1623,0
1624,1
1625,1
1626,1
1627,1
1628,1
1629,0
1630,0
1631,0
1632,0
1633,0
1634,1
1635,1
1636,1
1637,1
1638,1
1639,1
1640,0
1641,1
1642,1
1643,0
1644,1
1645,0
1646,1
1647,1
1648,1
1649,0
1650,1
1651,1
1652,1
1653,1
1654,1
1655,1
1656,1
1657,0
1658,1
1659,1
1660,0
1661,0
1662,1
1663,1
1664,1
1665,1
1666,1
1667,0
1668,0
1669,1
1670,0
1671,1
1672,1
1673,0
1674,0
1675,1
1676,1
1677,0
1678,0
1679,0
1680,1
1681,0
1682,1
1683,0
1684,0
1685,0
1686,0
1687,1
1688,1
1689,1
1690,0
1691,1
1692,1
1693,1
1694,0
1695,0
1696,1
1697,1
1698,1
1699,0
1700,0
1701,1
1702,1
1703,0
1704,1
1705,0
1706,1
1707,1
1708,0
1709,1
1710,1
1711,0
1712,1
1713,1
1714,1
1715,1
1716,1
1717,1
1718,1
1719,1
1720,1
1721,1
1722,1
1723,0
1724,1
1725,0
1726,1
1727,0
1728,1
1729,0
1730,1
1731,1
1732,1
1733,1
1734,1
1735,0
1736,1
1737,1
1738,1
1739,1
1740,0
1741,0
1742,0
1743,1
1744,1
1745,0
1746,1
1747,1
1748,1
1749,0
1750,1
1751,0
1752,1
1753,0
1754,0
1755,0
1756,1
1757,0
1758,1
1759,0
1760,0
1761,0
1762,1
1763,1
1764,1
1765,1
1766,1
1767,0
1768,1
1769,0
1770,0
1771,0
1772,0
1773,0
1774,0
1775,0
1776,0
1777,0
1778,0
1779,0
1780,1
1781,1
1782,1
1783,1
1784,1
1785,1
1786,0
1787,1
1788,0
1789,0
1790,0
1791,1
1792,0
1793,1
1794,1
1795,1
1796,1
1797,1
1798,0
1799,1
1800,1
1801,0
1802,1
1803,1
1804,0
1805,1
1806,0
1807,0
1808,0
1809,1
1810,0
1811,0
1812,1
1813,1
1814,1
1815,1
1816,1
1817,1
1818,0
1819,0
1820,0
1821,0
1822,1
1823,0
1824,1
1825,1
1826,1
1827,1
1828,0
1829,1
1830,0
1831,1
1832,0
1833,1
1834,1
1835,1
1836,1
1837,0
1838,1
1839,1
1840,1
1841,1
1842,1
1843,1
1844,1
1845,0
1846,1
1847,1
1848,1
1849,1
1850,1
1851,0
1852,1
1853,1
1854,0
1855,1
1856,0
1857,1
1858,0
1859,0
1860,1
1861,1
1862,1
1863,1
1864,1
1865,1
1866,1
1867,1
1868,1
1869,1
1870,1
1871,0
1872,0
1873,0
1874,1
1875,1
1876,0
1877,0
1878,0
1879,1
1880,1
1881,1
1882,1
1883,1
1884,1
1885,0
1886,1
1887,0
1888,1
1889,0
1890,0
1891,0
1892,0
1893,1
1894,1
1895,0
1896,0
1897,0
1898,1
1899,0
1900,0
1901,0
1902,0
1903,1
1904,1
1905,0
1906,1
1907,1
1908,1
1909,1
1910,1
1911,1
1912,1
1913,1
1914,0
1915,0
1916,1
1917,1
1918,1
1919,1
1920,1
1921,1
1922,1
1923,1
1924,0
1925,1
1926,1
1927,1
1928,1
1929,1
1930,1
1931,0
1932,1
1933,1
1934,0
1935,0
1936,1
1937,1
1938,1
1939,0
1940,1
1941,1
1942,1
1943,0
1944,1
1945,1
1946,1
1947,1
1948,1
1949,1
1950,0
1951,1
1952,0
1953,1
1954,1
1955,0
1956,0
1957,1
1958,0
1959,0
1960,0
1961,1
1962,0
1963,0
1964,1
1965,1
1966,0
1967,1
1968,0
1969,1
1970,0
1971,1
1972,1
1973,0
1974,0
1975,0
1976,1
1977,1
1978,0
1979,1
1980,1
1981,0
1982,1
1983,1
1984,1
1985,1
1986,1
1987,1
1988,1
1989,1
1990,1
1991,1
1992,1
1993,0
1994,1
1995,0
1996,0
1997,1
1998,1
1999,0
2000,0
2001,0
2002,0
2003,1
2004,1
2005,0
2006,0
2007,1
2008,0
2009,1
2010,0
2011,1
2012,1
2013,1
2014,1
2015,1
2016,1
2017,0
2018,0
2019,1
2020,0
2021,0
2022,1
2023,0
2024,1
2025,1
2026,1
2027,1
2028,0
2029,1
2030,1
2031,0
2032,1
2033,1
2034,1
2035,1
2036,1
2037,0
2038,1
2039,1
2040,0
2041,1
2042,1
2043,1
2044,0
2045,0
2046,0
2047,1
2048,1
2049,1
2050,1
2051,0
2052,1
2053,1
2054,0
2055,0
2056,1
2057,0
2058,0
2059,1
2060,0
2061,0
2062,0
2063,0
2064,1
2065,1
2066,1
2067,1
2068,1
2069,0
2070,0
2071,1
2072,1
2073,1
2074,1
2075,1
2076,1
2077,1
2078,0
2079,0
2080,1
2081,1
2082,1
2083,1
2084,1
2085,0
2086,0
2087,1
2088,0
2089,1
2090,0
2091,1
2092,0
2093,1
2094,0
2095,0
2096,1
2097,1
2098,1
2099,1
2100,1
2101,0
2102,1
2103,0
2104,1
2105,1
2106,1
2107,0
2108,1
2109,1
2110,0
2111,0
2112,0
2113,1
2114,0
2115,0
2116,1
2117,0
2118,1
2119,0
2120,1
2121,0
2122,0
2123,1
2124,0
2125,0
2126,0
2127,0
2128,1
2129,1
2130,1
2131,0
2132,1
2133,1
2134,1
2135,1
2136,0
2137,0
2138,0
2139,1
2140,1
2141,0
2142,0
2143,0
2144,0
2145,1
2146,1
2147,0
2148,1
2149,1
2150,0
2151,0
2152,1
2153,0
2154,1
2155,1
2156,0
2157,1
2158,0
2159,1
2160,0
2161,0
2162,0
2163,1
2164,0
2165,1
2166,1
2167,1
2168,1
2169,1
2170,0
2171,0
2172,1
2173,0
2174,1
2175,0
2176,1
2177,1
2178,1
2179,1
2180,1
2181,1
2182,1
2183,0
2184,0
2185,0
2186,1
2187,1
2188,1
2189,0
2190,0
2191,0
2192,1
2193,1
2194,1
2195,1
2196,1
2197,1
2198,0
2199,0
2200,1
2201,0
2202,1
2203,0
2204,1
2205,1
2206,0
2207,1
2208,1
2209,1
2210,1
2211,1
2212,0
2213,0
2214,0
2215,0
2216,0
2217,1
2218,0
2219,0
2220,1
2221,0
2222,1
2223,1
2224,0
2225,1
2226,1
2227,1
2228,1
2229,0
2230,0
2231,1
2232,1
2233,0
2234,0
2235,0
2236,1
2237,1
2238,1
2239,1
2240,0
2241,0
2242,0
2243,1
2244,0
2245,0
2246,1
2247,1
2248,1
2249,1
2250,0
2251,0
2252,0
2253,1
2254,0
2255,1
2256,1
2257,1
2258,1
2259,0
2260,1
2261,1
2262,1
2263,1
2264,0
2265,1
2266,1
2267,1
2268,0
2269,1
2270,0
2271,0
2272,1
2273,1
2274,1
2275,1
2276,1
2277,1
2278,0
2279,0
2280,1
2281,1
2282,1
2283,0
2284,0
2285,1
2286,1
2287,0
2288,0
2289,1
2290,0
2291,0
2292,1
2293,1
2294,1
2295,1
2296,0
2297,0
2298,0
2299,1
2300,1
2301,0
2302,1
2303,1
2304,1
2305,0
2306,1
2307,0
2308,0
2309,0
2310,0
2311,1
2312,1
2313,0
2314,0
2315,1
2316,1
2317,0
2318,0
2319,1
2320,1
2321,1
2322,1
2323,1
2324,0
2325,1
2326,0
2327,1
2328,0
2329,1
2330,0
2331,0
2332,1
2333,1
2334,1
2335,1
2336,0
2337,0
2338,0
2339,1
2340,1
2341,1
2342,0
2343,1
2344,1
2345,0
2346,1
2347,1
2348,0
2349,0
2350,1
2351,1
2352,0
2353,1
2354,0
2355,1
2356,0
2357,0
2358,1
2359,0
2360,1
2361,0
2362,0
2363,0
2364,1
2365,1
2366,0
2367,1
2368,0
2369,1
2370,1
2371,1
2372,1
2373,1
2374,0
2375,1
2376,0
2377,0
2378,1
2379,1
2380,0
2381,0
2382,0
2383,0
2384,1
2385,1
2386,1
2387,1
2388,1
2389,1
2390,1
2391,1
2392,0
2393,0
2394,1
2395,1
2396,0
2397,0
2398,1
2399,1
2400,1
2401,0
2402,1
2403,0
2404,1
2405,1
2406,0
2407,0
2408,0
2409,1
2410,1
2411,1
2412,1
2413,0
2414,1
2415,0
2416,0
2417,1
2418,1
2419,0
2420,1
2421,1
2422,0
2423,0
2424,0
2425,1
2426,0
2427,0
2428,1
2429,1
2430,1
2431,1
2432,0
2433,1
2434,0
2435,1
2436,1
2437,1
2438,1
2439,1
2440,0
2441,0
2442,1
2443,1
2444,1
2445,0
2446,1
2447,1
2448,1
2449,1
2450,1
2451,1
2452,0
2453,1
2454,1
2455,1
2456,1
2457,1
2458,1
2459,0
2460,1
2461,0
2462,0
2463,1
2464,1
2465,1
2466,0
2467,1
2468,1
2469,1
2470,0
2471,1
2472,0
2473,1
2474,0
2475,1
2476,1
2477,1
2478,0
2479,1
2480,0
2481,0
2482,1
2483,0
2484,1
2485,1
2486,1
2487,1
2488,0
2489,1
2490,1
2491,0
2492,1
2493,1
2494,0
2495,0
2496,0
2497,1
2498,1
2499,1
2500,0
2501,1
2502,1
2503,1
2504,1
2505,0
2506,0
2507,1
2508,1
2509,1
2510,1
2511,1
2512,0
2513,0
2514,1
2515,1
2516,1
2517,0
2518,0
2519,1
2520,0
2521,1
2522,0
2523,1
2524,1
2525,0
2526,0
2527,1
2528,0
2529,0
2530,0
2531,0
2532,0
2533,0
2534,1
2535,0
2536,0
2537,0
2538,0
2539,1
2540,1
2541,0
2542,0
2543,1
2544,0
2545,1
2546,1
2547,1
2548,1
2549,1
2550,0
2551,0
2552,1
2553,1
2554,1
2555,0
2556,0
2557,1
2558,0
2559,0
2560,0
2561,1
2562,1
2563,1
2564,0
2565,1
2566,1
2567,1
2568,1
2569,0
2570,0
2571,1
2572,1
2573,1
2574,0
2575,1
2576,0
2577,0
2578,0
2579,1
2580,0
2581,1
2582,0
2583,0
2584,0
2585,0
2586,0
2587,0
2588,1
2589,1
2590,1
2591,1
2592,1
2593,0
2594,0
2595,1
2596,1
2597,0
2598,1
2599,0
2600,0
2601,1
2602,1
2603,1
2604,1
2605,0
2606,1
2607,1
2608,0
2609,0
2610,1
2611,1
2612,1
2613,1
2614,1
2615,1
2616,1
2617,0
2618,1
2619,1
2620,0
2621,1
2622,1
2623,1
2624,1
2625,1
2626,0
2627,1
2628,1
2629,0
2630,0
2631,0
2632,1
2633,1
2634,1
2635,0
2636,1
2637,1
2638,1
2639,1
2640,1
2641,1
2642,1
2643,1
2644,1
2645,0
2646,1
2647,0
2648,0
2649,0
2650,0
2651,1
2652,1
2653,0
2654,1
2655,0
2656,0
2657,1
2658,1
2659,1
2660,1
2661,1
2662,0
2663,1
2664,1
2665,0
2666,0
2667,1
2668,0
2669,0
2670,1
2671,0
2672,0
2673,0
2674,1
2675,0
2676,1
2677,1
2678,1
2679,0
2680,0
2681,0
2682,1
2683,1
2684,1
2685,1
2686,0
2687,1
2688,1
2689,1
2690,1
2691,0
2692,1
2693,1
2694,1
2695,1
2696,1
2697,0
2698,1
2699,1
2700,0
2701,1
2702,1
2703,1
2704,1
2705,0
2706,1
2707,1
2708,1
2709,1
2710,1
2711,0
2712,0
2713,1
2714,0
2715,0
2716,0
2717,1
2718,1
2719,1
2720,0
2721,1
2722,1
2723,1
2724,1
2725,1
2726,1
2727,1
2728,1
2729,1
2730,1
2731,0
2732,1
2733,0
2734,1
2735,0
2736,0
2737,1
2738,0
2739,1
2740,1
2741,1
2742,1
2743,0
2744,1
2745,1
2746,0
2747,1
2748,1
2749,1
2750,0
2751,1
2752,0
2753,1
2754,0
2755,1
2756,1
2757,0
2758,0
2759,1
2760,0
2761,1
2762,1
2763,1
2764,1
2765,1
2766,1
2767,0
2768,0
2769,0
2770,1
2771,0
2772,1
2773,1
2774,0
2775,1
2776,0
2777,1
2778,1
2779,1
2780,1
2781,0
2782,0
2783,0
2784,0
2785,1
2786,0
2787,1
2788,0
2789,1
2790,1
2791,0
2792,1
2793,1
2794,0
2795,0
2796,1
2797,1
2798,0
2799,1
2800,1
2801,1
2802,0
2803,1
2804,1
2805,0
2806,0
2807,0
2808,1
2809,0
2810,0
2811,1
2812,0
2813,1
2814,1
2815,1
2816,1
2817,0
2818,1
2819,0
2820,1
2821,0
2822,1
2823,1
2824,1
2825,0
2826,1
2827,1
2828,0
2829,1
2830,0
2831,1
2832,1
2833,0
2834,0
2835,1
2836,1
2837,0
2838,1
2839,1
2840,0
2841,1
2842,1
2843,1
2844,1
2845,1
2846,0
2847,1
2848,0
2849,1
2850,1
2851,0
2852,0
2853,0
2854,1
2855,1
2856,1
2857,1
2858,1
2859,1
2860,1
2861,0
2862,0
2863,1
2864,1
2865,1
2866,0
2867,1
2868,1
2869,1
2870,0
2871,1
2872,1
2873,0
2874,1
2875,0
2876,1
2877,1
2878,1
2879,1
2880,0
2881,0
2882,0
2883,1
2884,0
2885,0
2886,0
2887,1
2888,1
2889,1
2890,1
2891,1
2892,0
2893,0
2894,0
2895,1
2896,1
2897,0
2898,0
2899,0
2900,1
2901,1
2902,1
2903,1
2904,0
2905,1
2906,0
2907,0
2908,0
2909,1
2910,0
2911,1
2912,0
2913,1
2914,1
2915,1
2916,1
2917,1
2918,0
2919,1
2920,0
2921,0
2922,0
2923,0
2924,1
2925,0
2926,0
2927,0
2928,0
2929,0
2930,1
2931,0
2932,0
2933,1
2934,1
2935,0
2936,1
2937,0
2938,1
2939,0
2940,1
2941,0
2942,1
2943,0
2944,0
2945,1
2946,1
2947,0
2948,0
2949,1
2950,0
2951,1
2952,1
2953,0
2954,1
2955,0
2956,0
2957,0
2958,0
2959,0
2960,1
2961,1
2962,1
2963,0
2964,1
2965,1
2966,0
2967,0
2968,1
2969,1
2970,0
2971,1
2972,0
2973,0
2974,0
2975,1
2976,0
2977,1
2978,0
2979,1
2980,1
2981,1
2982,1
2983,1
2984,1
2985,1
2986,0
2987,0
2988,1
2989,0
2990,1
2991,1
2992,1
2993,0
2994,1
2995,1
2996,1
2997,1
2998,0
2999,0
3000,0
3001,0
3002,0
3003,1
3004,1
3005,0
3006,0
3007,0
3008,1
3009,0
3010,0
3011,1
3012,0
3013,1
3014,0
3015,1
3016,1
3017,0
3018,1
3019,0
3020,1
3021,1
3022,1
3023,1
3024,1
3025,0
3026,0
3027,0
3028,1
3029,0
3030,0
3031,1
3032,1
3033,1
3034,1
3035,1
3036,0
3037,1
3038,1
3039,0
3040,1
3041,1
3042,0
3043,1
3044,0
3045,1
3046,1
3047,0
3048,1
3049,1
3050,0
3051,1
3052,1
3053,1
3054,1
3055,1
3056,0
3057,1
3058,1
3059,1
3060,0
3061,1
3062,1
3063,0
3064,1
3065,1
3066,1
3067,1
3068,1
3069,1
3070,1
3071,1
3072,1
3073,0
3074,1
3075,0
3076,1
3077,0
3078,1
3079,1
3080,1
3081,0
3082,0
3083,0
3084,0
3085,0
3086,0
3087,1
3088,1
3089,1
3090,1
3091,1
3092,1
3093,1
3094,0
3095,1
3096,1
3097,0
3098,1
3099,0
3100,0
3101,1
3102,1
3103,0
3104,0
3105,1
3106,1
3107,1
3108,1
3109,1
3110,0
3111,1
3112,0
3113,0
3114,1
3115,1
3116,0
3117,1
3118,1
3119,1
3120,1
3121,1
3122,1
3123,0
3124,1
3125,1
3126,1
3127,1
3128,1
3129,0
3130,1
3131,0
3132,1
3133,0
3134,0
3135,1
3136,1
3137,1
3138,0
3139,1
3140,1
3141,1
3142,0
3143,1
3144,1
3145,1
3146,1
3147,1
3148,1
3149,0
3150,0
3151,1
3152,0
3153,0
3154,0
3155,1
3156,1
3157,1
3158,1
3159,1
3160,0
3161,1
3162,1
3163,0
3164,0
3165,0
3166,1
3167,1
3168,1
3169,1
3170,0
3171,0
3172,1
3173,1
3174,1
3175,0
3176,0
3177,1
3178,0
3179,0
3180,1
3181,0
3182,1
3183,0
3184,0
3185,1
3186,1
3187,0
3188,1
3189,0
3190,0
3191,1
3192,0
3193,0
3194,1
3195,0
3196,0
3197,0
3198,1
3199,0
3200,1
3201,0
3202,1
3203,1
3204,1
3205,0
3206,1
3207,0
3208,0
3209,1
3210,0
3211,0
3212,1
3213,0
3214,0
3215,1
3216,0
3217,0
3218,0
3219,1
3220,0
3221,1
3222,1
3223,0
3224,1
3225,0
3226,1
3227,0
3228,0
3229,0
3230,0
3231,1
3232,1
3233,0
3234,0
3235,1
3236,1
3237,1
3238,1
3239,1
3240,1
3241,1
3242,0
3243,1
3244,0
3245,1
3246,0
3247,1
3248,1
3249,1
3250,1
3251,0
3252,0
3253,1
3254,1
3255,1
3256,1
3257,1
3258,0
3259,0
3260,0
3261,0
3262,1
3263,1
3264,1
3265,0
3266,0
3267,0
3268,0
3269,1
3270,1
3271,0
3272,0
3273,1
3274,0
3275,1
3276,1
3277,0
3278,0
3279,1
3280,0
3281,1
3282,0
3283,1
3284,1
3285,1
3286,0
3287,1
3288,0
3289,0
3290,0
3291,1
3292,1
3293,1
3294,1
3295,1
3296,1
3297,1
3298,0
3299,0
3300,1
3301,0
3302,0
3303,0
3304,1
3305,1
3306,0
3307,1
3308,1
3309,1
3310,1
3311,1
3312,0
3313,1
3314,0
3315,0
3316,0
3317,0
3318,1
3319,1
3320,0
3321,0
3322,0
3323,1
3324,1
3325,1
3326,1
3327,0
3328,0
3329,1
3330,1
3331,1
3332,0
3333,1
3334,1
3335,1
3336,1
3337,0
3338,1
3339,1
3340,0
3341,1
3342,0
3343,0
3344,1
3345,1
3346,1
3347,1
3348,0
3349,0
3350,0
3351,1
3352,1
3353,0
3354,1
3355,1
3356,1
3357,0
3358,0
3359,0
3360,1
3361,1
3362,0
3363,1
3364,0
3365,0
3366,1
3367,0
3368,0
3369,0
3370,1
3371,1
3372,1
3373,1
3374,1
3375,1
3376,1
3377,0
3378,0
3379,1
3380,0
3381,0
3382,1
3383,1
3384,0
3385,0
3386,1
3387,0
3388,1
3389,1
3390,0
3391,0
3392,0
3393,1
3394,1
3395,1
3396,1
3397,0
3398,1
3399,0
3400,0
3401,0
3402,1
3403,1
3404,1
3405,1
3406,1
3407,0
3408,0
3409,1
3410,1
3411,1
3412,0
3413,1
3414,1
3415,1
3416,0
3417,1
3418,0
3419,1
3420,0
3421,0
3422,0
3423,1
3424,1
3425,1
3426,0
3427,1
3428,1
3429,0
3430,1
3431,1
3432,0
3433,1
3434,0
3435,1
3436,0
3437,0
3438,1
3439,1
3440,0
3441,1
3442,1
3443,1
3444,1
3445,0
3446,0
3447,0
3448,0
3449,1
3450,1
3451,1
3452,1
3453,1
3454,1
3455,0
3456,0
3457,0
3458,1
3459,1
3460,1
3461,1
3462,0
3463,1
3464,1
3465,1
3466,0
3467,1
3468,1
3469,1
3470,1
3471,0
3472,1
3473,0
3474,0
3475,1
3476,1
3477,1
3478,1
3479,0
3480,0
3481,0
3482,1
3483,0
3484,1
3485,0
3486,0
3487,1
3488,0
3489,1
3490,1
3491,0
3492,1
3493,0
3494,0
3495,1
3496,0
3497,1
3498,1
3499,1
3500,0
3501,1
3502,1
3503,1
3504,0
3505,0
3506,1
3507,0
3508,0
3509,1
3510,0
3511,0
3512,1
3513,0
3514,1
3515,1
3516,0
3517,0
3518,1
3519,1
3520,1
3521,0
3522,0
3523,1
3524,1
3525,1
3526,1
3527,1
3528,0
3529,0
3530,0
3531,0
3532,0
3533,1
3534,1
3535,0
3536,1
3537,1
3538,1
3539,1
3540,1
3541,1
3542,1
3543,1
3544,0
3545,1
3546,0
3547,1
3548,0
3549,0
3550,0
3551,1
3552,1
3553,0
3554,1
3555,0
3556,0
3557,1
3558,0
3559,1
3560,0
3561,0
3562,1
3563,1
3564,1
3565,1
3566,0
3567,0
3568,1
3569,1
3570,1
3571,1
3572,1
3573,1
3574,0
3575,0
3576,1
3577,1
3578,1
3579,1
3580,0
3581,0
3582,1
3583,1
3584,1
3585,0
3586,1
3587,1
3588,1
3589,1
3590,0
3591,1
3592,1
3593,0
3594,0
3595,0
3596,0
3597,0
3598,1
3599,0
3600,1
3601,0
3602,0
3603,1
3604,1
3605,0
3606,1
3607,1
3608,0
3609,1
3610,1
3611,0
3612,1
3613,1
3614,1
3615,0
3616,0
3617,1
3618,0
3619,1
3620,0
3621,0
3622,0
3623,1
3624,1
3625,0
3626,0
3627,1
3628,1
3629,1
3630,1
3631,0
3632,0
3633,0
3634,1
3635,0
3636,0
3637,1
3638,0
3639,1
3640,0
3641,0
3642,1
3643,0
3644,1
3645,0
3646,1
3647,1
3648,1
3649,1
3650,0
3651,1
3652,1
3653,0
3654,1
3655,0
3656,1
3657,1
3658,1
3659,0
3660,1
3661,0
3662,1
3663,1
3664,1
3665,1
3666,1
3667,0
3668,1
3669,1
3670,0
3671,0
3672,1
3673,1
3674,1
3675,1
3676,0
3677,1
3678,1
3679,1
3680,0
3681,0
3682,1
3683,1
3684,1
3685,1
3686,1
3687,0
3688,1
3689,1
3690,1
3691,0
3692,0
3693,0
3694,1
3695,1
3696,1
3697,1
3698,0
3699,1
3700,0
3701,1
3702,0
3703,1
3704,0
3705,0
3706,0
3707,0
3708,1
3709,1
3710,0
3711,1
3712,0
3713,0
3714,0
3715,1
3716,0
3717,1
3718,1
3719,1
3720,0
3721,0
3722,1
3723,0
3724,1
3725,0
3726,1
3727,1
3728,0
3729,1
3730,1
3731,1
3732,1
3733,0
3734,0
3735,1
3736,1
3737,1
3738,0
3739,0
3740,0
3741,1
3742,1
3743,0
3744,1
3745,1
3746,1
3747,0
3748,0
3749,1
3750,0
3751,1
3752,1
3753,0
3754,1
3755,0
3756,0
3757,1
3758,1
3759,0
3760,0
3761,1
3762,1
3763,1
3764,1
3765,1
3766,0
3767,0
3768,1
3769,1
3770,0
3771,1
3772,1
3773,0
3774,1
3775,0
3776,1
3777,0
3778,1
3779,0
3780,0
3781,1
3782,1
3783,0
3784,1
3785,1
3786,0
3787,0
3788,0
3789,0
3790,0
3791,0
3792,0
3793,1
3794,0
3795,1
3796,1
3797,1
3798,0
3799,1
3800,0
3801,1
3802,0
3803,1
3804,1
3805,1
3806,0
3807,1
3808,1
3809,1
3810,1
3811,0
3812,0
3813,1
3814,0
3815,1
3816,1
3817,1
3818,0
3819,0
3820,0
3821,0
3822,1
3823,0
3824,1
3825,1
3826,1
3827,0
3828,1
3829,1
3830,0
3831,0
3832,1
3833,0
3834,1
3835,0
3836,1
3837,1
3838,1
3839,1
3840,0
3841,1
3842,1
3843,0
3844,1
3845,1
3846,1
3847,0
3848,0
3849,0
3850,1
3851,0
3852,1
3853,1
3854,1
3855,1
3856,0
3857,1
3858,1
3859,0
3860,1
3861,0
3862,1
3863,0
3864,1
3865,0
3866,1
3867,0
3868,1
3869,1
3870,1
3871,1
3872,1
3873,0
3874,0
3875,1
3876,1
3877,1
3878,1
3879,1
3880,0
3881,1
3882,1
3883,0
3884,1
3885,1
3886,0
3887,1
3888,0
3889,0
3890,1
3891,1
3892,1
3893,1
3894,0
3895,1
3896,0
3897,0
3898,1
3899,1
3900,1
3901,0
3902,0
3903,0
3904,1
3905,1
3906,0
3907,0
3908,0
3909,1
3910,1
3911,1
3912,1
3913,1
3914,0
3915,1
3916,1
3917,0
3918,1
3919,0
3920,1
3921,1
3922,1
3923,1
3924,0
3925,0
3926,1
3927,1
3928,1
3929,1
3930,0
3931,1
3932,1
3933,0
3934,1
3935,1
3936,0
3937,0
3938,1
3939,0
3940,1
3941,1
3942,1
3943,1
3944,1
3945,0
3946,1
3947,0
3948,0
3949,0
3950,1
3951,1
3952,1
3953,0
3954,0
3955,1
3956,1
3957,1
3958,1
3959,1
3960,0
3961,1
3962,1
3963,1
3964,0
3965,1
3966,0
3967,1
3968,0
3969,1
3970,1
3971,1
3972,0
3973,1
3974,0
3975,1
3976,1
3977,1
3978,1
3979,0
3980,0
3981,1
3982,1
3983,1
3984,1
3985,0
3986,0
3987,1
3988,0
3989,1
3990,0
3991,1
3992,1
3993,0
3994,1
3995,1
3996,0
3997,1
3998,1
3999,0
4000,1
4001,1
4002,0
4003,0
4004,1
4005,0
4006,0
4007,1
4008,0
4009,0
4010,1
4011,1
4012,0
4013,0
4014,1
4015,0
4016,1
4017,0
4018,0
4019,1
4020,0
4021,1
4022,1
4023,0
4024,0
4025,1
4026,0
4027,0
4028,1
4029,0
4030,0
4031,0
4032,1
4033,0
4034,1
4035,0
4036,1
4037,1
4038,1
4039,1
4040,1
4041,1
4042,1
4043,0
4044,1
4045,0
4046,0
4047,1
4048,0
4049,1
4050,0
4051,1
4052,1
4053,1
4054,0
4055,1
4056,1
4057,1
4058,1
4059,1
4060,0
4061,1
4062,1
4063,0
4064,1
4065,0
4066,0
4067,1
4068,0
4069,1
4070,1
4071,1
4072,1
4073,1
4074,1
4075,0
4076,0
4077,0
4078,1
4079,0
4080,1
4081,0
4082,0
4083,1
4084,0
4085,1
4086,0
4087,0
4088,0
4089,0
4090,1
4091,1
4092,0
4093,0
4094,1
4095,1
4096,1
4097,1
4098,0
4099,1
4100,1
4101,0
4102,0
4103,1
4104,0
4105,1
4106,1
4107,0
4108,0
4109,1
4110,1
4111,0
4112,1
4113,1
4114,0
4115,1
4116,0
4117,1
4118,0
4119,1
4120,1
4121,1
4122,1
4123,0
4124,1
4125,0
4126,0
4127,0
4128,1
4129,1
4130,1
4131,1
4132,0
4133,1
4134,0
4135,0
4136,1
4137,1
4138,0
4139,1
4140,0
4141,0
4142,1
4143,1
4144,0
4145,0
4146,1
4147,1
4148,1
4149,1
4150,1
4151,1
4152,1
4153,0
4154,1
4155,1
4156,1
4157,0
4158,1
4159,1
4160,0
4161,1
4162,1
4163,1
4164,1
4165,1
4166,1
4167,0
4168,1
4169,1
4170,1
4171,0
4172,0
4173,1
4174,1
4175,0
4176,1
4177,0
4178,1
4179,1
4180,1
4181,1
4182,1
4183,1
4184,0
4185,0
4186,0
4187,1
4188,1
4189,0
4190,1
4191,1
4192,1
4193,1
4194,1
4195,0
4196,1
4197,0
4198,1
4199,1
4200,1
4201,1
4202,1
4203,1
4204,0
4205,0
4206,1
4207,0
4208,1
4209,1
4210,0
4211,0
4212,0
4213,0
4214,1
4215,0
4216,1
4217,1
4218,0
4219,1
4220,1
4221,1
4222,1
4223,1
4224,1
4225,0
4226,1
4227,1
4228,1
4229,1
4230,1
4231,0
4232,1
4233,1
4234,0
4235,1
4236,1
4237,0
4238,1
4239,0
4240,1
4241,0
4242,1
4243,1
4244,1
4245,0
4246,1
4247,1
4248,1
4249,1
4250,1
4251,0
4252,1
4253,0
4254,1
4255,1
4256,1
4257,1
4258,1
4259,0
4260,1
4261,1
4262,0
4263,1
4264,1
4265,1
4266,0
4267,1
4268,0
4269,0
4270,1
4271,1
4272,0
4273,1
4274,0
4275,1
4276,0
4277,1
4278,0
4279,0
4280,0
4281,0
4282,0
4283,1
4284,0
4285,0
4286,1
4287,1
4288,1
4289,0
4290,1
4291,1
4292,0
4293,0
4294,1
4295,1
4296,0
4297,0
4298,1
4299,1
4300,1
4301,1
4302,1
4303,1
4304,1
4305,0
4306,0
4307,0
4308,1
4309,1
4310,1
4311,0
4312,0
4313,1
4314,1
4315,0
4316,0
4317,1
4318,1
4319,0
4320,1
4321,1
4322,1
4323,1
4324,0
4325,1
4326,1
4327,1
4328,1
4329,1
4330,0
4331,1
4332,1
4333,1
4334,0
4335,1
4336,0
4337,1
4338,1
4339,1
4340,0
4341,1
4342,0
4343,1
4344,1
4345,0
4346,1
4347,1
4348,1
4349,0
4350,0
4351,1
4352,0
4353,0
4354,0
4355,0
4356,1
4357,1
4358,1
4359,1
4360,1
4361,0
4362,0
4363,1
4364,0
4365,0
4366,1
4367,0
4368,1
4369,1
4370,1
4371,0
4372,0
4373,0
4374,1
4375,1
4376,1
4377,1
4378,0
4379,1
4380,1
4381,0
4382,1
4383,0
4384,1
4385,0
4386,1
4387,1
4388,0
4389,0
4390,1
4391,0
4392,0
4393,0
4394,1
4395,1
4396,1
4397,1
4398,0
4399,1
4400,1
4401,1
4402,0
4403,0
4404,1
4405,0
4406,0
4407,1
4408,0
4409,1
4410,0
4411,1
4412,1
4413,0
4414,1
4415,1
4416,1
4417,0
4418,1
4419,0
4420,0
4421,1
4422,1
4423,0
4424,1
4425,1
4426,1
4427,1
4428,0
4429,1
4430,1
4431,1
4432,0
4433,1
4434,0
4435,1
4436,1
4437,1
4438,0
4439,0
4440,1
4441,1
4442,0
4443,0
4444,1
4445,1
4446,0
4447,0
4448,0
4449,1
4450,0
4451,0
4452,0
4453,0
4454,1
4455,0
4456,1
4457,1
4458,1
4459,0
4460,0
4461,1
4462,1
4463,0
4464,0
4465,0
4466,1
4467,1
4468,0
4469,1
4470,1
4471,1
4472,1
4473,0
4474,1
4475,1
4476,0
4477,1
4478,1
4479,1
4480,1
4481,1
4482,0
4483,0
4484,1
4485,1
4486,0
4487,0
4488,1
4489,1
4490,0
4491,1
4492,0
4493,1
4494,1
4495,0
4496,1
4497,1
4498,0
4499,0
4500,1
4501,0
4502,0
4503,0
4504,0
4505,1
4506,1
4507,0
4508,0
4509,0
4510,1
4511,1
4512,1
4513,0
4514,0
4515,1
4516,0
4517,0
4518,1
4519,0
4520,0
4521,0
4522,1
4523,1
4524,1
4525,0
4526,1
4527,1
4528,1
4529,1
4530,0
4531,1
4532,1
4533,1
4534,1
4535,1
4536,0
4537,0
4538,1
4539,1
4540,1
4541,1
4542,1
4543,1
4544,0
4545,0
4546,0
4547,1
4548,1
4549,1
4550,1
4551,0
4552,1
4553,1
4554,1
4555,1
4556,1
4557,1
4558,0
4559,0
4560,1
4561,1
4562,1
4563,1
4564,1
4565,1
4566,0
4567,0
4568,0
4569,0
4570,0
4571,1
4572,1
4573,1
4574,1
4575,1
4576,1
4577,0
4578,1
4579,1
4580,1
4581,1
4582,1
4583,0
4584,1
4585,0
4586,0
4587,0
4588,0
4589,1
4590,0
4591,1
4592,0
4593,1
4594,1
4595,1
4596,0
4597,1
4598,0
4599,0
4600,1
4601,0
4602,1
4603,1
4604,1
4605,1
4606,1
4607,1
4608,1
4609,1
4610,0
4611,0
4612,1
4613,0
4614,1
4615,1
4616,0
4617,0
4618,1
4619,1
4620,0
4621,1
4622,0
4623,0
4624,1
4625,0
4626,1
4627,1
4628,1
4629,1
4630,1
4631,1
4632,1
4633,1
4634,0
4635,0
4636,1
4637,1
4638,1
4639,0
4640,1
4641,1
4642,1
4643,1
4644,0
4645,0
4646,1
4647,1
4648,0
4649,1
4650,1
4651,1
4652,1
4653,0
4654,1
4655,1
4656,0
4657,1
4658,1
4659,0
4660,1
4661,1
4662,1
4663,0
4664,0
4665,1
4666,1
4667,1
4668,0
4669,1
4670,1
4671,0
4672,1
4673,1
4674,1
4675,0
4676,1
4677,1
4678,0
4679,1
4680,1
4681,1
4682,0
4683,0
4684,0
4685,0
4686,0
4687,1
4688,1
4689,0
4690,0
4691,1
4692,1
4693,1
4694,0
4695,1
4696,1
4697,1
4698,0
4699,1
4700,1
4701,1
4702,1
4703,1
4704,1
4705,0
4706,0
4707,0
4708,0
4709,0
4710,0
4711,1
4712,1
4713,1
4714,1
4715,1
4716,0
4717,0
4718,0
4719,1
4720,1
4721,1
4722,1
4723,1
4724,1
4725,1
4726,1
4727,1
4728,0
4729,1
4730,1
4731,1
4732,1
4733,1
4734,0
4735,0
4736,1
4737,0
4738,0
4739,0
4740,0
4741,1
4742,1
4743,0
4744,1
4745,1
4746,1
4747,1
4748,0
4749,1
4750,1
4751,0
4752,1
4753,0
4754,1
4755,1
4756,1
4757,1
4758,1
4759,1
4760,0
4761,1
4762,0
4763,1
4764,0
4765,1
4766,0
4767,1
4768,1
4769,0
4770,0
4771,1
4772,1
4773,1
4774,1
4775,1
4776,0
4777,0
4778,1
4779,1
4780,0
4781,0
4782,0
4783,1
4784,1
4785,1
4786,0
4787,0
4788,1
4789,0
4790,1
4791,1
4792,1
4793,0
4794,0
4795,1
4796,1
4797,0
4798,0
4799,1
4800,1
4801,1
4802,0
4803,0
4804,1
4805,1
4806,1
4807,1
4808,1
4809,1
4810,1
4811,0
4812,0
4813,1
4814,1
4815,1
4816,0
4817,0
4818,0
4819,0
4820,0
4821,0
4822,1
4823,1
4824,0
4825,1
4826,0
4827,0
4828,1
4829,1
4830,1
4831,1
4832,1
4833,0
4834,0
4835,1
4836,1
4837,1
4838,1
4839,1
4840,1
4841,0
4842,0
4843,1
4844,0
4845,0
4846,1
4847,0
4848,0
4849,0
4850,1
4851,1
4852,1
4853,0
4854,1
4855,0
4856,1
4857,1
4858,1
4859,0
4860,1
4861,1
4862,1
4863,0
4864,0
4865,1
4866,0
4867,0
4868,1
4869,0
4870,0
4871,0
4872,1
4873,1
4874,0
4875,1
4876,1
4877,1
4878,0
4879,0
4880,0
4881,0
4882,0
4883,1
4884,1
4885,1
4886,1
4887,0
4888,1
4889,1
4890,0
4891,1
4892,1
4893,0
4894,1
4895,1
4896,0
4897,0
4898,1
4899,0
4900,1
4901,0
4902,1
4903,1
4904,0
4905,1
4906,1
4907,1
4908,0
4909,0
4910,0
4911,1
4912,1
4913,0
4914,1
4915,0
4916,1
4917,1
4918,1
4919,1
4920,0
4921,1
4922,0
4923,1
4924,1
4925,0
4926,1
4927,0
4928,1
4929,1
4930,0
4931,0
4932,1
4933,0
4934,0
4935,1
4936,0
4937,0
4938,0
4939,0
4940,1
4941,0
4942,0
4943,1
4944,1
4945,1
4946,0
4947,1
4948,0
4949,0
4950,0
4951,0
4952,0
4953,1
4954,1
4955,1
4956,0
4957,1
4958,1
4959,0
4960,1
4961,1
4962,1
4963,0
4964,1
4965,1
4966,1
4967,1
4968,0
4969,0
4970,1
4971,0
4972,0
4973,1
4974,1
4975,0
4976,0
4977,0
4978,1
4979,0
4980,1
4981,1
4982,1
4983,1
4984,0
4985,0
4986,0
4987,1
4988,1
4989,1
4990,0
4991,1
4992,0
4993,0
4994,1
4995,1
4996,1
4997,0
4998,0
4999,0
5000,1
5001,1
5002,1
5003,0
5004,1
5005,1
5006,0
5007,1
5008,0
5009,1
5010,1
5011,0
5012,0
5013,0
5014,0
5015,1
5016,1
5017,1
5018,0
5019,1
5020,1
5021,1
5022,0
5023,1
5024,0
5025,1
5026,1
5027,1
5028,0
5029,0
5030,1
5031,1
5032,1
5033,0
5034,0
5035,0
5036,1
5037,0
5038,0
5039,0
5040,0
5041,1
5042,0
5043,1
5044,1
5045,1
5046,0
5047,1
5048,1
5049,0
5050,0
5051,0
5052,0
5053,0
5054,1
5055,0
5056,0
5057,1
5058,1
5059,1
5060,0
5061,1
5062,1
5063,1
5064,1
5065,0
5066,0
5067,1
5068,0
5069,1
5070,1
5071,1
5072,1
5073,1
5074,0
5075,1
5076,1
5077,1
5078,1
5079,0
5080,1
5081,1
5082,0
5083,1
5084,0
5085,0
5086,1
5087,0
5088,1
5089,1
5090,1
5091,1
5092,1
5093,1
5094,0
5095,1
5096,0
5097,0
5098,1
5099,0
5100,1
5101,1
5102,1
5103,1
5104,1
5105,1
5106,1
5107,1
5108,1
5109,0
5110,1
5111,0
5112,1
5113,1
5114,1
5115,1
5116,0
5117,0
5118,0
5119,1
5120,1
5121,0
5122,1
5123,0
5124,1
5125,1
5126,1
5127,0
5128,1
5129,1
5130,0
5131,0
5132,1
5133,0
5134,1
5135,0
5136,0
5137,1
5138,0
5139,1
5140,1
5141,1
5142,1
5143,1
5144,1
5145,0
5146,1
5147,0
5148,1
5149,1
5150,1
5151,0
5152,0
5153,0
5154,1
5155,0
5156,1
5157,0
5158,1
5159,1
5160,0
5161,1
5162,1
5163,1
5164,0
5165,1
5166,1
5167,1
5168,1
5169,1
5170,0
5171,1
5172,1
5173,0
5174,0
5175,0
5176,1
5177,0
5178,0
5179,1
5180,0
5181,0
5182,1
5183,1
5184,0
5185,0
5186,1
5187,0
5188,1
5189,1
5190,0
5191,0
5192,1
5193,1
5194,1
5195,0
5196,0
5197,1
5198,1
5199,0
5200,1
5201,1
5202,0
5203,0
5204,1
5205,0
5206,1
5207,1
5208,1
5209,1
5210,0
5211,0
5212,0
5213,1
5214,1
5215,1
5216,1
5217,0
5218,1
5219,1
5220,1
5221,1
5222,0
5223,0
5224,0
5225,0
5226,1
5227,0
5228,1
5229,0
5230,0
5231,1
5232,1
5233,1
5234,0
5235,0
5236,0
5237,1
5238,1
5239,0
5240,0
5241,1
5242,1
5243,0
5244,0
5245,1
5246,1
5247,1
5248,1
5249,1
5250,1
5251,1
5252,1
5253,1
5254,1
5255,1
5256,1
5257,1
5258,0
5259,0
5260,1
5261,1
5262,0
5263,1
5264,0
5265,0
5266,1
5267,1
5268,0
5269,0
5270,1
5271,0
5272,0
5273,0
5274,0
5275,1
5276,1
5277,1
5278,0
5279,0
5280,0
5281,1
5282,0
5283,1
5284,1
5285,1
5286,0
5287,1
5288,1
5289,0
5290,0
5291,1
5292,0
5293,1
5294,1
5295,1
5296,0
5297,0
5298,0
5299,1
5300,1
5301,1
5302,1
5303,0
5304,0
5305,1
5306,0
5307,1
5308,0
5309,0
5310,1
5311,1
5312,1
5313,1
5314,1
5315,0
5316,1
5317,0
5318,0
5319,1
5320,1
5321,1
5322,1
5323,1
5324,1
5325,0
5326,1
5327,1
5328,1
5329,1
5330,0
5331,0
5332,0
5333,0
5334,1
5335,1
5336,1
5337,0
5338,1
5339,1
5340,1
5341,1
5342,0
5343,1
5344,1
5345,0
5346,1
5347,0
5348,1
5349,0
5350,1
5351,0
5352,1
5353,0
5354,1
5355,0
5356,1
5357,1
5358,1
5359,1
5360,1
5361,0
5362,1
5363,1
5364,0
5365,0
5366,0
5367,0
5368,1
5369,0
5370,1
5371,0
5372,1
5373,0
5374,0
5375,1
5376,1
5377,1
5378,1
5379,0
5380,1
5381,1
5382,1
5383,0
5384,0
5385,0
5386,1
5387,0
5388,1
5389,1
5390,0
5391,1
5392,1
5393,0
5394,0
5395,0
5396,1
5397,1
5398,1
5399,0
5400,1
5401,1
5402,0
5403,0
5404,0
5405,1
5406,1
5407,0
5408,1
5409,1
5410,1
5411,1
5412,1
5413,0
5414,1
5415,1
5416,0
5417,1
5418,0
5419,1
5420,1
5421,1
5422,1
5423,0
5424,0
5425,1
5426,1
5427,1
5428,0
5429,1
5430,1
5431,1
5432,1
5433,0
5434,0
5435,0
5436,0
5437,0
5438,1
5439,1
5440,0
5441,0
5442,1
5443,1
5444,0
5445,0
5446,1
5447,1
5448,0
5449,1
5450,1
5451,0
5452,0
5453,0
5454,1
5455,0
5456,0
5457,0
5458,1
5459,1
5460,1
5461,0
5462,0
5463,0
5464,1
5465,0
5466,1
5467,0
5468,1
5469,0
5470,1
5471,1
5472,0
5473,1
5474,1
5475,1
5476,0
5477,1
5478,0
5479,1
5480,1
5481,1
5482,1
5483,0
5484,0
5485,1
5486,0
5487,0
5488,0
5489,1
5490,0
5491,1
5492,0
5493,1
5494,1
5495,0
5496,1
5497,0
5498,0
5499,1
5500,1
5501,0
5502,0
5503,0
5504,0
5505,0
5506,0
5507,1
5508,1
5509,1
5510,0
5511,1
5512,1
5513,1
5514,1
5515,0
5516,1
5517,0
5518,1
5519,1
5520,1
5521,1
5522,0
5523,0
5524,0
5525,0
5526,1
5527,1
5528,0
5529,1
5530,1
5531,1
5532,1
5533,1
5534,0
5535,0
5536,1
5537,1
5538,1
5539,0
5540,1
5541,0
5542,0
5543,1
5544,0
5545,0
5546,0
5547,0
5548,0
5549,0
5550,0
5551,0
5552,0
5553,1
5554,1
5555,1
5556,1
5557,0
5558,1
5559,0
5560,0
5561,1
5562,0
5563,1
5564,1
5565,1
5566,1
5567,0
5568,1
5569,0
5570,0
5571,0
5572,0
5573,1
5574,0
5575,0
5576,0
5577,1
5578,1
5579,1
5580,0
5581,1
5582,0
5583,1
5584,0
5585,1
5586,1
5587,1
5588,0
5589,1
5590,1
5591,1
5592,1
5593,1
5594,1
5595,1
5596,1
5597,0
5598,1
5599,1
5600,1
5601,0
5602,1
5603,0
5604,0
5605,1
5606,1
5607,1
5608,1
5609,0
5610,1
5611,1
5612,1
5613,0
5614,1
5615,0
5616,0
5617,0
5618,1
5619,1
5620,0
5621,1
5622,1
5623,1
5624,1
5625,1
5626,0
5627,0
5628,1
5629,0
5630,0
5631,1
5632,0
5633,0
5634,1
5635,0
5636,1
5637,0
5638,1
5639,1
5640,1
5641,0
5642,0
5643,1
5644,1
5645,0
5646,0
5647,1
5648,0
5649,1
5650,1
5651,1
5652,0
5653,1
5654,0
5655,1
5656,1
5657,1
5658,1
5659,0
5660,1
5661,1
5662,0
5663,1
5664,1
5665,1
5666,1
5667,1
5668,1
5669,1
5670,0
5671,1
5672,1
5673,1
5674,1
5675,1
5676,0
5677,0
5678,0
5679,0
5680,0
5681,1
5682,1
5683,1
5684,1
5685,1
5686,0
5687,1
5688,1
5689,1
5690,1
5691,1
5692,0
5693,1
5694,1
5695,1
5696,0
5697,1
5698,1
5699,1
5700,1
5701,1
5702,1
5703,1
5704,1
5705,1
5706,1
5707,1
5708,0
5709,1
5710,1
5711,0
5712,0
5713,0
5714,0
5715,1
5716,1
5717,1
5718,1
5719,0
5720,1
5721,0
5722,0
5723,0
5724,1
5725,0
5726,0
5727,0
5728,1
5729,0
5730,1
5731,0
5732,1
5733,1
5734,1
5735,1
5736,1
5737,1
5738,0
5739,0
5740,0
5741,1
5742,1
5743,0
5744,1
5745,1
5746,1
5747,0
5748,1
5749,0
5750,1
5751,0
5752,1
5753,0
5754,0
5755,1
5756,1
5757,1
5758,0
5759,1
5760,1
5761,1
5762,1
5763,1
5764,1
5765,0
5766,0
5767,1
5768,0
5769,0
5770,0
5771,1
5772,1
5773,1
5774,1
5775,1
5776,1
5777,0
5778,1
5779,0
5780,1
5781,0
5782,0
5783,1
5784,1
5785,1
5786,1
5787,1
5788,1
5789,1
5790,1
5791,1
5792,0
5793,0
5794,1
5795,1
5796,1
5797,0
5798,0
5799,1
5800,1
5801,1
5802,1
5803,1
5804,1
5805,1
5806,1
5807,1
5808,1
5809,0
5810,0
5811,1
5812,1
5813,0
5814,1
5815,0
5816,1
5817,1
5818,1
5819,1
5820,1
5821,1
5822,1
5823,1
5824,0
5825,0
5826,1
5827,0
5828,1
5829,1
5830,1
5831,1
5832,1
5833,0
5834,0
5835,0
5836,0
5837,1
5838,0
5839,1
5840,0
5841,1
5842,1
5843,0
5844,1
5845,0
5846,0
5847,1
5848,1
5849,0
5850,1
5851,1
5852,1
5853,0
5854,1
5855,0
5856,1
5857,1
5858,0
5859,0
5860,1
5861,1
5862,1
5863,1
5864,1
5865,0
5866,0
5867,0
5868,1
5869,1
5870,1
5871,1
5872,0
5873,0
5874,0
5875,0
5876,1
5877,1
5878,1
5879,1
5880,0
5881,1
5882,0
5883,1
5884,1
5885,0
5886,0
5887,0
5888,1
5889,1
5890,0
5891,1
5892,1
5893,1
5894,0
5895,0
5896,1
5897,1
5898,1
5899,1
5900,1
5901,1
5902,1
5903,1
5904,0
5905,1
5906,1
5907,1
5908,0
5909,0
5910,0
5911,1
5912,1
5913,0
5914,1
5915,1
5916,0
5917,1
5918,1
5919,1
5920,0
5921,0
5922,1
5923,0
5924,1
5925,1
5926,0
5927,1
5928,1
5929,1
5930,0
5931,0
5932,1
5933,0
5934,1
5935,1
5936,1
5937,0
5938,0
5939,1
5940,1
5941,1
5942,1
5943,1
5944,0
5945,1
5946,0
5947,0
5948,0
5949,1
5950,0
5951,0
5952,0
