"ID","Choice"
1,0
2,0
3,0
4,1
5,0
6,1
7,0
8,1
9,0
10,1
11,0
12,1
13,0
14,0
15,1
16,1
17,1
18,0
19,1
20,0
21,1
22,1
23,1
24,1
25,0
26,0
27,1
28,0
29,1
30,0
31,1
32,1
33,1
34,1
35,0
36,1
37,1
38,0
39,1
40,1
41,1
42,0
43,0
44,1
45,1
46,1
47,1
48,0
49,1
50,0
51,1
52,0
53,0
54,1
55,1
56,1
57,0
58,1
59,0
60,1
61,1
62,1
63,1
64,1
65,0
66,0
67,0
68,1
69,0
70,1
71,1
72,1
73,0
74,1
75,0
76,1
77,0
78,1
79,0
80,0
81,1
82,0
83,0
84,1
85,0
86,0
87,0
88,0
89,1
90,1
91,1
92,0
93,0
94,1
95,0
96,0
97,1
98,0
99,0
100,0
101,0
102,1
103,1
104,0
105,0
106,1
107,1
108,0
109,1
110,1
111,1
112,0
113,1
114,1
115,1
116,1
117,0
118,1
119,1
120,1
121,1
122,1
123,1
124,1
125,1
126,1
127,1
128,0
129,1
130,1
131,0
132,0
133,0
134,1
135,0
136,1
137,1
138,1
139,1
140,0
141,1
142,1
143,0
144,1
145,1
146,0
147,1
148,0
149,0
150,1
151,0
152,1
153,1
154,1
155,1
156,0
157,1
158,1
159,0
160,0
161,0
162,1
163,0
164,1
165,0
166,1
167,1
168,1
169,1
170,1
171,1
172,0
173,0
174,0
175,0
176,0
177,0
178,1
179,0
180,1
181,0
182,0
183,1
184,0
185,0
186,1
187,1
188,1
189,1
190,1
191,1
192,1
193,0
194,0
195,1
196,1
197,1
198,1
199,1
200,0
201,1
202,1
203,0
204,0
205,1
206,0
207,0
208,0
209,0
210,0
211,1
212,1
213,1
214,1
215,1
216,0
217,1
218,1
219,1
220,1
221,0
222,1
223,0
224,0
225,0
226,1
227,1
228,0
229,1
230,1
231,0
232,1
233,1
234,1
235,1
236,0
237,0
238,1
239,1
240,1
241,1
242,1
243,1
244,1
245,0
246,1
247,0
248,1
249,1
250,0
251,1
252,1
253,1
254,1
255,0
256,1
257,0
258,0
259,1
260,1
261,0
262,1
263,1
264,1
265,1
266,0
267,1
268,0
269,1
270,1
271,0
272,1
273,0
274,0
275,1
276,1
277,1
278,1
279,1
280,0
281,0
282,0
283,0
284,1
285,1
286,1
287,1
288,1
289,0
290,0
291,1
292,1
293,1
294,1
295,1
296,1
297,1
298,1
299,1
300,1
301,0
302,0
303,1
304,1
305,1
306,0
307,0
308,0
309,1
310,0
311,0
312,1
313,0
314,1
315,1
316,0
317,1
318,0
319,1
320,0
321,1
322,1
323,0
324,1
325,1
326,0
327,1
328,1
329,1
330,0
331,1
332,1
333,1
334,0
335,1
336,1
337,1
338,0
339,1
340,1
341,1
342,1
343,1
344,0
345,0
346,1
347,1
348,1
349,1
350,0
351,0
352,0
353,0
354,0
355,0
356,1
357,1
358,0
359,1
360,1
361,0
362,1
363,1
364,0
365,1
366,0
367,0
368,1
369,1
370,1
371,0
372,0
373,1
374,1
375,0
376,1
377,1
378,0
379,1
380,0
381,0
382,1
383,1
384,0
385,1
386,1
387,0
388,0
389,0
390,1
391,1
392,1
393,0
394,0
395,1
396,1
397,1
398,1
399,1
400,0
401,1
402,1
403,0
404,1
405,0
406,1
407,0
408,1
409,1
410,0
411,0
412,1
413,0
414,1
415,1
416,0
417,0
418,0
419,1
420,1
421,1
422,1
423,1
424,1
425,0
426,0
427,1
428,1
429,1
430,1
431,0
432,1
433,1
434,0
435,0
436,1
437,1
438,0
439,0
440,1
441,1
442,1
443,1
444,0
445,1
446,1
447,0
448,0
449,1
450,1
451,0
452,1
453,0
454,0
455,1
456,0
457,1
458,1
459,1
460,1
461,1
462,1
463,0
464,1
465,0
466,0
467,1
468,1
469,1
470,1
471,0
472,1
473,1
474,1
475,0
476,1
477,1
478,1
479,0
480,1
481,1
482,1
483,0
484,1
485,0
486,0
487,1
488,0
489,1
490,1
491,1
492,0
493,1
494,0
495,1
496,0
497,0
498,1
499,1
500,0
501,0
502,0
503,1
504,1
505,1
506,1
507,0
508,1
509,0
510,0
511,0
512,0
513,0
514,1
515,0
516,1
517,0
518,0
519,1
520,1
521,1
522,1
523,1
524,0
525,0
526,0
527,1
528,1
529,1
530,1
531,1
532,1
533,0
534,1
535,0
536,1
537,1
538,0
539,0
540,0
541,0
542,1
543,0
544,1
545,0
546,1
547,1
548,1
549,1
550,0
551,1
552,0
553,1
554,1
555,1
556,0
557,1
558,0
559,1
560,0
561,1
562,1
563,1
564,1
565,1
566,0
567,1
568,1
569,0
570,1
571,1
572,1
573,1
574,1
575,1
576,1
577,0
578,1
579,0
580,1
581,1
582,1
583,0
584,1
585,1
586,1
587,1
588,0
589,0
590,1
591,1
592,0
593,0
594,1
595,1
596,0
597,1
598,1
599,0
600,0
601,0
602,0
603,0
604,1
605,0
606,1
607,0
608,0
609,0
610,1
611,1
612,0
613,1
614,1
615,0
616,0
617,0
618,1
619,0
620,1
621,0
622,0
623,1
624,1
625,0
626,1
627,1
628,1
629,0
630,1
631,0
632,1
633,1
634,1
635,1
636,1
637,0
638,0
639,1
640,0
641,1
642,0
643,1
644,1
645,1
646,1
647,0
648,1
649,1
650,1
651,1
652,1
653,1
654,0
655,0
656,1
657,0
658,0
659,0
660,1
661,1
662,1
663,1
664,1
665,1
666,0
667,1
668,0
669,0
670,1
671,0
672,0
673,1
674,1
675,0
676,0
677,1
678,1
679,1
680,1
681,1
682,0
683,1
684,1
685,1
686,0
687,1
688,0
689,1
690,1
691,1
692,0
693,1
694,1
695,0
696,1
697,1
698,0
699,0
700,1
701,1
702,0
703,0
704,0
705,1
706,1
707,1
708,0
709,1
710,1
711,0
712,0
713,1
714,0
715,0
716,0
717,1
718,1
719,0
720,1
721,1
722,0
723,0
724,1
725,0
726,1
727,0
728,1
729,1
730,0
731,1
732,0
733,1
734,1
735,1
736,1
737,1
738,1
739,1
740,0
741,1
742,1
743,0
744,1
745,0
746,1
747,1
748,0
749,1
750,0
751,1
752,0
753,0
754,1
755,0
756,1
757,0
758,1
759,1
760,1
761,0
762,1
763,0
764,0
765,0
766,0
767,0
768,0
769,1
770,1
771,0
772,1
773,1
774,1
775,1
776,1
777,0
778,1
779,0
780,0
781,1
782,1
783,1
784,1
785,1
786,1
787,1
788,1
789,1
790,1
791,1
792,0
793,1
794,0
795,1
796,1
797,0
798,1
799,0
800,0
801,1
802,1
803,0
804,1
805,0
806,0
807,0
808,1
809,1
810,1
811,0
812,0
813,1
814,1
815,1
816,0
817,1
818,1
819,1
820,1
821,0
822,1
823,1
824,0
825,0
826,0
827,1
828,1
829,0
830,1
831,0
832,0
833,1
834,1
835,0
836,0
837,1
838,1
839,1
840,1
841,1
842,1
843,0
844,1
845,1
846,1
847,0
848,0
849,0
850,1
851,0
852,1
853,1
854,1
855,1
856,1
857,0
858,1
859,0
860,0
861,1
862,1
863,1
864,0
865,1
866,1
867,0
868,1
869,1
870,0
871,1
872,0
873,0
874,1
875,0
876,1
877,0
878,1
879,1
880,0
881,1
882,1
883,1
884,1
885,1
886,1
887,1
888,1
889,1
890,1
891,1
892,0
893,1
894,0
895,1
896,0
897,0
898,0
899,0
900,0
901,0
902,1
903,1
904,1
905,0
906,0
907,0
908,1
909,1
910,1
911,0
912,1
913,0
914,1
915,1
916,0
917,0
918,1
919,1
920,1
921,1
922,0
923,0
924,1
925,1
926,1
927,0
928,1
929,0
930,1
931,0
932,0
933,0
934,1
935,1
936,1
937,0
938,1
939,1
940,1
941,0
942,1
943,0
944,0
945,1
946,1
947,0
948,0
949,1
950,1
951,1
952,1
953,1
954,0
955,1
956,1
957,1
958,0
959,1
960,1
961,1
962,0
963,1
964,0
965,1
966,1
967,1
968,1
969,1
970,1
971,0
972,1
973,1
974,1
975,0
976,0
977,0
978,0
979,1
980,1
981,1
982,1
983,0
984,0
985,1
986,0
987,0
988,1
989,0
990,0
991,0
992,1
993,1
994,0
995,1
996,1
997,1
998,0
999,0
1000,1
1001,1
1002,0
1003,1
1004,1
1005,1
1006,1
1007,1
1008,1
1009,1
1010,1
1011,1
1012,1
1013,0
1014,0
1015,0
1016,1
1017,1
1018,0
1019,1
1020,1
1021,0
1022,1
1023,1
1024,0
1025,1
1026,0
1027,0
1028,0
1029,0
1030,0
1031,0
1032,1
1033,1
1034,1
1035,1
1036,0
1037,0
1038,1
1039,1
1040,1
1041,0
1042,1
1043,0
1044,1
1045,0
1046,1
1047,1
1048,0
1049,0
1050,1
1051,1
1052,1
1053,0
1054,0
1055,0
1056,1
1057,0
1058,1
1059,0
1060,1
1061,1
1062,1
1063,1
1064,0
1065,0
1066,1
1067,1
1068,0
1069,1
1070,1
1071,1
1072,1
1073,1
1074,0
1075,0
1076,1
1077,1
1078,1
1079,0
1080,0
1081,1
1082,0
1083,1
1084,0
1085,1
1086,0
1087,0
1088,1
1089,0
1090,1
1091,0
1092,1
1093,0
1094,1
1095,0
1096,1
1097,1
1098,1
1099,1
1100,1
1101,1
1102,0
1103,1
1104,1
1105,1
1106,0
1107,1
1108,0
1109,1
1110,0
1111,0
1112,1
1113,0
1114,0
1115,1
1116,0
1117,0
1118,0
1119,0
1120,0
1121,1
1122,1
1123,0
1124,1
1125,1
1126,0
1127,0
1128,0
1129,0
1130,1
1131,1
1132,0
1133,0
1134,1
1135,0
1136,0
1137,1
1138,0
1139,1
1140,0
1141,1
1142,1
1143,0
1144,0
1145,1
1146,1
1147,1
1148,0
1149,1
1150,1
1151,0
1152,0
1153,1
1154,0
1155,0
1156,1
1157,1
1158,1
1159,1
1160,1
1161,0
1162,0
1163,0
1164,1
1165,1
1166,0
1167,0
1168,0
1169,0
1170,0
1171,0
1172,1
1173,1
1174,0
1175,1
1176,0
1177,1
1178,0
1179,0
1180,0
1181,1
1182,1
1183,1
1184,0
1185,1
1186,1
1187,1
1188,0
1189,1
1190,1
1191,1
1192,0
1193,1
1194,0
1195,1
1196,1
1197,0
1198,0
1199,1
1200,1
1201,0
1202,0
1203,1
1204,1
1205,1
1206,1
1207,0
1208,0
1209,1
1210,1
1211,0
1212,1
1213,0
1214,1
1215,0
1216,1
1217,0
1218,0
1219,1
1220,1
1221,1
1222,1
1223,0
1224,0
1225,1
1226,1
1227,1
1228,0
1229,1
1230,1
1231,1
1232,1
1233,0
1234,0
1235,1
1236,0
1237,0
1238,0
1239,0
1240,0
1241,0
1242,0
1243,0
1244,0
1245,0
1246,1
1247,1
1248,0
1249,1
1250,1
1251,0
1252,0
1253,1
1254,1
1255,1
1256,1
1257,1
1258,1
1259,1
1260,0
1261,1
1262,0
1263,1
1264,0
1265,1
1266,0
1267,1
1268,0
1269,1
1270,1
1271,1
1272,1
1273,0
1274,0
1275,0
1276,0
1277,0
1278,0
1279,1
1280,1
1281,0
1282,0
1283,1
1284,0
1285,0
1286,1
1287,1
1288,1
1289,0
1290,1
1291,1
1292,1
1293,0
1294,0
1295,1
1296,0
1297,1
1298,0
1299,0
1300,1
1301,0
1302,0
1303,0
1304,1
1305,1
1306,0
1307,1
1308,0
1309,1
1310,0
1311,1
1312,0
1313,0
1314,0
1315,1
1316,1
1317,1
1318,0
1319,1
1320,1
1321,1
1322,1
1323,0
1324,1
1325,1
1326,1
1327,0
1328,1
1329,0
1330,0
1331,0
1332,1
1333,1
1334,1
1335,1
1336,1
1337,1
1338,0
1339,1
1340,1
1341,0
1342,1
1343,0
1344,1
1345,1
1346,0
1347,1
1348,0
1349,1
1350,1
1351,0
1352,0
1353,1
1354,1
1355,0
1356,1
1357,1
1358,0
1359,1
1360,0
1361,1
1362,1
1363,1
1364,0
1365,1
1366,1
1367,1
1368,0
1369,0
1370,1
1371,0
1372,0
1373,0
1374,1
1375,0
1376,1
1377,1
1378,1
1379,1
1380,0
1381,1
1382,1
1383,1
1384,0
1385,1
1386,0
1387,1
1388,1
1389,1
1390,0
1391,0
1392,1
1393,1
1394,0
1395,0
1396,1
1397,1
1398,1
1399,1
1400,0
1401,1
1402,0
1403,1
1404,1
1405,1
1406,1
1407,1
1408,0
1409,1
1410,0
1411,0
1412,1
1413,0
1414,0
1415,0
1416,1
1417,1
1418,0
1419,1
1420,0
1421,1
1422,0
1423,0
1424,1
1425,1
1426,1
1427,1
1428,0
1429,1
1430,1
1431,1
1432,1
1433,0
1434,1
1435,1
1436,1
1437,0
1438,0
1439,0
1440,1
1441,0
1442,1
1443,1
1444,1
1445,1
1446,1
1447,1
1448,1
1449,1
1450,0
1451,0
1452,0
1453,1
1454,1
1455,0
1456,0
1457,0
1458,1
1459,1
1460,1
1461,0
1462,1
1463,1
1464,0
1465,0
1466,1
1467,0
1468,1
1469,1
1470,1
1471,1
1472,0
1473,1
1474,1
1475,1
1476,1
1477,0
1478,1
1479,0
1480,1
1481,1
1482,1
1483,1
1484,1
1485,1
1486,0
1487,1
1488,1
1489,1
1490,0
1491,0
1492,0
1493,1
1494,1
1495,1
1496,1
1497,1
1498,0
1499,1
1500,0
1501,0
1502,0
1503,1
1504,1
1505,1
1506,1
1507,1
1508,1
1509,0
1510,1
1511,1
1512,1
1513,1
1514,0
1515,1
1516,0
1517,0
1518,0
1519,1
1520,1
1521,0
1522,0
1523,1
1524,1
1525,0
1526,0
1527,0
1528,1
1529,1
1530,0
1531,1
1532,1
1533,0
1534,0
1535,1
1536,0
1537,0
1538,1
1539,1
1540,0
1541,1
1542,1
1543,0
1544,1
1545,1
1546,1
1547,0
1548,0
1549,1
1550,0
1551,0
1552,1
1553,1
1554,0
1555,0
1556,0
1557,0
1558,1
1559,0
1560,0
1561,0
1562,0
1563,0
1564,0
1565,1
1566,0
1567,1
1568,1
1569,0
1570,1
1571,1
1572,0
1573,1
1574,1
1575,1
1576,1
1577,0
1578,0
1579,1
1580,1
1581,1
1582,1
1583,0
1584,0
1585,0
1586,0
1587,1
1588,1
1589,1
1590,1
1591,0
1592,1
1593,1
1594,0
1595,0
1596,1
1597,1
1598,1
1599,0
1600,0
1601,0
1602,1
1603,0
1604,1
1605,0
1606,1
1607,1
1608,0
1609,0
1610,1
1611,1
1612,0
1613,0
1614,0
1615,0
1616,1
1617,1
1618,0
1619,1
1620,0
1621,1
1622,0
1623,0
1624,1
1625,0
1626,1
1627,1
1628,1
1629,0
1630,0
1631,1
1632,1
1633,0
1634,0
1635,1
1636,0
1637,0
1638,1
1639,0
1640,1
1641,1
1642,1
1643,1
1644,1
1645,0
1646,1
1647,1
1648,1
1649,0
1650,0
1651,1
1652,1
1653,0
1654,1
1655,1
1656,1
1657,0
1658,1
1659,0
1660,0
1661,1
1662,1
1663,0
1664,1
1665,1
1666,1
1667,0
1668,0
1669,0
1670,0
1671,1
1672,1
1673,1
1674,0
1675,0
1676,0
1677,0
1678,0
1679,1
1680,1
1681,0
1682,1
1683,0
1684,1
1685,0
1686,1
1687,0
1688,1
1689,1
1690,0
1691,1
1692,1
1693,1
1694,0
1695,0
1696,1
1697,0
1698,0
1699,0
1700,1
1701,1
1702,1
1703,0
1704,1
1705,0
1706,1
1707,1
1708,0
1709,1
1710,0
1711,1
1712,0
1713,1
1714,0
1715,1
1716,1
1717,1
1718,1
1719,0
1720,1
1721,1
1722,0
1723,1
1724,0
1725,0
1726,1
1727,1
1728,1
1729,0
1730,0
1731,1
1732,0
1733,0
1734,0
1735,0
1736,0
1737,1
1738,1
1739,1
1740,1
1741,1
1742,1
1743,1
1744,1
1745,0
1746,1
1747,1
1748,1
1749,1
1750,0
1751,0
1752,1
1753,0
1754,0
1755,1
1756,1
1757,1
1758,1
1759,1
1760,1
1761,1
1762,0
1763,1
1764,0
1765,0
1766,1
1767,0
1768,1
1769,0
1770,1
1771,1
1772,1
1773,0
1774,0
1775,1
1776,1
1777,0
1778,0
1779,0
1780,0
1781,0
1782,1
1783,1
1784,0
1785,1
1786,0
1787,1
1788,1
1789,1
1790,0
1791,1
1792,0
1793,1
1794,1
1795,1
1796,1
1797,1
1798,1
1799,0
1800,1
1801,0
1802,1
1803,1
1804,1
1805,0
1806,0
1807,1
1808,1
1809,1
1810,0
1811,0
1812,1
1813,1
1814,1
1815,0
1816,1
1817,1
1818,1
1819,0
1820,1
1821,0
1822,0
1823,1
1824,1
1825,1
1826,1
1827,1
1828,0
1829,1
1830,0
1831,1
1832,0
1833,1
1834,1
1835,0
1836,1
1837,1
1838,0
1839,1
1840,0
1841,1
1842,0
1843,1
1844,0
1845,1
1846,0
1847,1
1848,1
1849,0
1850,1
1851,1
1852,1
1853,0
1854,0
1855,0
1856,0
1857,0
1858,1
1859,1
1860,1
1861,1
1862,1
1863,1
1864,1
1865,1
1866,0
1867,1
1868,1
1869,1
1870,0
1871,1
1872,0
1873,1
1874,1
1875,1
1876,0
1877,0
1878,0
1879,0
1880,1
1881,0
1882,1
1883,1
1884,0
1885,0
1886,1
1887,0
1888,1
1889,0
1890,1
1891,1
1892,0
1893,1
1894,0
1895,1
1896,0
1897,0
1898,1
1899,1
1900,0
1901,0
1902,0
1903,0
1904,0
1905,0
1906,1
1907,0
1908,1
1909,1
1910,0
1911,0
1912,1
1913,1
1914,0
1915,0
1916,0
1917,1
1918,1
1919,0
1920,0
1921,1
1922,1
1923,0
1924,1
1925,0
1926,0
1927,0
1928,1
1929,1
1930,1
1931,0
1932,1
1933,1
1934,0
1935,0
1936,1
1937,1
1938,1
1939,1
1940,1
1941,1
1942,0
1943,1
1944,1
1945,1
1946,1
1947,1
1948,0
1949,0
1950,0
1951,0
1952,1
1953,0
1954,1
1955,0
1956,1
1957,1
1958,0
1959,1
1960,0
1961,0
1962,0
1963,0
1964,1
1965,0
1966,1
1967,1
1968,1
1969,1
1970,1
1971,0
1972,1
1973,1
1974,0
1975,0
1976,1
1977,1
1978,1
1979,1
1980,1
1981,1
1982,0
1983,0
1984,1
1985,1
1986,1
1987,1
1988,1
1989,1
1990,1
1991,0
1992,1
1993,0
1994,0
1995,1
1996,0
1997,1
1998,1
1999,0
2000,0
2001,0
2002,0
2003,1
2004,1
2005,1
2006,1
2007,1
2008,1
2009,1
2010,1
2011,1
2012,0
2013,0
2014,1
2015,1
2016,0
2017,0
2018,1
2019,1
2020,0
2021,1
2022,1
2023,0
2024,1
2025,0
2026,1
2027,0
2028,0
2029,1
2030,1
2031,0
2032,1
2033,1
2034,1
2035,1
2036,0
2037,0
2038,1
2039,1
2040,1
2041,1
2042,1
2043,1
2044,0
2045,0
2046,0
2047,1
2048,1
2049,1
2050,1
2051,0
2052,1
2053,0
2054,1
2055,0
2056,1
2057,0
2058,0
2059,0
2060,1
2061,0
2062,1
2063,1
2064,1
2065,1
2066,1
2067,1
2068,1
2069,0
2070,0
2071,0
2072,0
2073,1
2074,1
2075,0
2076,0
2077,1
2078,0
2079,1
2080,1
2081,1
2082,1
2083,1
2084,1
2085,0
2086,0
2087,1
2088,0
2089,1
2090,1
2091,0
2092,0
2093,0
2094,1
2095,1
2096,1
2097,1
2098,1
2099,0
2100,1
2101,1
2102,1
2103,0
2104,1
2105,1
2106,1
2107,1
2108,0
2109,1
2110,0
2111,1
2112,0
2113,1
2114,1
2115,1
2116,1
2117,1
2118,1
2119,0
2120,0
2121,0
2122,1
2123,0
2124,1
2125,1
2126,0
2127,0
2128,1
2129,1
2130,0
2131,1
2132,0
2133,1
2134,1
2135,1
2136,0
2137,0
2138,1
2139,1
2140,1
2141,1
2142,1
2143,1
2144,0
2145,1
2146,1
2147,1
2148,1
2149,1
2150,1
2151,0
2152,0
2153,0
2154,1
2155,1
2156,0
2157,0
2158,0
2159,1
2160,1
2161,0
2162,0
2163,0
2164,0
2165,1
2166,1
2167,1
2168,0
2169,0
2170,1
2171,0
2172,0
2173,0
2174,1
2175,1
2176,0
2177,1
2178,1
2179,0
2180,1
2181,1
2182,0
2183,0
2184,0
2185,0
2186,1
2187,0
2188,0
2189,1
2190,0
2191,0
2192,1
2193,1
2194,1
2195,1
2196,0
2197,1
2198,0
2199,1
2200,1
2201,0
2202,0
2203,0
2204,1
2205,1
2206,0
2207,1
2208,1
2209,1
2210,1
2211,1
2212,0
2213,0
2214,0
2215,1
2216,0
2217,1
2218,0
2219,1
2220,1
2221,0
2222,1
2223,1
2224,1
2225,0
2226,1
2227,0
2228,0
2229,1
2230,0
2231,1
2232,1
2233,0
2234,0
2235,1
2236,1
2237,1
2238,0
2239,1
2240,0
2241,1
2242,0
2243,1
2244,1
2245,0
2246,1
2247,1
2248,0
2249,1
2250,1
2251,1
2252,0
2253,0
2254,0
2255,1
2256,0
2257,0
2258,1
2259,0
2260,1
2261,0
2262,0
2263,1
2264,1
2265,0
2266,1
2267,0
2268,1
2269,1
2270,1
2271,0
2272,1
2273,1
2274,1
2275,1
2276,1
2277,0
2278,0
2279,0
2280,1
2281,1
2282,1
2283,0
2284,1
2285,0
2286,1
2287,0
2288,0
2289,1
2290,0
2291,0
2292,1
2293,1
2294,1
2295,1
2296,0
2297,1
2298,0
2299,1
2300,0
2301,1
2302,1
2303,1
2304,0
2305,1
2306,0
2307,1
2308,0
2309,1
2310,1
2311,0
2312,0
2313,0
2314,1
2315,1
2316,1
2317,1
2318,1
2319,0
2320,0
2321,1
2322,1
2323,1
2324,1
2325,1
2326,1
2327,0
2328,1
2329,1
2330,0
2331,0
2332,0
2333,1
2334,1
2335,1
2336,1
2337,1
2338,1
2339,1
2340,0
2341,1
2342,0
2343,1
2344,1
2345,0
2346,1
2347,0
2348,0
2349,0
2350,1
2351,0
2352,0
2353,0
2354,1
2355,1
2356,1
2357,1
2358,1
2359,0
2360,1
2361,1
2362,1
2363,1
2364,1
2365,1
2366,0
2367,0
2368,1
2369,1
2370,1
2371,0
2372,1
2373,1
2374,0
2375,1
2376,0
2377,0
2378,1
2379,1
2380,0
2381,1
2382,0
2383,0
2384,0
2385,0
2386,1
2387,0
2388,1
2389,0
2390,0
2391,0
2392,0
2393,1
2394,1
2395,0
2396,1
2397,0
2398,0
2399,1
2400,1
2401,0
2402,1
2403,0
2404,1
2405,1
2406,0
2407,0
2408,0
2409,1
2410,1
2411,1
2412,1
2413,0
2414,1
2415,1
2416,1
2417,1
2418,1
2419,0
2420,1
2421,1
2422,0
2423,0
2424,0
2425,1
2426,0
2427,1
2428,1
2429,1
2430,1
2431,1
2432,0
2433,0
2434,1
2435,1
2436,1
2437,1
2438,1
2439,1
2440,0
2441,1
2442,1
2443,1
2444,1
2445,1
2446,0
2447,1
2448,0
2449,1
2450,1
2451,0
2452,0
2453,1
2454,1
2455,1
2456,1
2457,0
2458,0
2459,1
2460,1
2461,0
2462,0
2463,1
2464,1
2465,1
2466,1
2467,1
2468,1
2469,1
2470,1
2471,1
2472,0
2473,1
2474,1
2475,1
2476,1
2477,1
2478,0
2479,0
2480,1
2481,0
2482,1
2483,1
2484,1
2485,1
2486,1
2487,1
2488,0
2489,1
2490,1
2491,1
2492,0
2493,1
2494,0
2495,0
2496,1
2497,0
2498,0
2499,1
2500,1
2501,0
2502,1
2503,0
2504,1
2505,0
2506,0
2507,0
2508,1
2509,1
2510,1
2511,1
2512,0
2513,0
2514,0
2515,1
2516,0
2517,0
2518,0
2519,0
2520,1
2521,1
2522,0
2523,1
2524,1
2525,1
2526,0
2527,0
2528,1
2529,0
2530,0
2531,0
2532,1
2533,1
2534,1
2535,0
2536,0
2537,1
2538,1
2539,0
2540,1
2541,0
2542,1
2543,1
2544,0
2545,0
2546,0
2547,1
2548,1
2549,1
2550,0
2551,0
2552,0
2553,1
2554,1
2555,0
2556,1
2557,1
2558,0
2559,0
2560,1
2561,0
2562,1
2563,1
2564,0
2565,1
2566,1
2567,1
2568,0
2569,0
2570,1
2571,1
2572,1
2573,0
2574,0
2575,1
2576,0
2577,0
2578,0
2579,1
2580,0
2581,1
2582,0
2583,0
2584,1
2585,0
2586,0
2587,0
2588,1
2589,1
2590,1
2591,1
2592,1
2593,0
2594,0
2595,1
2596,1
2597,0
2598,1
2599,0
2600,1
2601,1
2602,1
2603,1
2604,1
2605,1
2606,0
2607,1
2608,0
2609,1
2610,1
2611,1
2612,1
2613,1
2614,1
2615,0
2616,1
2617,1
2618,1
2619,1
2620,0
2621,0
2622,1
2623,0
2624,0
2625,0
2626,1
2627,1
2628,0
2629,1
2630,0
2631,1
2632,1
2633,1
2634,1
2635,1
2636,1
2637,0
2638,1
2639,0
2640,1
2641,1
2642,0
2643,0
2644,1
2645,1
2646,1
2647,0
2648,0
2649,1
2650,0
2651,1
2652,1
2653,1
2654,0
2655,0
2656,1
2657,1
2658,1
2659,1
2660,1
2661,1
2662,1
2663,0
2664,1
2665,0
2666,0
2667,1
2668,1
2669,0
2670,0
2671,1
2672,1
2673,0
2674,1
2675,0
2676,1
2677,0
2678,1
2679,0
2680,0
2681,0
2682,0
2683,0
2684,0
2685,1
2686,0
2687,1
2688,1
2689,0
2690,1
2691,1
2692,1
2693,0
2694,0
2695,1
2696,0
2697,0
2698,1
2699,1
2700,0
2701,0
2702,0
2703,1
2704,1
2705,1
2706,1
2707,0
2708,1
2709,1
2710,1
2711,0
2712,1
2713,1
2714,1
2715,0
2716,0
2717,1
2718,1
2719,1
2720,1
2721,1
2722,1
2723,1
2724,1
2725,1
2726,1
2727,1
2728,1
2729,0
2730,1
2731,1
2732,1
2733,0
2734,1
2735,0
2736,0
2737,1
2738,0
2739,1
2740,1
2741,1
2742,1
2743,1
2744,1
2745,1
2746,0
2747,1
2748,1
2749,0
2750,1
2751,1
2752,0
2753,0
2754,0
2755,1
2756,1
2757,1
2758,0
2759,1
2760,0
2761,0
2762,0
2763,1
2764,0
2765,0
2766,1
2767,1
2768,1
2769,1
2770,0
2771,0
2772,1
2773,1
2774,1
2775,1
2776,0
2777,1
2778,1
2779,0
2780,1
2781,1
2782,1
2783,0
2784,0
2785,1
2786,1
2787,0
2788,1
2789,1
2790,1
2791,0
2792,0
2793,1
2794,0
2795,1
2796,0
2797,1
2798,0
2799,1
2800,1
2801,1
2802,0
2803,1
2804,0
2805,1
2806,1
2807,0
2808,0
2809,0
2810,1
2811,0
2812,0
2813,1
2814,1
2815,1
2816,0
2817,0
2818,1
2819,1
2820,1
2821,0
2822,1
2823,1
2824,1
2825,0
2826,1
2827,1
2828,0
2829,1
2830,0
2831,0
2832,1
2833,0
2834,0
2835,1
2836,1
2837,1
2838,0
2839,0
2840,0
2841,1
2842,1
2843,1
2844,0
2845,1
2846,1
2847,1
2848,0
2849,1
2850,1
2851,1
2852,1
2853,0
2854,1
2855,1
2856,1
2857,1
2858,1
2859,0
2860,1
2861,0
2862,0
2863,1
2864,1
2865,1
2866,1
2867,1
2868,1
2869,1
2870,0
2871,1
2872,0
2873,0
2874,0
2875,0
2876,1
2877,1
2878,1
2879,1
2880,0
2881,0
2882,1
2883,0
2884,0
2885,0
2886,1
2887,0
2888,0
2889,1
2890,1
2891,0
2892,0
2893,0
2894,0
2895,1
2896,0
2897,1
2898,0
2899,0
2900,1
2901,0
2902,1
2903,1
2904,1
2905,0
2906,1
2907,1
2908,1
2909,1
2910,1
2911,0
2912,1
2913,0
2914,1
2915,1
2916,1
2917,1
2918,0
2919,1
2920,0
2921,1
2922,1
2923,0
2924,1
2925,0
2926,0
2927,1
2928,1
2929,0
2930,0
2931,0
2932,1
2933,1
2934,1
2935,0
2936,0
2937,1
2938,0
2939,0
2940,1
2941,1
2942,0
2943,0
2944,0
2945,1
2946,0
2947,0
2948,0
2949,1
2950,0
2951,1
2952,1
2953,0
2954,1
2955,0
2956,0
2957,1
2958,0
2959,1
2960,1
2961,1
2962,1
2963,0
2964,1
2965,1
2966,0
2967,0
2968,0
2969,1
2970,1
2971,0
2972,1
2973,0
2974,0
2975,0
2976,0
2977,1
2978,1
2979,1
2980,1
2981,0
2982,0
2983,0
2984,1
2985,1
2986,0
2987,0
2988,0
2989,0
2990,1
2991,1
2992,0
2993,1
2994,1
2995,1
2996,1
2997,1
2998,0
2999,0
3000,0
3001,0
3002,0
3003,1
3004,1
3005,0
3006,1
3007,0
3008,1
3009,1
3010,1
3011,0
3012,1
3013,0
3014,1
3015,0
3016,1
3017,0
3018,1
3019,1
3020,1
3021,1
3022,1
3023,1
3024,0
3025,1
3026,1
3027,0
3028,1
3029,1
3030,0
3031,1
3032,1
3033,1
3034,0
3035,1
3036,0
3037,1
3038,1
3039,1
3040,1
3041,1
3042,1
3043,1
3044,0
3045,1
3046,1
3047,0
3048,1
3049,1
3050,0
3051,0
3052,1
3053,1
3054,1
3055,1
3056,0
3057,0
3058,0
3059,1
3060,0
3061,1
3062,1
3063,0
3064,0
3065,1
3066,1
3067,1
3068,1
3069,1
3070,1
3071,1
3072,1
3073,0
3074,1
3075,0
3076,1
3077,0
3078,1
3079,1
3080,1
3081,0
3082,1
3083,1
3084,1
3085,1
3086,1
3087,1
3088,0
3089,1
3090,1
3091,0
3092,1
3093,0
3094,1
3095,1
3096,0
3097,1
3098,1
3099,0
3100,0
3101,1
3102,0
3103,0
3104,1
3105,1
3106,1
3107,0
3108,0
3109,1
3110,1
3111,1
3112,1
3113,0
3114,1
3115,1
3116,1
3117,0
3118,1
3119,1
3120,1
3121,0
3122,1
3123,1
3124,0
3125,0
3126,1
3127,1
3128,1
3129,1
3130,1
3131,0
3132,1
3133,1
3134,1
3135,0
3136,1
3137,1
3138,1
3139,1
3140,0
3141,1
3142,0
3143,1
3144,1
3145,1
3146,1
3147,1
3148,1
3149,0
3150,1
3151,1
3152,1
3153,0
3154,0
3155,0
3156,1
3157,1
3158,1
3159,0
3160,0
3161,1
3162,1
3163,1
3164,1
3165,1
3166,0
3167,1
3168,1
3169,0
3170,1
3171,1
3172,1
3173,0
3174,1
3175,1
3176,0
3177,1
3178,0
3179,1
3180,0
3181,1
3182,1
3183,0
3184,0
3185,0
3186,1
3187,0
3188,1
3189,1
3190,1
3191,0
3192,0
3193,1
3194,0
3195,0
3196,1
3197,1
3198,1
3199,0
3200,1
3201,1
3202,0
3203,0
3204,0
3205,0
3206,1
3207,1
3208,1
3209,1
3210,1
3211,1
3212,1
3213,1
3214,1
3215,1
3216,0
3217,1
3218,1
3219,0
3220,1
3221,1
3222,1
3223,1
3224,0
3225,0
3226,1
3227,1
3228,0
3229,0
3230,1
3231,1
3232,1
3233,0
3234,1
3235,1
3236,0
3237,1
3238,1
3239,0
3240,1
3241,1
3242,1
3243,1
3244,0
3245,1
3246,0
3247,1
3248,1
3249,1
3250,1
3251,1
3252,0
3253,1
3254,1
3255,1
3256,1
3257,0
3258,0
3259,0
3260,1
3261,0
3262,1
3263,0
3264,1
3265,0
3266,0
3267,0
3268,1
3269,0
3270,1
3271,1
3272,0
3273,1
3274,0
3275,1
3276,1
3277,1
3278,1
3279,1
3280,1
3281,1
3282,1
3283,1
3284,1
3285,1
3286,0
3287,0
3288,1
3289,0
3290,1
3291,1
3292,1
3293,1
3294,1
3295,1
3296,0
3297,1
3298,0
3299,0
3300,0
3301,0
3302,0
3303,0
3304,1
3305,0
3306,0
3307,0
3308,1
3309,0
3310,0
3311,1
3312,0
3313,1
3314,1
3315,1
3316,1
3317,0
3318,1
3319,0
3320,0
3321,0
3322,0
3323,1
3324,1
3325,1
3326,1
3327,1
3328,0
3329,0
3330,1
3331,1
3332,0
3333,1
3334,1
3335,1
3336,1
3337,0
3338,0
3339,1
3340,0
3341,0
3342,1
3343,0
3344,1
3345,0
3346,1
3347,0
3348,0
3349,0
3350,1
3351,1
3352,1
3353,0
3354,0
3355,0
3356,1
3357,1
3358,0
3359,1
3360,1
3361,1
3362,0
3363,1
3364,1
3365,0
3366,1
3367,0
3368,0
3369,0
3370,1
3371,1
3372,1
3373,1
3374,0
3375,1
3376,1
3377,0
3378,0
3379,1
3380,0
3381,1
3382,0
3383,1
3384,1
3385,0
3386,0
3387,1
3388,0
3389,1
3390,1
3391,0
3392,0
3393,1
3394,1
3395,1
3396,1
3397,0
3398,0
3399,0
3400,0
3401,1
3402,1
3403,1
3404,1
3405,1
3406,0
3407,1
3408,0
3409,0
3410,1
3411,1
3412,0
3413,1
3414,1
3415,1
3416,1
3417,0
3418,1
3419,0
3420,0
3421,0
3422,1
3423,0
3424,1
3425,1
3426,1
3427,0
3428,1
3429,0
3430,1
3431,1
3432,1
3433,0
3434,1
3435,1
3436,0
3437,1
3438,0
3439,0
3440,0
3441,1
3442,0
3443,0
3444,0
3445,1
3446,1
3447,0
3448,1
3449,0
3450,1
3451,1
3452,1
3453,0
3454,0
3455,1
3456,0
3457,0
3458,1
3459,0
3460,1
3461,1
3462,0
3463,0
3464,1
3465,0
3466,1
3467,0
3468,0
3469,1
3470,0
3471,0
3472,1
3473,0
3474,0
3475,1
3476,1
3477,1
3478,1
3479,1
3480,0
3481,0
3482,0
3483,1
3484,1
3485,0
3486,1
3487,1
3488,0
3489,0
3490,1
3491,0
3492,1
3493,0
3494,0
3495,0
3496,0
3497,1
3498,1
3499,0
3500,0
3501,1
3502,0
3503,0
3504,0
3505,1
3506,1
3507,0
3508,0
3509,1
3510,1
3511,1
3512,1
3513,0
3514,0
3515,1
3516,0
3517,1
3518,1
3519,0
3520,1
3521,0
3522,1
3523,1
3524,1
3525,1
3526,0
3527,1
3528,0
3529,1
3530,0
3531,1
3532,1
3533,0
3534,1
3535,1
3536,1
3537,1
3538,0
3539,1
3540,0
3541,1
3542,0
3543,1
3544,1
3545,1
3546,0
3547,1
3548,1
3549,1
3550,0
3551,0
3552,1
3553,1
3554,0
3555,0
3556,1
3557,1
3558,0
3559,1
3560,0
3561,1
3562,1
3563,1
3564,1
3565,1
3566,0
3567,1
3568,1
3569,1
3570,0
3571,1
3572,1
3573,1
3574,1
3575,1
3576,0
3577,1
3578,1
3579,0
3580,1
3581,0
3582,1
3583,1
3584,1
3585,1
3586,0
3587,1
3588,1
3589,0
3590,1
3591,1
3592,1
3593,0
3594,0
3595,1
3596,1
3597,0
3598,1
3599,1
3600,0
3601,1
3602,0
3603,1
3604,1
3605,1
3606,0
3607,1
3608,1
3609,1
3610,1
3611,0
3612,0
3613,1
3614,1
3615,0
3616,0
3617,0
3618,1
3619,1
3620,0
3621,0
3622,0
3623,0
3624,1
3625,0
3626,1
3627,0
3628,0
3629,1
3630,0
3631,1
3632,0
3633,0
3634,1
3635,1
3636,0
3637,1
3638,1
3639,0
3640,1
3641,0
3642,1
3643,0
3644,1
3645,0
3646,0
3647,1
3648,1
3649,0
3650,0
3651,0
3652,1
3653,0
3654,0
3655,1
3656,0
3657,1
3658,1
3659,0
3660,1
3661,1
3662,1
3663,0
3664,1
3665,0
3666,1
3667,1
3668,0
3669,0
3670,0
3671,0
3672,0
3673,1
3674,1
3675,1
3676,0
3677,0
3678,1
3679,1
3680,1
3681,0
3682,0
3683,1
3684,1
3685,1
3686,1
3687,1
3688,1
3689,1
3690,1
3691,0
3692,0
3693,0
3694,1
3695,1
3696,1
3697,0
3698,1
3699,1
3700,1
3701,1
3702,0
3703,1
3704,0
3705,1
3706,0
3707,0
3708,1
3709,1
3710,0
3711,0
3712,0
3713,0
3714,0
3715,1
3716,1
3717,0
3718,0
3719,1
3720,1
3721,0
3722,1
3723,1
3724,1
3725,1
3726,0
3727,1
3728,0
3729,1
3730,1
3731,1
3732,0
3733,0
3734,1
3735,0
3736,1
3737,0
3738,1
3739,1
3740,0
3741,1
3742,0
3743,0
3744,1
3745,1
3746,0
3747,1
3748,0
3749,1
3750,1
3751,0
3752,1
3753,1
3754,1
3755,0
3756,0
3757,0
3758,1
3759,0
3760,0
3761,0
3762,1
3763,1
3764,1
3765,1
3766,1
3767,0
3768,1
3769,0
3770,0
3771,0
3772,0
3773,0
3774,0
3775,0
3776,1
3777,0
3778,0
3779,0
3780,0
3781,1
3782,0
3783,0
3784,1
3785,0
3786,0
3787,1
3788,1
3789,0
3790,0
3791,0
3792,1
3793,0
3794,0
3795,1
3796,0
3797,1
3798,0
3799,1
3800,1
3801,1
3802,1
3803,0
3804,1
3805,1
3806,1
3807,1
3808,1
3809,0
3810,1
3811,1
3812,0
3813,1
3814,0
3815,1
3816,1
3817,1
3818,0
3819,0
3820,1
3821,0
3822,1
3823,1
3824,0
3825,0
3826,1
3827,1
3828,1
3829,0
3830,0
3831,0
3832,1
3833,0
3834,0
3835,0
3836,1
3837,1
3838,1
3839,0
3840,0
3841,1
3842,1
3843,1
3844,0
3845,1
3846,1
3847,0
3848,1
3849,1
3850,1
3851,1
3852,1
3853,1
3854,0
3855,1
3856,0
3857,1
3858,0
3859,0
3860,0
3861,0
3862,1
3863,0
3864,1
3865,0
3866,1
3867,1
3868,1
3869,1
3870,1
3871,0
3872,1
3873,1
3874,1
3875,1
3876,1
3877,1
3878,1
3879,0
3880,0
3881,1
3882,1
3883,0
3884,1
3885,1
3886,0
3887,1
3888,1
3889,0
3890,0
3891,1
3892,1
3893,1
3894,0
3895,1
3896,0
3897,1
3898,1
3899,1
3900,1
3901,1
3902,0
3903,1
3904,1
3905,1
3906,1
3907,1
3908,0
3909,1
3910,0
3911,1
3912,0
3913,1
3914,0
3915,1
3916,1
3917,1
3918,0
3919,0
3920,0
3921,0
3922,1
3923,1
3924,1
3925,0
3926,1
3927,1
3928,1
3929,0
3930,0
3931,0
3932,0
3933,0
3934,0
3935,1
3936,0
3937,0
3938,1
3939,0
3940,1
3941,1
3942,0
3943,0
3944,1
3945,0
3946,1
3947,0
3948,0
3949,1
3950,1
3951,1
3952,1
3953,1
3954,0
3955,1
3956,1
3957,1
3958,1
3959,0
3960,1
3961,1
3962,0
3963,1
3964,1
3965,1
3966,0
3967,1
3968,1
3969,1
3970,1
3971,0
3972,0
3973,0
3974,1
3975,1
3976,1
3977,0
3978,1
3979,0
3980,1
3981,0
3982,1
3983,1
3984,0
3985,0
3986,0
3987,1
3988,0
3989,0
3990,1
3991,0
3992,0
3993,1
3994,1
3995,1
3996,0
3997,1
3998,1
3999,1
4000,1
4001,0
4002,0
4003,0
4004,0
4005,1
4006,0
4007,1
4008,0
4009,0
4010,1
4011,0
4012,0
4013,0
4014,1
4015,0
4016,0
4017,0
4018,0
4019,0
4020,0
4021,1
4022,1
4023,0
4024,1
4025,1
4026,0
4027,0
4028,1
4029,0
4030,0
4031,1
4032,1
4033,1
4034,0
4035,0
4036,1
4037,0
4038,1
4039,1
4040,1
4041,0
4042,0
4043,1
4044,1
4045,1
4046,1
4047,1
4048,0
4049,1
4050,0
4051,1
4052,1
4053,1
4054,0
4055,1
4056,1
4057,1
4058,1
4059,1
4060,0
4061,1
4062,1
4063,0
4064,1
4065,0
4066,0
4067,1
4068,1
4069,1
4070,1
4071,0
4072,1
4073,1
4074,1
4075,1
4076,0
4077,0
4078,1
4079,1
4080,1
4081,1
4082,0
4083,1
4084,1
4085,0
4086,1
4087,1
4088,0
4089,1
4090,1
4091,1
4092,0
4093,0
4094,1
4095,1
4096,1
4097,1
4098,1
4099,1
4100,1
4101,1
4102,0
4103,1
4104,1
4105,0
4106,1
4107,0
4108,0
4109,1
4110,1
4111,1
4112,1
4113,1
4114,1
4115,1
4116,1
4117,1
4118,0
4119,1
4120,1
4121,0
4122,0
4123,1
4124,1
4125,1
4126,1
4127,1
4128,1
4129,1
4130,1
4131,1
4132,1
4133,1
4134,0
4135,0
4136,0
4137,0
4138,1
4139,1
4140,0
4141,1
4142,0
4143,0
4144,1
4145,0
4146,1
4147,1
4148,1
4149,0
4150,1
4151,0
4152,0
4153,0
4154,0
4155,1
4156,0
4157,1
4158,1
4159,1
4160,0
4161,0
4162,0
4163,0
4164,1
4165,1
4166,1
4167,0
4168,0
4169,0
4170,1
4171,0
4172,0
4173,1
4174,1
4175,1
4176,0
4177,0
4178,1
4179,1
4180,0
4181,1
4182,1
4183,1
4184,0
4185,1
4186,1
4187,1
4188,1
4189,0
4190,0
4191,0
4192,0
4193,1
4194,0
4195,0
4196,1
4197,1
4198,0
4199,1
4200,1
4201,0
4202,0
4203,1
4204,0
4205,0
4206,1
4207,0
4208,1
4209,1
4210,1
4211,1
4212,0
4213,0
4214,1
4215,0
4216,1
4217,1
4218,0
4219,1
4220,1
4221,1
4222,1
4223,0
4224,1
4225,0
4226,0
4227,0
4228,0
4229,0
4230,1
4231,0
4232,0
4233,1
4234,0
4235,1
4236,0
4237,1
4238,0
4239,0
4240,1
4241,0
4242,0
4243,1
4244,0
4245,0
4246,1
4247,1
4248,1
4249,1
4250,1
4251,0
4252,1
4253,1
4254,1
4255,1
4256,0
4257,1
4258,1
4259,0
4260,1
4261,1
4262,1
4263,1
4264,1
4265,1
4266,1
4267,1
4268,0
4269,1
4270,1
4271,1
4272,0
4273,1
4274,0
4275,1
4276,0
4277,1
4278,0
4279,0
4280,0
4281,0
4282,0
4283,1
4284,1
4285,0
4286,1
4287,1
4288,1
4289,1
4290,1
4291,1
4292,1
4293,0
4294,1
4295,1
4296,0
4297,1
4298,1
4299,1
4300,0
4301,1
4302,1
4303,1
4304,0
4305,0
4306,1
4307,1
4308,0
4309,0
4310,1
4311,0
4312,1
4313,1
4314,0
4315,1
4316,1
4317,1
4318,1
4319,0
4320,0
4321,0
4322,0
4323,1
4324,1
4325,1
4326,1
4327,1
4328,1
4329,0
4330,0
4331,1
4332,1
4333,1
4334,1
4335,1
4336,0
4337,1
4338,1
4339,1
4340,0
4341,1
4342,1
4343,1
4344,1
4345,0
4346,1
4347,0
4348,1
4349,0
4350,1
4351,1
4352,0
4353,0
4354,1
4355,0
4356,1
4357,0
4358,1
4359,1
4360,0
4361,0
4362,0
4363,0
4364,1
4365,0
4366,1
4367,0
4368,0
4369,0
4370,1
4371,0
4372,0
4373,0
4374,1
4375,1
4376,1
4377,1
4378,0
4379,1
4380,0
4381,1
4382,1
4383,0
4384,1
4385,0
4386,1
4387,1
4388,1
4389,1
4390,0
4391,0
4392,0
4393,0
4394,1
4395,1
4396,1
4397,1
4398,0
4399,1
4400,1
4401,1
4402,0
4403,0
4404,0
4405,1
4406,0
4407,1
4408,1
4409,1
4410,1
4411,0
4412,0
4413,0
4414,1
4415,0
4416,1
4417,1
4418,1
4419,1
4420,1
4421,1
4422,0
4423,0
4424,1
4425,1
4426,0
4427,1
4428,1
4429,0
4430,1
4431,1
4432,1
4433,1
4434,1
4435,1
4436,0
4437,1
4438,0
4439,0
4440,1
4441,1
4442,0
4443,1
4444,1
4445,1
4446,1
4447,1
4448,0
4449,0
4450,1
4451,0
4452,1
4453,0
4454,1
4455,0
4456,1
4457,1
4458,1
4459,0
4460,0
4461,1
4462,1
4463,0
4464,0
4465,1
4466,0
4467,1
4468,0
4469,1
4470,1
4471,0
4472,1
4473,1
4474,1
4475,1
4476,1
4477,1
4478,1
4479,1
4480,0
4481,1
4482,0
4483,1
4484,1
4485,1
4486,0
4487,1
4488,1
4489,0
4490,0
4491,1
4492,1
4493,1
4494,1
4495,1
4496,0
4497,0
4498,0
4499,1
4500,1
4501,1
4502,1
4503,0
4504,0
4505,0
4506,1
4507,0
4508,0
4509,1
4510,1
4511,1
4512,0
4513,1
4514,0
4515,1
4516,1
4517,0
4518,1
4519,0
4520,1
4521,0
4522,1
4523,1
4524,1
4525,0
4526,0
4527,1
4528,1
4529,1
4530,0
4531,0
4532,1
4533,1
4534,0
4535,0
4536,0
4537,0
4538,1
4539,1
4540,1
4541,1
4542,1
4543,1
4544,1
4545,1
4546,0
4547,0
4548,0
4549,1
4550,1
4551,0
4552,0
4553,1
4554,1
4555,1
4556,1
4557,0
4558,1
4559,0
4560,0
4561,1
4562,1
4563,0
4564,0
4565,1
4566,1
4567,0
4568,0
4569,0
4570,0
4571,0
4572,1
4573,1
4574,0
4575,0
4576,1
4577,0
4578,1
4579,1
4580,0
4581,0
4582,1
4583,0
4584,1
4585,1
4586,1
4587,0
4588,0
4589,1
4590,0
4591,0
4592,1
4593,1
4594,1
4595,1
4596,0
4597,1
4598,0
4599,0
4600,0
4601,0
4602,1
4603,0
4604,0
4605,1
4606,1
4607,0
4608,1
4609,1
4610,0
4611,0
4612,1
4613,1
4614,1
4615,1
4616,0
4617,1
4618,1
4619,1
4620,0
4621,0
4622,0
4623,1
4624,0
4625,0
4626,0
4627,1
4628,1
4629,1
4630,0
4631,1
4632,1
4633,1
4634,0
4635,1
4636,1
4637,1
4638,1
4639,0
4640,0
4641,1
4642,1
4643,0
4644,0
4645,0
4646,1
4647,1
4648,0
4649,0
4650,1
4651,1
4652,1
4653,0
4654,0
4655,0
4656,1
4657,1
4658,1
4659,1
4660,1
4661,1
4662,1
4663,0
4664,0
4665,1
4666,1
4667,1
4668,0
4669,1
4670,0
4671,1
4672,0
4673,1
4674,1
4675,0
4676,0
4677,1
4678,0
4679,1
4680,1
4681,1
4682,1
4683,0
4684,0
4685,1
4686,0
4687,1
4688,1
4689,1
4690,0
4691,1
4692,1
4693,1
4694,1
4695,0
4696,1
4697,0
4698,0
4699,1
4700,0
4701,1
4702,1
4703,1
4704,1
4705,0
4706,0
4707,1
4708,0
4709,1
4710,0
4711,1
4712,1
4713,0
4714,1
4715,1
4716,0
4717,0
4718,0
4719,1
4720,1
4721,0
4722,1
4723,0
4724,0
4725,1
4726,1
4727,1
4728,1
4729,1
4730,1
4731,1
4732,1
4733,0
4734,1
4735,1
4736,0
4737,0
4738,0
4739,1
4740,0
4741,0
4742,1
4743,0
4744,1
4745,0
4746,1
4747,1
4748,0
4749,1
4750,1
4751,1
4752,1
4753,0
4754,0
4755,1
4756,1
4757,1
4758,0
4759,1
4760,0
4761,1
4762,1
4763,0
4764,0
4765,1
4766,0
4767,1
4768,1
4769,0
4770,1
4771,0
4772,1
4773,0
4774,0
4775,0
4776,1
4777,1
4778,1
4779,0
4780,0
4781,0
4782,0
4783,0
4784,1
4785,1
4786,1
4787,0
4788,0
4789,0
4790,1
4791,0
4792,1
4793,0
4794,1
4795,0
4796,1
4797,0
4798,1
4799,0
4800,1
4801,1
4802,0
4803,1
4804,1
4805,1
4806,1
4807,0
4808,1
4809,1
4810,1
4811,0
4812,0
4813,0
4814,1
4815,1
4816,0
4817,0
4818,0
4819,0
4820,1
4821,0
4822,1
4823,1
4824,0
4825,0
4826,0
4827,0
4828,0
4829,1
4830,0
4831,1
4832,1
4833,1
4834,1
4835,0
4836,0
4837,1
4838,0
4839,0
4840,1
4841,0
4842,1
4843,1
4844,0
4845,0
4846,0
4847,0
4848,1
4849,0
4850,1
4851,0
4852,1
4853,0
4854,1
4855,1
4856,1
4857,1
4858,1
4859,1
4860,1
4861,1
4862,1
4863,0
4864,0
4865,1
4866,1
4867,0
4868,1
4869,1
4870,0
4871,1
4872,0
4873,0
4874,1
4875,1
4876,1
4877,1
4878,0
4879,1
4880,0
4881,1
4882,0
4883,1
4884,1
4885,0
4886,0
4887,0
4888,1
4889,0
4890,0
4891,1
4892,1
4893,0
4894,1
4895,0
4896,1
4897,0
4898,1
4899,0
4900,1
4901,1
4902,1
4903,1
4904,0
4905,0
4906,1
4907,0
4908,0
4909,0
4910,1
4911,1
4912,1
4913,1
4914,0
4915,0
4916,1
4917,1
4918,0
4919,1
4920,0
4921,1
4922,0
4923,1
4924,1
4925,0
4926,1
4927,0
4928,1
4929,1
4930,0
4931,0
4932,1
4933,1
4934,0
4935,1
4936,0
4937,0
4938,0
4939,1
4940,1
4941,1
4942,1
4943,1
4944,0
4945,1
4946,0
4947,0
4948,0
4949,1
4950,0
4951,0
4952,1
4953,0
4954,1
4955,1
4956,1
4957,1
4958,0
4959,1
4960,0
4961,1
4962,0
4963,1
4964,1
4965,1
4966,0
4967,1
4968,0
4969,0
4970,1
4971,1
4972,1
4973,1
4974,1
4975,1
4976,1
4977,0
4978,1
4979,0
4980,1
4981,1
4982,0
4983,1
4984,0
4985,0
4986,0
4987,1
4988,1
4989,1
4990,1
4991,0
4992,0
4993,0
4994,1
4995,1
4996,1
4997,0
4998,0
4999,0
5000,1
5001,1
5002,1
5003,1
5004,0
5005,1
5006,0
5007,0
5008,1
5009,0
5010,0
5011,1
5012,1
5013,0
5014,0
5015,1
5016,1
5017,1
5018,0
5019,1
5020,0
5021,1
5022,0
5023,1
5024,1
5025,1
5026,1
5027,0
5028,1
5029,1
5030,1
5031,1
5032,1
5033,1
5034,1
5035,0
5036,0
5037,0
5038,1
5039,0
5040,0
5041,0
5042,0
5043,1
5044,1
5045,1
5046,1
5047,1
5048,0
5049,1
5050,1
5051,1
5052,1
5053,0
5054,1
5055,0
5056,0
5057,1
5058,0
5059,1
5060,0
5061,1
5062,1
5063,0
5064,1
5065,1
5066,0
5067,0
5068,1
5069,1
5070,1
5071,0
5072,1
5073,1
5074,0
5075,0
5076,1
5077,0
5078,1
5079,0
5080,1
5081,0
5082,1
5083,0
5084,1
5085,0
5086,1
5087,0
5088,1
5089,1
5090,1
5091,1
5092,1
5093,1
5094,1
5095,1
5096,1
5097,0
5098,0
5099,0
5100,1
5101,1
5102,1
5103,1
5104,1
5105,1
5106,1
5107,1
5108,1
5109,0
5110,0
5111,0
5112,1
5113,1
5114,1
5115,0
5116,1
5117,0
5118,1
5119,1
5120,1
5121,1
5122,1
5123,0
5124,1
5125,0
5126,1
5127,0
5128,0
5129,0
5130,0
5131,1
5132,1
5133,0
5134,1
5135,0
5136,0
5137,1
5138,0
5139,1
5140,1
5141,1
5142,0
5143,0
5144,1
5145,1
5146,0
5147,0
5148,1
5149,0
5150,1
5151,0
5152,1
5153,1
5154,1
5155,0
5156,1
5157,0
5158,1
5159,1
5160,0
5161,0
5162,0
5163,1
5164,1
5165,1
5166,1
5167,1
5168,1
5169,1
5170,1
5171,1
5172,0
5173,0
5174,0
5175,0
5176,1
5177,0
5178,0
5179,0
5180,0
5181,1
5182,1
5183,1
5184,1
5185,1
5186,1
5187,1
5188,1
5189,1
5190,0
5191,0
5192,1
5193,1
5194,1
5195,0
5196,1
5197,1
5198,1
5199,1
5200,1
5201,0
5202,0
5203,0
5204,1
5205,1
5206,1
5207,1
5208,0
5209,1
5210,1
5211,0
5212,1
5213,0
5214,1
5215,1
5216,1
5217,1
5218,1
5219,0
5220,0
5221,0
5222,1
5223,0
5224,1
5225,0
5226,1
5227,1
5228,0
5229,1
5230,1
5231,1
5232,1
5233,1
5234,1
5235,0
5236,0
5237,1
5238,1
5239,0
5240,1
5241,1
5242,1
5243,0
5244,0
5245,1
5246,1
5247,1
5248,0
5249,0
5250,0
5251,1
5252,1
5253,0
5254,1
5255,1
5256,1
5257,1
5258,0
5259,0
5260,1
5261,1
5262,1
5263,0
5264,1
5265,1
5266,1
5267,1
5268,0
5269,0
5270,1
5271,1
5272,1
5273,0
5274,1
5275,0
5276,1
5277,1
5278,0
5279,1
5280,0
5281,0
5282,0
5283,1
5284,1
5285,1
5286,1
5287,1
5288,0
5289,1
5290,0
5291,0
5292,0
5293,1
5294,0
5295,1
5296,0
5297,0
5298,0
5299,0
5300,0
5301,1
5302,1
5303,0
5304,1
5305,0
5306,0
5307,1
5308,1
5309,0
5310,1
5311,1
5312,1
5313,1
5314,1
5315,0
5316,0
5317,1
5318,0
5319,1
5320,1
5321,1
5322,1
5323,0
5324,0
5325,1
5326,0
5327,0
5328,1
5329,0
5330,0
5331,0
5332,0
5333,0
5334,0
5335,1
5336,1
5337,0
5338,1
5339,0
5340,0
5341,1
5342,0
5343,1
5344,0
5345,1
5346,1
5347,1
5348,1
5349,1
5350,0
5351,0
5352,0
5353,0
5354,0
5355,1
5356,0
5357,1
5358,1
5359,0
5360,1
5361,0
5362,1
5363,1
5364,0
5365,1
5366,0
5367,0
5368,1
5369,0
5370,1
5371,0
5372,0
5373,1
5374,1
5375,1
5376,1
5377,1
5378,1
5379,1
5380,0
5381,0
5382,1
5383,1
5384,0
5385,1
5386,1
5387,1
5388,1
5389,1
5390,1
5391,1
5392,1
5393,0
5394,0
5395,0
5396,1
5397,1
5398,1
5399,1
5400,1
5401,1
5402,1
5403,0
5404,0
5405,1
5406,1
5407,0
5408,0
5409,1
5410,1
5411,0
5412,0
5413,0
5414,1
5415,0
5416,0
5417,1
5418,1
5419,1
5420,0
5421,1
5422,1
5423,1
5424,0
5425,1
5426,1
5427,1
5428,0
5429,1
5430,1
5431,0
5432,0
5433,0
5434,0
5435,0
5436,1
5437,0
5438,0
5439,1
5440,1
5441,1
5442,1
5443,1
5444,0
5445,0
5446,0
5447,0
5448,0
5449,1
5450,1
5451,1
5452,1
5453,1
5454,1
5455,0
5456,1
5457,0
5458,1
5459,1
5460,1
5461,0
5462,1
5463,0
5464,1
5465,0
5466,0
5467,0
5468,1
5469,1
5470,1
5471,0
5472,1
5473,1
5474,0
5475,0
5476,0
5477,0
5478,0
5479,1
5480,1
5481,1
5482,1
5483,1
5484,1
5485,0
5486,0
5487,1
5488,1
5489,1
5490,1
5491,0
5492,0
5493,1
5494,0
5495,0
5496,1
5497,0
5498,0
5499,1
5500,1
5501,1
5502,0
5503,0
5504,0
5505,0
5506,1
5507,1
5508,1
5509,1
5510,0
5511,0
5512,0
5513,1
5514,0
5515,1
5516,0
5517,1
5518,1
5519,0
5520,0
5521,0
5522,0
5523,0
5524,0
5525,0
5526,0
5527,0
5528,1
5529,0
5530,1
5531,0
5532,0
5533,1
5534,0
5535,1
5536,1
5537,0
5538,1
5539,1
5540,1
5541,1
5542,0
5543,0
5544,1
5545,0
5546,0
5547,0
5548,0
5549,0
5550,0
5551,0
5552,1
5553,1
5554,1
5555,1
5556,0
5557,0
5558,1
5559,0
5560,1
5561,1
5562,1
5563,1
5564,1
5565,1
5566,1
5567,0
5568,0
5569,1
5570,0
5571,0
5572,0
5573,0
5574,0
5575,0
5576,0
5577,1
5578,0
5579,1
5580,1
5581,1
5582,0
5583,1
5584,0
5585,1
5586,0
5587,1
5588,0
5589,0
5590,1
5591,0
5592,0
5593,0
5594,1
5595,0
5596,1
5597,1
5598,0
5599,1
5600,0
5601,0
5602,1
5603,0
5604,0
5605,1
5606,1
5607,1
5608,1
5609,0
5610,0
5611,0
5612,0
5613,1
5614,0
5615,1
5616,0
5617,1
5618,0
5619,1
5620,0
5621,1
5622,1
5623,1
5624,0
5625,1
5626,1
5627,0
5628,1
5629,0
5630,1
5631,1
5632,0
5633,1
5634,1
5635,1
5636,1
5637,0
5638,1
5639,0
5640,1
5641,1
5642,0
5643,1
5644,0
5645,1
5646,0
5647,1
5648,0
5649,1
5650,1
5651,1
5652,0
5653,1
5654,1
5655,0
5656,1
5657,1
5658,1
5659,1
5660,1
5661,1
5662,1
5663,1
5664,1
5665,1
5666,1
5667,1
5668,1
5669,1
5670,0
5671,1
5672,1
5673,1
5674,1
5675,1
5676,0
5677,0
5678,0
5679,1
5680,0
5681,1
5682,1
5683,1
5684,1
5685,1
5686,0
5687,1
5688,1
5689,1
5690,1
5691,1
5692,0
5693,0
5694,0
5695,1
5696,1
5697,1
5698,0
5699,1
5700,1
5701,0
5702,0
5703,1
5704,0
5705,1
5706,1
5707,1
5708,0
5709,0
5710,0
5711,0
5712,1
5713,1
5714,1
5715,1
5716,1
5717,1
5718,1
5719,0
5720,1
5721,0
5722,1
5723,0
5724,1
5725,1
5726,0
5727,1
5728,1
5729,1
5730,1
5731,0
5732,1
5733,1
5734,1
5735,1
5736,0
5737,1
5738,1
5739,1
5740,1
5741,1
5742,1
5743,1
5744,1
5745,0
5746,1
5747,0
5748,0
5749,1
5750,0
5751,1
5752,0
5753,1
5754,1
5755,0
5756,1
5757,0
5758,0
5759,1
5760,1
5761,1
5762,1
5763,0
5764,0
5765,0
5766,0
5767,0
5768,0
5769,0
5770,0
5771,1
5772,1
5773,1
5774,1
5775,0
5776,1
5777,1
5778,1
5779,0
5780,1
5781,1
5782,1
5783,1
5784,1
5785,1
5786,1
5787,1
5788,1
5789,0
5790,1
5791,1
5792,0
5793,1
5794,1
5795,0
5796,1
5797,1
5798,0
5799,1
5800,1
5801,1
5802,1
5803,1
5804,1
5805,0
5806,1
5807,0
5808,1
5809,0
5810,1
5811,1
5812,0
5813,1
5814,1
5815,0
5816,1
5817,0
5818,1
5819,1
5820,1
5821,1
5822,0
5823,1
5824,0
5825,0
5826,1
5827,0
5828,0
5829,0
5830,1
5831,1
5832,1
5833,1
5834,1
5835,0
5836,1
5837,0
5838,0
5839,0
5840,0
5841,1
5842,1
5843,1
5844,0
5845,1
5846,0
5847,1
5848,0
5849,1
5850,1
5851,0
5852,0
5853,0
5854,1
5855,1
5856,1
5857,1
5858,0
5859,0
5860,1
5861,1
5862,1
5863,1
5864,1
5865,0
5866,0
5867,1
5868,1
5869,1
5870,1
5871,1
5872,0
5873,0
5874,0
5875,0
5876,1
5877,0
5878,0
5879,0
5880,0
5881,0
5882,0
5883,0
5884,1
5885,1
5886,0
5887,0
5888,0
5889,1
5890,0
5891,1
5892,1
5893,1
5894,1
5895,0
5896,0
5897,1
5898,1
5899,1
5900,1
5901,0
5902,1
5903,1
5904,0
5905,1
5906,1
5907,1
5908,0
5909,0
5910,0
5911,0
5912,1
5913,0
5914,0
5915,1
5916,1
5917,0
5918,0
5919,1
5920,0
5921,1
5922,0
5923,1
5924,0
5925,1
5926,0
5927,1
5928,1
5929,0
5930,1
5931,0
5932,1
5933,0
5934,1
5935,1
5936,0
5937,0
5938,1
5939,1
5940,0
5941,1
5942,1
5943,0
5944,0
5945,0
5946,1
5947,0
5948,0
5949,1
5950,0
5951,0
5952,0
